# unix_time, cycles_done, cur_path, paths_total, pending_total, pending_favs, map_size, unique_crashes, unique_hangs, max_depth, execs_per_sec
1639552850, 0, 0, 1, 1, 1, 0.12%, 0, 0, 1, 615.38
1639552855, 0, 0, 75, 75, 1, 0.45%, 3, 0, 2, 1234.74
1639552860, 0, 21, 98, 91, 37, 0.48%, 3, 0, 3, 1336.28
1639552865, 0, 24, 116, 108, 37, 0.50%, 6, 0, 3, 1370.59
1639552870, 0, 35, 125, 110, 33, 0.51%, 6, 0, 3, 1406.39
1639552875, 0, 41, 145, 127, 32, 0.53%, 6, 0, 3, 1396.16
1639552881, 0, 54, 162, 140, 30, 0.54%, 6, 0, 3, 1381.55
1639552886, 0, 78, 173, 141, 22, 0.54%, 6, 0, 3, 1402.64
1639552891, 0, 98, 174, 135, 15, 0.54%, 10, 0, 4, 1427.79
1639552896, 0, 123, 182, 137, 11, 0.54%, 10, 0, 4, 1416.28
1639552901, 0, 142, 189, 140, 8, 0.55%, 10, 0, 4, 1406.16
1639552906, 0, 164, 194, 142, 6, 0.56%, 11, 0, 4, 1417.09
1639552911, 0, 177, 197, 143, 9, 0.57%, 11, 0, 5, 1411.98
1639552916, 0, 182, 201, 145, 8, 0.57%, 11, 0, 5, 1419.55
1639552922, 0, 189, 204, 146, 6, 0.58%, 11, 0, 5, 1378.93
1639552927, 0, 191, 209, 149, 7, 0.58%, 11, 0, 5, 1431.29
1639552932, 0, 194, 223, 161, 12, 0.62%, 11, 0, 5, 1389.61
1639552937, 0, 209, 227, 161, 10, 0.63%, 11, 0, 6, 1423.94
1639552942, 0, 213, 231, 162, 7, 0.63%, 11, 0, 6, 1425.92
1639552947, 0, 217, 234, 161, 6, 0.63%, 11, 0, 6, 1433.81
1639552952, 0, 224, 246, 171, 4, 0.64%, 11, 0, 7, 1443.46
1639552957, 0, 232, 247, 168, 5, 0.64%, 11, 0, 7, 1452.28
1639552962, 0, 236, 251, 171, 4, 0.65%, 11, 0, 8, 1447.19
1639552967, 0, 240, 254, 172, 4, 0.65%, 12, 0, 8, 1416.89
1639552972, 0, 242, 258, 175, 3, 0.65%, 12, 0, 8, 1414.80
1639552977, 0, 249, 262, 177, 2, 0.65%, 12, 0, 9, 1444.21
1639552982, 0, 250, 265, 179, 2, 0.65%, 12, 0, 9, 1449.43
1639552987, 0, 262, 267, 180, 1, 0.65%, 12, 0, 10, 1441.32
1639552992, 0, 265, 268, 180, 0, 0.65%, 12, 0, 10, 1411.63
1639552997, 1, 8, 268, 179, 0, 0.65%, 12, 0, 10, 1382.18
1639553002, 1, 39, 268, 175, 0, 0.65%, 12, 0, 10, 1382.43
1639553008, 1, 55, 268, 173, 0, 0.65%, 12, 0, 10, 1422.36
1639553013, 1, 74, 269, 167, 0, 0.65%, 12, 0, 10, 1437.68
1639553018, 1, 93, 269, 166, 0, 0.65%, 12, 0, 10, 1433.55
1639553023, 1, 111, 269, 161, 0, 0.65%, 12, 0, 10, 1403.16
1639553028, 1, 129, 270, 158, 0, 0.65%, 12, 0, 10, 1413.53
1639553033, 1, 152, 272, 158, 0, 0.65%, 12, 0, 10, 1423.28
1639553038, 1, 173, 274, 155, 0, 0.65%, 12, 0, 10, 1413.57
1639553043, 1, 184, 275, 155, 0, 0.65%, 12, 0, 10, 1415.13
1639553048, 1, 200, 276, 153, 0, 0.65%, 12, 0, 10, 1413.89
1639553053, 1, 251, 279, 155, 1, 0.65%, 12, 0, 10, 1410.17
1639553058, 1, 276, 280, 155, 1, 0.65%, 12, 0, 10, 1410.09
1639553063, 2, 1, 283, 156, 0, 0.65%, 12, 0, 10, 1618.23
1639553068, 2, 284, 288, 157, 1, 0.66%, 12, 0, 10, 1812.75
1639553073, 2, 284, 289, 158, 1, 0.66%, 12, 0, 10, 1415.85
1639553079, 2, 288, 294, 161, 2, 0.67%, 12, 0, 10, 1401.71
1639553084, 2, 290, 295, 161, 1, 0.67%, 12, 0, 10, 1414.39
1639553089, 2, 290, 296, 162, 1, 0.67%, 12, 0, 10, 1420.09
1639553094, 2, 295, 300, 165, 1, 0.67%, 12, 0, 10, 1433.64
1639553099, 2, 298, 302, 166, 0, 0.67%, 12, 0, 10, 1438.21
1639553104, 2, 299, 303, 166, 0, 0.67%, 12, 0, 10, 1446.68
1639553109, 2, 303, 306, 168, 0, 0.67%, 12, 0, 10, 1429.78
1639553114, 3, 156, 307, 165, 1, 0.67%, 12, 0, 10, 1423.06
1639553119, 4, 10, 307, 162, 0, 0.67%, 12, 0, 10, 1426.87
1639553124, 5, 8, 308, 160, 0, 0.67%, 12, 0, 10, 1458.81
1639553130, 5, 41, 308, 156, 0, 0.67%, 12, 0, 10, 1440.79
1639553135, 5, 74, 308, 153, 0, 0.67%, 12, 0, 10, 1448.38
1639553140, 5, 89, 308, 150, 0, 0.67%, 12, 0, 10, 1430.63
1639553145, 5, 117, 308, 147, 0, 0.67%, 13, 0, 10, 1413.42
1639553150, 5, 133, 308, 145, 0, 0.67%, 13, 0, 10, 1427.61
