# unix_time, cycles_done, cur_path, paths_total, pending_total, pending_favs, map_size, unique_crashes, unique_hangs, max_depth, execs_per_sec
1639481812, 0, 0, 1188, 1188, 1, 0.01%, 0, 0, 1, 1459.68
1639481818, 0, 701, 1188, 1174, 0, 0.01%, 0, 0, 1, 1600.77
1639481823, 0, 893, 1188, 1163, 0, 0.01%, 0, 0, 1, 1585.68
1639481828, 0, 1171, 1188, 1152, 0, 0.01%, 0, 0, 1, 1609.43
1639481833, 1, 36, 1188, 1138, 0, 0.01%, 0, 0, 1, 1621.94
1639481838, 1, 105, 1188, 1126, 0, 0.01%, 0, 0, 1, 1616.45
1639481843, 1, 140, 1188, 1115, 0, 0.01%, 0, 0, 1, 1615.90
1639481848, 1, 171, 1188, 1103, 0, 0.01%, 0, 0, 1, 1637.95
1639481853, 1, 199, 1188, 1090, 0, 0.01%, 0, 0, 1, 1621.69
1639481858, 1, 241, 1188, 1078, 0, 0.01%, 0, 0, 1, 1636.62
1639481863, 1, 278, 1188, 1066, 0, 0.01%, 0, 0, 1, 1887.86
1639481868, 1, 323, 1188, 1056, 0, 0.01%, 0, 0, 1, 1681.86
1639481873, 1, 357, 1188, 1047, 0, 0.01%, 0, 0, 1, 1643.38
1639481878, 1, 404, 1188, 1036, 0, 0.01%, 0, 0, 1, 1631.76
1639481883, 1, 446, 1188, 1027, 0, 0.01%, 0, 0, 1, 1602.26
1639481889, 1, 491, 1188, 1015, 0, 0.01%, 0, 0, 1, 1619.94
1639481894, 1, 561, 1188, 1004, 0, 0.01%, 0, 0, 1, 1644.30
1639481899, 1, 604, 1188, 993, 0, 0.01%, 0, 0, 1, 1646.29
1639481904, 1, 681, 1188, 982, 0, 0.01%, 0, 0, 1, 1649.73
1639481909, 1, 718, 1188, 970, 0, 0.01%, 0, 0, 1, 1633.52
1639481914, 1, 768, 1188, 960, 0, 0.01%, 0, 0, 1, 1625.18
1639481919, 1, 806, 1188, 949, 0, 0.01%, 0, 0, 1, 1633.39
1639481924, 1, 852, 1188, 937, 0, 0.01%, 0, 0, 1, 1647.33
1639481929, 1, 903, 1188, 924, 0, 0.01%, 0, 0, 1, 1618.35
1639481934, 1, 949, 1188, 915, 0, 0.01%, 0, 0, 1, 1617.88
1639481940, 1, 990, 1188, 904, 0, 0.01%, 0, 0, 1, 1641.91
1639481945, 1, 1093, 1188, 893, 0, 0.01%, 0, 0, 1, 1649.26
1639481950, 1, 1144, 1188, 882, 0, 0.01%, 0, 0, 1, 1647.19
1639481955, 2, 25, 1188, 870, 0, 0.01%, 0, 0, 1, 1645.15
1639481960, 2, 85, 1188, 856, 0, 0.01%, 0, 0, 1, 1636.70
1639481965, 2, 137, 1188, 844, 0, 0.01%, 0, 0, 1, 1639.35
1639481970, 2, 191, 1188, 833, 0, 0.01%, 0, 0, 1, 1560.83
1639481975, 2, 246, 1188, 824, 0, 0.01%, 0, 0, 1, 1649.53
1639481980, 2, 295, 1188, 812, 0, 0.01%, 0, 0, 1, 1636.93
1639481985, 2, 359, 1188, 803, 0, 0.01%, 0, 0, 1, 1640.98
1639481991, 2, 386, 1188, 794, 0, 0.01%, 0, 0, 1, 1635.81
1639481996, 2, 460, 1188, 784, 0, 0.01%, 0, 0, 1, 1632.28
1639482001, 2, 538, 1188, 772, 0, 0.01%, 0, 0, 1, 1639.12
1639482006, 2, 581, 1188, 763, 0, 0.01%, 0, 0, 1, 1642.69
1639482011, 2, 626, 1188, 751, 0, 0.01%, 0, 0, 1, 1646.32
1639482016, 2, 667, 1188, 740, 0, 0.01%, 0, 0, 1, 1626.80
1639482021, 2, 726, 1188, 730, 0, 0.01%, 0, 0, 1, 1615.20
1639482026, 2, 758, 1188, 720, 0, 0.01%, 0, 0, 1, 1613.29
1639482031, 2, 790, 1188, 712, 0, 0.01%, 0, 0, 1, 1614.76
1639482037, 2, 853, 1188, 701, 0, 0.01%, 0, 0, 1, 1612.70
1639482042, 2, 888, 1188, 689, 0, 0.01%, 0, 0, 1, 1610.22
1639482047, 2, 945, 1188, 679, 0, 0.01%, 0, 0, 1, 1629.69
1639482052, 2, 1000, 1188, 668, 0, 0.01%, 0, 0, 1, 1639.49
1639482057, 2, 1049, 1188, 657, 0, 0.01%, 0, 0, 1, 1644.16
1639482062, 2, 1112, 1188, 646, 0, 0.01%, 0, 0, 1, 1651.11
1639482067, 2, 1152, 1188, 637, 0, 0.01%, 0, 0, 1, 1639.98
1639482072, 2, 1185, 1188, 627, 0, 0.01%, 0, 0, 1, 1623.95
1639482077, 3, 101, 1188, 617, 0, 0.01%, 0, 0, 1, 1638.29
1639482082, 3, 216, 1188, 606, 0, 0.01%, 0, 0, 1, 1632.81
1639482087, 3, 292, 1188, 597, 0, 0.01%, 0, 0, 1, 1630.24
1639482092, 3, 399, 1188, 586, 0, 0.01%, 0, 0, 1, 1639.93
1639482097, 3, 442, 1188, 577, 0, 0.01%, 0, 0, 1, 1654.50
1639482102, 3, 553, 1188, 567, 0, 0.01%, 0, 0, 1, 1643.69
