# unix_time, cycles_done, cur_path, paths_total, pending_total, pending_favs, map_size, unique_crashes, unique_hangs, max_depth, execs_per_sec
1639479069, 0, 0, 782, 782, 98, 0.90%, 0, 0, 1, 1068.67
1639479074, 0, 66, 782, 769, 86, 0.90%, 2, 0, 1, 1336.81
1639479080, 0, 153, 782, 759, 78, 0.90%, 6, 0, 1, 1369.01
1639479085, 0, 215, 782, 749, 69, 0.90%, 7, 0, 1, 1361.01
1639479090, 0, 284, 782, 740, 61, 0.90%, 8, 0, 1, 1378.99
1639479095, 0, 396, 782, 731, 53, 0.90%, 8, 0, 1, 1367.43
1639479100, 0, 481, 782, 723, 45, 0.90%, 8, 0, 1, 1364.70
1639479105, 0, 541, 782, 714, 37, 0.90%, 8, 0, 1, 1355.53
1639479110, 0, 568, 782, 709, 32, 0.90%, 8, 0, 1, 1367.61
1639479115, 0, 614, 782, 701, 24, 0.90%, 9, 0, 1, 1365.54
1639479120, 0, 702, 782, 687, 10, 0.90%, 9, 0, 1, 1389.86
1639479125, 0, 775, 782, 678, 2, 0.90%, 9, 0, 1, 1396.21
1639479130, 1, 28, 782, 670, 0, 0.90%, 9, 0, 1, 1381.32
1639479136, 1, 45, 782, 665, 0, 0.90%, 9, 0, 1, 1384.60
1639479141, 1, 75, 782, 658, 0, 0.90%, 9, 0, 1, 1378.20
1639479146, 1, 121, 782, 650, 0, 0.90%, 10, 0, 1, 1641.09
1639479151, 1, 153, 782, 645, 0, 0.90%, 10, 0, 1, 1367.38
1639479156, 1, 191, 782, 642, 0, 0.90%, 10, 0, 1, 1322.05
1639479161, 1, 215, 782, 636, 0, 0.90%, 11, 0, 1, 1358.21
1639479166, 1, 238, 783, 632, 0, 0.90%, 11, 0, 2, 1356.01
1639479171, 1, 282, 783, 625, 0, 0.90%, 11, 0, 2, 1371.87
1639479176, 1, 324, 783, 620, 0, 0.90%, 11, 0, 2, 1369.55
1639479182, 1, 353, 783, 614, 0, 0.90%, 11, 0, 2, 1362.38
1639479187, 1, 369, 783, 608, 0, 0.90%, 11, 0, 2, 1346.13
1639479192, 1, 388, 783, 604, 0, 0.90%, 11, 0, 2, 1378.53
1639479197, 1, 416, 783, 597, 0, 0.90%, 11, 0, 2, 1393.99
1639479202, 1, 454, 783, 591, 0, 0.90%, 11, 0, 2, 1376.07
1639479207, 1, 465, 783, 585, 0, 0.90%, 11, 0, 2, 1350.74
1639479212, 1, 495, 783, 580, 0, 0.90%, 11, 0, 2, 1379.28
1639479218, 1, 518, 783, 576, 0, 0.90%, 11, 0, 2, 1373.17
1639479223, 1, 541, 783, 572, 0, 0.90%, 12, 0, 2, 1374.29
1639479228, 1, 556, 783, 569, 0, 0.90%, 12, 0, 2, 1373.73
1639479233, 1, 577, 783, 565, 0, 0.90%, 12, 0, 2, 1380.12
1639479238, 1, 600, 783, 562, 0, 0.90%, 12, 0, 2, 1370.73
1639479243, 1, 637, 783, 557, 0, 0.90%, 12, 0, 2, 1393.39
1639479248, 1, 657, 783, 549, 0, 0.90%, 12, 0, 2, 1384.66
1639479253, 1, 676, 783, 546, 0, 0.90%, 12, 0, 2, 1373.17
1639479258, 1, 691, 783, 541, 0, 0.90%, 12, 0, 2, 1366.06
1639479263, 1, 708, 783, 535, 0, 0.90%, 12, 0, 2, 1361.79
1639479268, 1, 735, 783, 530, 0, 0.90%, 12, 0, 2, 1372.07
1639479273, 1, 778, 783, 523, 0, 0.90%, 12, 0, 2, 1389.11
1639479278, 2, 42, 783, 519, 0, 0.90%, 12, 0, 2, 1384.37
1639479283, 2, 72, 783, 515, 0, 0.90%, 12, 0, 2, 1360.48
1639479288, 2, 114, 783, 509, 0, 0.90%, 12, 0, 2, 1371.36
1639479294, 2, 143, 783, 504, 0, 0.90%, 12, 0, 2, 1382.94
1639479299, 2, 158, 783, 501, 0, 0.90%, 12, 0, 2, 1388.65
1639479304, 2, 190, 783, 496, 0, 0.90%, 12, 0, 2, 1398.41
1639479309, 2, 215, 783, 492, 0, 0.90%, 12, 0, 2, 1371.67
1639479314, 2, 252, 783, 484, 0, 0.90%, 12, 0, 2, 1379.92
1639479319, 2, 271, 783, 478, 0, 0.90%, 12, 0, 2, 1369.87
1639479325, 2, 303, 783, 472, 0, 0.90%, 12, 0, 2, 1388.42
1639479330, 2, 328, 783, 465, 0, 0.90%, 12, 0, 2, 1375.37
1639479335, 2, 358, 783, 459, 0, 0.90%, 12, 0, 2, 1382.62
1639479340, 2, 389, 783, 453, 0, 0.90%, 12, 0, 2, 1371.93
1639479345, 2, 426, 783, 448, 0, 0.90%, 12, 0, 2, 1378.75
1639479350, 2, 481, 783, 442, 0, 0.90%, 12, 0, 2, 1387.95
1639479355, 2, 506, 783, 438, 0, 0.90%, 12, 0, 2, 1370.03
1639479360, 2, 538, 784, 435, 0, 0.90%, 12, 0, 2, 1385.42
