# unix_time, cycles_done, cur_path, paths_total, pending_total, pending_favs, map_size, unique_crashes, unique_hangs, max_depth, execs_per_sec
1639487892, 0, 0, 1, 1, 1, 0.12%, 0, 0, 1, 2000.00
1639487897, 0, 0, 78, 78, 1, 0.41%, 1, 0, 2, 953.59
1639487902, 0, 6, 95, 93, 40, 0.43%, 4, 0, 2, 1123.97
1639487907, 0, 22, 119, 110, 35, 0.46%, 4, 0, 3, 1401.47
1639487912, 0, 59, 134, 110, 24, 0.48%, 7, 0, 3, 1838.75
1639487918, 0, 71, 152, 124, 27, 0.52%, 7, 0, 3, 1987.32
1639487923, 0, 89, 158, 121, 19, 0.52%, 7, 0, 3, 1527.03
1639487928, 0, 113, 166, 123, 17, 0.53%, 8, 0, 3, 1458.55
1639487933, 0, 136, 178, 131, 15, 0.55%, 9, 0, 4, 1432.30
1639487938, 0, 142, 186, 136, 17, 0.57%, 10, 0, 4, 1445.76
1639487943, 0, 164, 196, 144, 19, 0.58%, 10, 0, 4, 1451.73
1639487948, 0, 167, 206, 153, 18, 0.60%, 10, 0, 5, 1418.42
1639487953, 0, 174, 207, 151, 18, 0.60%, 11, 0, 5, 1432.09
1639487958, 0, 176, 209, 151, 16, 0.60%, 11, 0, 5, 1354.74
1639487963, 0, 178, 213, 154, 15, 0.60%, 11, 0, 5, 1434.39
1639487968, 0, 184, 213, 151, 15, 0.60%, 11, 0, 5, 1411.38
1639487973, 0, 187, 219, 155, 13, 0.61%, 11, 0, 5, 1443.60
1639487978, 0, 194, 228, 162, 12, 0.61%, 11, 0, 5, 1458.98
1639487984, 0, 204, 233, 164, 10, 0.62%, 12, 0, 6, 1442.54
1639487989, 0, 204, 235, 166, 10, 0.62%, 12, 0, 6, 1443.14
1639487994, 0, 222, 237, 163, 6, 0.62%, 12, 0, 6, 1439.23
1639487999, 0, 223, 241, 166, 5, 0.62%, 13, 0, 6, 1432.09
1639488004, 0, 231, 244, 167, 5, 0.63%, 13, 0, 7, 1428.33
1639488009, 0, 239, 246, 168, 4, 0.63%, 13, 0, 7, 1455.10
1639488014, 0, 248, 256, 175, 5, 0.65%, 13, 0, 7, 1439.78
1639488019, 0, 251, 262, 178, 2, 0.65%, 13, 0, 8, 1449.65
1639488024, 0, 266, 272, 187, 3, 0.66%, 13, 0, 9, 1452.77
1639488029, 0, 266, 273, 188, 3, 0.66%, 13, 0, 9, 1444.99
1639488034, 0, 269, 279, 193, 2, 0.66%, 13, 0, 9, 1470.85
1639488039, 0, 276, 284, 197, 3, 0.67%, 13, 0, 10, 1460.91
1639488044, 0, 285, 291, 202, 2, 0.67%, 13, 0, 11, 1467.04
1639488049, 0, 285, 293, 204, 2, 0.67%, 13, 0, 11, 1417.49
1639488054, 1, 24, 293, 200, 0, 0.67%, 13, 0, 11, 1454.77
1639488059, 1, 63, 294, 193, 0, 0.67%, 13, 0, 11, 1456.39
1639488064, 1, 86, 294, 189, 0, 0.67%, 13, 0, 11, 1460.76
1639488069, 1, 107, 295, 187, 0, 0.67%, 13, 0, 11, 1439.02
1639488075, 1, 129, 297, 185, 0, 0.67%, 13, 0, 11, 1428.61
1639488080, 1, 214, 300, 184, 1, 0.67%, 13, 0, 11, 1422.31
1639488085, 2, 6, 300, 180, 0, 0.67%, 13, 0, 11, 1456.33
1639488090, 2, 55, 300, 177, 0, 0.67%, 13, 0, 11, 1470.04
1639488095, 2, 84, 301, 176, 0, 0.67%, 13, 0, 11, 1454.63
1639488100, 2, 113, 301, 173, 0, 0.67%, 13, 0, 11, 1460.60
1639488105, 2, 136, 301, 169, 0, 0.67%, 13, 0, 11, 1452.21
1639488110, 2, 148, 301, 165, 0, 0.67%, 13, 0, 11, 1437.57
1639488115, 2, 166, 301, 161, 0, 0.67%, 13, 0, 11, 1452.24
1639488120, 2, 172, 301, 159, 0, 0.67%, 13, 0, 11, 1474.08
1639488125, 2, 177, 301, 157, 0, 0.67%, 13, 0, 11, 1460.06
1639488130, 2, 184, 302, 156, 0, 0.67%, 13, 0, 11, 1456.79
1639488135, 2, 191, 302, 156, 0, 0.67%, 14, 0, 11, 1447.65
1639488141, 2, 202, 302, 154, 0, 0.67%, 14, 0, 11, 1425.05
1639488146, 2, 209, 305, 155, 0, 0.67%, 14, 0, 11, 1445.75
1639488151, 2, 215, 305, 154, 0, 0.67%, 14, 0, 11, 1477.42
1639488156, 2, 227, 306, 152, 0, 0.67%, 14, 0, 11, 1462.72
1639488161, 2, 231, 309, 152, 0, 0.67%, 14, 0, 11, 1451.00
1639488166, 2, 241, 309, 151, 0, 0.67%, 14, 0, 11, 1451.28
1639488171, 2, 250, 309, 151, 0, 0.67%, 14, 0, 11, 1451.98
1639488176, 2, 266, 310, 150, 0, 0.67%, 14, 0, 11, 1462.93
1639488181, 2, 275, 311, 150, 0, 0.67%, 14, 0, 11, 1455.59
1639488186, 2, 285, 312, 149, 0, 0.67%, 14, 0, 11, 1439.91
1639488191, 2, 296, 312, 149, 0, 0.67%, 14, 0, 11, 1312.36
