# unix_time, cycles_done, cur_path, paths_total, pending_total, pending_favs, map_size, unique_crashes, unique_hangs, max_depth, execs_per_sec
1639478764, 0, 0, 765, 765, 80, 0.67%, 0, 0, 1, 1321.53
1639478769, 0, 74, 776, 769, 76, 0.68%, 5, 0, 2, 1411.10
1639478774, 0, 215, 777, 759, 66, 0.68%, 5, 0, 2, 1454.20
1639478779, 0, 318, 778, 751, 56, 0.68%, 6, 0, 2, 1434.14
1639478784, 0, 375, 778, 744, 51, 0.68%, 8, 0, 2, 1408.07
1639478789, 0, 510, 779, 733, 41, 0.68%, 8, 0, 2, 1432.94
1639478794, 0, 594, 779, 722, 31, 0.68%, 11, 0, 2, 1400.30
1639478799, 0, 663, 779, 712, 21, 0.68%, 12, 0, 2, 1456.82
1639478804, 0, 721, 780, 706, 14, 0.68%, 12, 0, 2, 1392.35
1639478809, 0, 776, 780, 694, 3, 0.68%, 13, 0, 2, 1416.68
1639478815, 1, 33, 780, 687, 0, 0.68%, 13, 0, 2, 1433.21
1639478820, 1, 69, 780, 680, 0, 0.68%, 13, 0, 2, 1428.06
1639478825, 1, 96, 780, 674, 0, 0.68%, 13, 0, 2, 1402.02
1639478830, 1, 120, 780, 666, 0, 0.68%, 13, 0, 2, 1406.93
1639478835, 1, 157, 781, 659, 0, 0.69%, 13, 0, 2, 1403.61
1639478840, 2, 2, 781, 651, 0, 0.69%, 13, 0, 2, 1414.07
1639478845, 2, 29, 781, 643, 0, 0.69%, 13, 0, 2, 1632.69
1639478850, 2, 50, 781, 638, 0, 0.69%, 13, 0, 2, 1425.31
1639478855, 2, 63, 781, 630, 0, 0.69%, 13, 0, 2, 1386.96
1639478860, 2, 85, 781, 624, 0, 0.69%, 14, 0, 2, 1399.30
1639478865, 2, 111, 782, 618, 0, 0.69%, 14, 0, 2, 1391.48
1639478870, 2, 155, 782, 613, 0, 0.69%, 14, 0, 2, 1405.09
1639478875, 2, 179, 783, 607, 0, 0.69%, 14, 0, 2, 1397.72
1639478881, 2, 217, 783, 601, 0, 0.69%, 14, 0, 2, 1407.44
1639478886, 2, 254, 785, 598, 0, 0.69%, 15, 0, 2, 1409.23
1639478891, 2, 291, 785, 591, 0, 0.69%, 15, 0, 2, 1403.70
1639478896, 2, 304, 785, 584, 0, 0.69%, 16, 0, 2, 1414.37
1639478901, 2, 321, 786, 581, 0, 0.69%, 16, 0, 2, 1296.81
1639478906, 2, 345, 788, 579, 0, 0.69%, 16, 0, 2, 1176.34
1639478911, 2, 376, 788, 574, 0, 0.69%, 16, 0, 2, 1386.79
1639478916, 2, 394, 788, 569, 0, 0.69%, 16, 0, 2, 1421.21
1639478921, 2, 419, 788, 561, 0, 0.69%, 16, 0, 2, 1445.56
1639478926, 2, 473, 788, 555, 0, 0.69%, 16, 0, 2, 1402.10
1639478932, 2, 508, 792, 552, 0, 0.69%, 16, 0, 2, 1403.07
1639478937, 2, 626, 793, 550, 1, 0.69%, 16, 0, 2, 1401.51
1639478942, 3, 22, 793, 543, 0, 0.69%, 16, 0, 2, 1412.14
1639478947, 3, 66, 793, 539, 0, 0.69%, 16, 0, 2, 1414.98
1639478952, 3, 111, 793, 533, 0, 0.69%, 16, 0, 2, 1398.24
1639478957, 3, 162, 793, 528, 0, 0.69%, 16, 0, 2, 1411.34
1639478962, 3, 196, 793, 521, 0, 0.69%, 16, 0, 2, 1411.96
1639478968, 3, 234, 793, 516, 0, 0.69%, 16, 0, 2, 1393.26
1639478973, 3, 275, 793, 509, 0, 0.69%, 16, 0, 2, 1375.01
1639478978, 3, 304, 793, 504, 0, 0.69%, 16, 0, 2, 1339.69
1639478983, 3, 343, 793, 500, 0, 0.69%, 16, 0, 2, 1383.67
1639478988, 3, 369, 793, 491, 0, 0.69%, 16, 0, 2, 1402.05
1639478993, 3, 410, 793, 489, 0, 0.69%, 16, 0, 2, 1401.14
1639478998, 3, 433, 793, 483, 0, 0.69%, 16, 0, 2, 1391.06
1639479003, 3, 479, 793, 476, 0, 0.69%, 16, 0, 2, 1409.79
1639479008, 3, 510, 793, 470, 0, 0.69%, 16, 0, 2, 1391.44
1639479013, 4, 0, 794, 468, 0, 0.72%, 16, 0, 2, 1419.36
1639479019, 4, 33, 794, 463, 0, 0.72%, 16, 0, 2, 1391.58
1639479024, 4, 74, 794, 459, 0, 0.72%, 16, 0, 2, 1388.67
1639479029, 4, 142, 794, 456, 0, 0.72%, 16, 0, 2, 1424.17
1639479034, 4, 203, 794, 452, 0, 0.72%, 16, 0, 2, 1404.02
1639479039, 4, 235, 794, 447, 0, 0.72%, 16, 0, 2, 1401.98
1639479044, 4, 271, 794, 441, 0, 0.72%, 16, 0, 2, 1418.59
1639479049, 4, 307, 794, 438, 0, 0.72%, 16, 0, 2, 1414.48
1639479055, 4, 336, 794, 432, 0, 0.72%, 16, 0, 2, 1411.55
