# unix_time, cycles_done, cur_path, paths_total, pending_total, pending_favs, map_size, unique_crashes, unique_hangs, max_depth, execs_per_sec
1639485479, 0, 0, 1, 1, 1, 0.12%, 0, 0, 1, 2000.00
1639485484, 0, 0, 58, 58, 1, 0.30%, 8, 0, 2, 1395.65
1639485489, 0, 10, 75, 71, 26, 0.34%, 10, 0, 3, 1251.46
1639485494, 0, 33, 84, 71, 18, 0.34%, 10, 0, 3, 1212.70
1639485499, 0, 44, 99, 79, 12, 0.35%, 13, 0, 3, 1201.02
1639485504, 0, 59, 109, 84, 10, 0.35%, 15, 0, 3, 1178.92
1639485509, 0, 79, 117, 87, 6, 0.35%, 15, 0, 4, 1210.22
1639485514, 0, 110, 120, 86, 2, 0.35%, 15, 0, 4, 1203.83
1639485519, 0, 115, 127, 92, 1, 0.36%, 15, 0, 5, 1187.87
1639485524, 0, 121, 135, 99, 3, 0.37%, 15, 0, 6, 1135.04
1639485529, 0, 121, 140, 104, 3, 0.38%, 15, 0, 6, 1106.62
1639485534, 0, 125, 148, 110, 8, 0.39%, 15, 0, 6, 1172.05
1639485539, 0, 129, 152, 113, 8, 0.39%, 15, 0, 7, 1173.10
1639485544, 0, 129, 157, 118, 8, 0.39%, 15, 0, 7, 1199.65
1639485550, 0, 133, 162, 122, 9, 0.42%, 15, 0, 7, 1109.19
1639485555, 0, 136, 165, 124, 12, 0.42%, 15, 0, 7, 1109.72
1639485560, 0, 145, 167, 123, 10, 0.42%, 15, 0, 7, 1161.35
1639485565, 0, 149, 170, 124, 8, 0.42%, 15, 0, 7, 1215.04
1639485570, 0, 149, 173, 127, 8, 0.42%, 15, 0, 7, 1173.72
1639485575, 0, 159, 176, 126, 5, 0.42%, 15, 0, 8, 1191.68
1639485580, 0, 167, 179, 126, 3, 0.42%, 15, 0, 8, 1149.10
1639485585, 0, 174, 181, 127, 2, 0.42%, 15, 0, 8, 1199.82
1639485590, 1, 11, 181, 125, 0, 0.42%, 16, 0, 8, 1168.29
1639485595, 1, 36, 181, 121, 0, 0.42%, 17, 0, 8, 1240.58
1639485600, 1, 45, 183, 120, 0, 0.42%, 17, 0, 8, 1218.18
1639485605, 1, 66, 187, 122, 0, 0.42%, 17, 0, 8, 1181.37
1639485610, 1, 79, 193, 124, 0, 0.42%, 17, 0, 8, 1209.29
1639485615, 1, 100, 193, 118, 0, 0.42%, 17, 0, 8, 1155.76
1639485620, 1, 118, 193, 115, 0, 0.42%, 17, 0, 8, 1205.21
1639485626, 1, 130, 193, 112, 0, 0.42%, 17, 0, 8, 1211.87
1639485631, 1, 142, 193, 111, 0, 0.42%, 17, 0, 8, 1167.23
1639485636, 1, 154, 194, 111, 0, 0.42%, 17, 0, 8, 1207.30
1639485641, 1, 194, 201, 118, 1, 0.45%, 17, 0, 9, 1133.86
1639485646, 1, 194, 207, 124, 1, 0.46%, 17, 0, 9, 1080.51
1639485651, 1, 196, 208, 124, 6, 0.46%, 17, 0, 9, 1136.08
1639485656, 1, 198, 210, 124, 5, 0.46%, 17, 0, 10, 1132.34
1639485661, 1, 199, 211, 124, 4, 0.46%, 17, 0, 10, 1145.27
1639485666, 1, 201, 214, 126, 3, 0.47%, 17, 0, 10, 1111.22
1639485671, 1, 201, 215, 127, 3, 0.47%, 17, 0, 10, 1067.22
1639485676, 1, 203, 222, 133, 4, 0.47%, 17, 0, 10, 1113.84
1639485681, 1, 209, 223, 133, 3, 0.47%, 17, 0, 11, 1155.89
1639485687, 1, 212, 227, 136, 3, 0.47%, 17, 0, 11, 1141.51
1639485692, 1, 212, 229, 138, 3, 0.48%, 17, 0, 11, 1166.07
1639485697, 1, 215, 231, 139, 3, 0.48%, 18, 0, 11, 1185.39
1639485702, 1, 222, 234, 141, 2, 0.48%, 18, 0, 11, 1169.14
1639485707, 1, 227, 235, 141, 1, 0.48%, 18, 0, 12, 1124.23
1639485717, 1, 228, 235, 140, 0, 0.48%, 18, 0, 12, 1124.14
1639485722, 1, 229, 240, 144, 0, 0.48%, 18, 0, 12, 1125.81
1639485727, 1, 229, 241, 145, 0, 0.48%, 18, 0, 12, 1122.16
1639485732, 1, 231, 242, 145, 0, 0.48%, 18, 0, 12, 1152.62
1639485737, 1, 235, 243, 145, 0, 0.48%, 18, 0, 13, 1116.25
1639485742, 1, 235, 245, 147, 0, 0.48%, 18, 0, 13, 1121.81
1639485747, 1, 238, 249, 150, 0, 0.48%, 18, 0, 13, 1164.84
1639485752, 1, 241, 249, 149, 0, 0.48%, 18, 0, 13, 770.77
1639485757, 1, 245, 251, 150, 0, 0.48%, 18, 0, 14, 1081.11
1639485763, 1, 247, 252, 150, 0, 0.48%, 18, 0, 14, 1616.10
1639485768, 1, 247, 253, 151, 0, 0.48%, 18, 0, 14, 1440.44
1639485773, 1, 250, 255, 152, 0, 0.48%, 18, 0, 15, 1236.44
