# unix_time, cycles_done, cur_path, paths_total, pending_total, pending_favs, map_size, unique_crashes, unique_hangs, max_depth, execs_per_sec
1639554293, 0, 0, 818, 818, 99, 0.96%, 0, 0, 1, 1241.98
1639554298, 0, 101, 818, 809, 90, 0.96%, 3, 0, 1, 1371.64
1639554304, 0, 172, 818, 800, 81, 0.96%, 5, 0, 1, 1425.09
1639554309, 0, 224, 818, 791, 72, 0.96%, 6, 0, 1, 1414.62
1639554314, 0, 287, 818, 781, 63, 0.96%, 7, 0, 1, 1431.04
1639554319, 0, 355, 818, 771, 54, 0.96%, 7, 0, 1, 1424.63
1639554324, 0, 434, 818, 761, 45, 0.96%, 7, 0, 1, 1426.80
1639554329, 0, 544, 818, 751, 35, 0.96%, 7, 0, 1, 1431.62
1639554334, 0, 598, 818, 742, 26, 0.96%, 7, 0, 1, 1437.97
1639554339, 0, 682, 818, 731, 15, 0.96%, 7, 0, 1, 1450.02
1639554344, 0, 776, 819, 720, 3, 0.96%, 7, 0, 2, 1444.31
1639554350, 1, 2, 819, 713, 0, 0.96%, 7, 0, 2, 1414.69
1639554355, 1, 23, 819, 707, 0, 0.96%, 7, 0, 2, 1432.24
1639554360, 1, 65, 820, 701, 0, 0.96%, 7, 0, 2, 1846.43
1639554365, 1, 86, 820, 693, 0, 0.96%, 7, 0, 2, 1582.02
1639554370, 1, 109, 820, 686, 0, 0.96%, 7, 0, 2, 1433.14
1639554375, 1, 141, 820, 681, 0, 0.96%, 7, 0, 2, 1414.28
1639554380, 1, 164, 820, 674, 0, 0.96%, 7, 0, 2, 1385.62
1639554385, 1, 203, 820, 669, 0, 0.96%, 7, 0, 2, 1404.10
1639554390, 1, 219, 820, 666, 0, 0.96%, 7, 0, 2, 1424.54
1639554395, 1, 243, 820, 662, 0, 0.96%, 7, 0, 2, 1439.88
1639554400, 1, 276, 820, 653, 0, 0.96%, 7, 0, 2, 1451.48
1639554406, 1, 293, 820, 647, 0, 0.96%, 7, 0, 2, 1410.85
1639554411, 1, 310, 820, 641, 0, 0.96%, 7, 0, 2, 1407.77
1639554416, 1, 339, 821, 634, 0, 0.96%, 7, 0, 2, 1428.50
1639554421, 1, 373, 821, 629, 0, 0.96%, 7, 0, 2, 1426.58
1639554426, 1, 409, 821, 624, 0, 0.96%, 10, 0, 2, 1434.26
1639554432, 1, 426, 821, 619, 0, 0.96%, 10, 0, 2, 1435.44
1639554437, 1, 461, 821, 613, 0, 0.96%, 10, 0, 2, 1440.70
1639554442, 1, 498, 823, 607, 0, 0.96%, 10, 0, 2, 1389.27
1639554447, 1, 509, 823, 602, 0, 0.96%, 10, 0, 2, 1422.05
1639554452, 1, 537, 823, 596, 0, 0.96%, 10, 0, 2, 1443.97
1639554457, 1, 558, 823, 590, 0, 0.96%, 10, 0, 2, 1440.61
1639554462, 1, 581, 823, 587, 0, 0.96%, 10, 0, 2, 1428.36
1639554467, 1, 598, 823, 581, 0, 0.96%, 10, 0, 2, 1418.40
1639554472, 1, 621, 823, 577, 0, 0.96%, 10, 0, 2, 1338.98
1639554478, 1, 661, 823, 570, 0, 0.96%, 10, 0, 2, 1404.47
1639554483, 1, 681, 823, 564, 0, 0.96%, 10, 0, 2, 1428.73
1639554488, 1, 699, 823, 558, 0, 0.96%, 11, 0, 2, 1426.85
1639554493, 1, 717, 823, 551, 0, 0.96%, 11, 0, 2, 1418.94
1639554498, 1, 766, 823, 544, 0, 0.96%, 11, 0, 2, 1413.42
1639554503, 1, 794, 823, 541, 0, 0.96%, 11, 0, 2, 1342.62
1639554508, 1, 807, 823, 537, 0, 0.96%, 11, 0, 2, 1392.48
1639554513, 1, 819, 825, 536, 0, 0.96%, 11, 0, 3, 1361.39
1639554518, 2, 14, 825, 531, 0, 0.96%, 11, 0, 3, 1389.35
1639554524, 2, 35, 825, 527, 0, 0.96%, 11, 0, 3, 1410.31
1639554529, 2, 81, 825, 520, 0, 0.96%, 11, 0, 3, 1435.05
1639554534, 2, 109, 825, 515, 0, 0.96%, 11, 0, 3, 1222.81
1639554539, 2, 128, 825, 510, 0, 0.96%, 11, 0, 3, 1293.86
1639554544, 2, 159, 825, 506, 0, 0.96%, 11, 0, 3, 1370.83
1639554549, 2, 184, 825, 501, 0, 0.96%, 11, 0, 3, 1405.83
1639554554, 2, 212, 825, 495, 0, 0.96%, 11, 0, 3, 1415.14
1639554559, 2, 234, 825, 493, 0, 0.96%, 11, 0, 3, 1406.71
1639554564, 2, 281, 826, 488, 0, 0.96%, 11, 0, 3, 1313.09
1639554569, 2, 312, 826, 487, 0, 0.96%, 11, 0, 3, 1254.96
1639554574, 2, 339, 827, 482, 0, 0.96%, 11, 0, 3, 1238.52
1639554580, 2, 355, 828, 479, 0, 0.96%, 11, 0, 3, 1250.27
1639554585, 2, 387, 828, 471, 0, 0.96%, 11, 0, 3, 1273.05
