# unix_time, cycles_done, cur_path, paths_total, pending_total, pending_favs, map_size, unique_crashes, unique_hangs, max_depth, execs_per_sec
1639556470, 0, 0, 1, 1, 1, 0.12%, 0, 0, 1, 1600.00
1639556476, 0, 0, 79, 79, 1, 0.42%, 5, 0, 2, 1456.86
1639556481, 0, 16, 99, 96, 35, 0.46%, 5, 0, 3, 1419.03
1639556486, 0, 23, 110, 103, 34, 0.49%, 6, 0, 3, 1406.28
1639556491, 0, 35, 126, 110, 27, 0.50%, 6, 0, 3, 1399.45
1639556496, 0, 38, 132, 115, 27, 0.50%, 6, 0, 3, 1403.79
1639556501, 0, 61, 140, 112, 17, 0.50%, 6, 0, 3, 1434.87
1639556506, 0, 71, 153, 121, 14, 0.53%, 7, 0, 3, 1425.93
1639556511, 0, 97, 157, 120, 12, 0.53%, 7, 0, 4, 1408.06
1639556516, 0, 130, 163, 122, 11, 0.55%, 7, 0, 4, 1418.77
1639556521, 0, 155, 166, 120, 7, 0.55%, 7, 0, 4, 1421.61
1639556526, 0, 160, 171, 122, 5, 0.55%, 9, 0, 5, 1413.85
1639556531, 0, 162, 182, 131, 3, 0.56%, 9, 0, 5, 1440.69
1639556536, 0, 172, 186, 133, 6, 0.58%, 9, 0, 6, 1437.91
1639556541, 0, 176, 188, 133, 7, 0.58%, 9, 0, 6, 1393.89
1639556546, 0, 177, 192, 136, 6, 0.58%, 9, 0, 6, 1446.72
1639556551, 0, 182, 197, 139, 6, 0.58%, 9, 0, 7, 1446.79
1639556557, 0, 190, 207, 146, 9, 0.62%, 9, 0, 7, 1462.70
1639556562, 0, 192, 213, 150, 8, 0.62%, 9, 0, 7, 1457.67
1639556567, 0, 200, 216, 150, 7, 0.62%, 9, 0, 8, 1465.16
1639556572, 0, 209, 217, 147, 3, 0.62%, 9, 0, 8, 1436.29
1639556577, 1, 48, 218, 145, 0, 0.62%, 9, 0, 9, 1453.39
1639556582, 1, 62, 219, 144, 0, 0.62%, 9, 0, 9, 1446.99
1639556587, 1, 89, 221, 142, 0, 0.62%, 9, 0, 9, 1441.98
1639556592, 1, 99, 221, 140, 0, 0.62%, 9, 0, 9, 1443.10
1639556597, 1, 125, 221, 132, 0, 0.62%, 9, 0, 9, 1456.58
1639556602, 1, 155, 221, 126, 0, 0.62%, 9, 0, 9, 1416.29
1639556607, 1, 160, 222, 126, 0, 0.63%, 10, 0, 9, 1445.57
1639556612, 2, 24, 224, 123, 0, 0.63%, 10, 0, 9, 1399.07
1639556617, 2, 46, 225, 120, 0, 0.63%, 10, 0, 9, 1424.52
1639556623, 2, 65, 225, 119, 0, 0.63%, 10, 0, 9, 1376.20
1639556628, 2, 91, 226, 115, 0, 0.63%, 11, 0, 9, 1335.44
1639556633, 2, 119, 226, 115, 0, 0.63%, 11, 0, 9, 1175.81
1639556638, 2, 155, 226, 109, 0, 0.63%, 11, 0, 9, 1413.94
1639556643, 2, 161, 227, 109, 0, 0.63%, 11, 0, 9, 1436.57
1639556648, 2, 172, 227, 109, 0, 0.63%, 11, 0, 9, 1415.71
1639556653, 2, 181, 227, 109, 0, 0.63%, 11, 0, 9, 1437.82
1639556658, 2, 228, 236, 116, 1, 0.64%, 11, 0, 9, 1438.59
1639556664, 2, 228, 239, 119, 1, 0.64%, 11, 0, 9, 1437.23
1639556669, 2, 231, 243, 122, 5, 0.64%, 11, 0, 9, 1388.44
1639556674, 2, 237, 245, 123, 4, 0.64%, 11, 0, 9, 1413.95
1639556679, 2, 237, 250, 128, 4, 0.65%, 11, 0, 9, 1401.61
1639556684, 2, 238, 252, 129, 5, 0.65%, 11, 0, 9, 1419.98
1639556689, 2, 238, 255, 132, 5, 0.65%, 12, 0, 9, 1389.69
1639556694, 2, 242, 257, 133, 5, 0.65%, 12, 0, 10, 1420.13
1639556699, 2, 242, 259, 135, 5, 0.65%, 12, 0, 10, 1453.21
1639556704, 2, 245, 261, 136, 4, 0.65%, 12, 0, 10, 1453.43
1639556714, 2, 249, 261, 134, 2, 0.65%, 12, 0, 10, 1447.34
1639556719, 2, 252, 261, 133, 1, 0.65%, 13, 0, 10, 1414.47
1639556724, 2, 262, 266, 137, 1, 0.65%, 13, 0, 11, 2080.62
1639556729, 2, 263, 268, 138, 2, 0.65%, 13, 0, 12, 1707.88
1639556734, 2, 266, 270, 139, 2, 0.66%, 13, 0, 12, 1411.60
1639556739, 2, 266, 271, 140, 2, 0.66%, 13, 0, 12, 1430.05
1639556744, 2, 268, 273, 141, 1, 0.66%, 13, 0, 13, 1441.79
1639556749, 2, 271, 276, 143, 2, 0.69%, 13, 0, 14, 1370.88
1639556755, 2, 274, 285, 150, 2, 0.71%, 13, 0, 15, 1410.57
1639556760, 2, 274, 291, 156, 2, 0.72%, 13, 0, 15, 1378.06
1639556765, 2, 278, 291, 155, 11, 0.72%, 13, 0, 15, 1420.15
1639556770, 2, 279, 292, 155, 10, 0.72%, 13, 0, 16, 1448.07
