# unix_time, cycles_done, cur_path, paths_total, pending_total, pending_favs, map_size, unique_crashes, unique_hangs, max_depth, execs_per_sec
1639561598, 0, 0, 1, 1, 1, 0.12%, 0, 0, 1, 2000.00
1639561603, 0, 0, 74, 74, 1, 0.44%, 4, 0, 2, 1511.06
1639561608, 0, 11, 100, 95, 36, 0.47%, 4, 0, 3, 1419.23
1639561613, 0, 18, 111, 103, 37, 0.49%, 4, 0, 3, 1677.88
1639561618, 0, 32, 126, 109, 30, 0.51%, 4, 0, 3, 2289.26
1639561623, 0, 90, 143, 108, 14, 0.53%, 8, 0, 4, 2236.14
1639561628, 0, 100, 154, 117, 12, 0.53%, 8, 0, 4, 1528.95
1639561633, 0, 106, 163, 123, 15, 0.54%, 9, 0, 4, 1395.52
1639561639, 0, 135, 171, 124, 10, 0.55%, 9, 0, 4, 1379.51
1639561644, 0, 147, 175, 125, 8, 0.55%, 9, 0, 5, 1359.94
1639561649, 0, 155, 180, 126, 6, 0.55%, 10, 0, 5, 1362.35
1639561654, 0, 172, 186, 128, 3, 0.56%, 10, 0, 6, 1361.05
1639561659, 0, 179, 190, 131, 3, 0.56%, 10, 0, 6, 1375.43
1639561664, 0, 194, 197, 135, 2, 0.57%, 11, 0, 7, 1368.99
1639561669, 0, 196, 206, 143, 2, 0.59%, 12, 0, 8, 1325.97
1639561674, 0, 197, 215, 151, 5, 0.59%, 13, 0, 9, 1302.50
1639561679, 0, 199, 221, 156, 4, 0.59%, 14, 0, 9, 1373.31
1639561684, 0, 202, 223, 156, 2, 0.59%, 15, 0, 9, 1373.83
1639561689, 0, 224, 230, 161, 5, 0.62%, 15, 0, 9, 1407.88
1639561694, 0, 226, 238, 167, 8, 0.64%, 15, 0, 10, 1298.95
1639561699, 0, 229, 240, 166, 5, 0.64%, 15, 0, 10, 1304.63
1639561704, 0, 235, 242, 165, 3, 0.64%, 15, 0, 11, 1332.45
1639561709, 0, 236, 244, 166, 4, 0.67%, 15, 0, 11, 1341.34
1639561714, 0, 243, 255, 174, 1, 0.69%, 15, 0, 12, 1364.40
1639561719, 0, 244, 260, 178, 14, 0.70%, 15, 0, 12, 1378.32
1639561724, 0, 247, 262, 177, 11, 0.70%, 15, 0, 13, 1342.64
1639561730, 0, 250, 263, 175, 8, 0.70%, 15, 0, 13, 1374.07
1639561735, 0, 252, 265, 175, 7, 0.70%, 15, 0, 13, 1372.55
1639561740, 0, 257, 269, 176, 5, 0.70%, 15, 0, 13, 1388.46
1639561745, 0, 263, 271, 175, 3, 0.70%, 15, 0, 14, 1313.96
1639561750, 0, 266, 274, 176, 1, 0.70%, 15, 0, 14, 1345.09
1639561755, 1, 194, 279, 175, 3, 0.71%, 15, 0, 14, 1341.08
1639561760, 1, 277, 283, 178, 2, 0.71%, 15, 0, 14, 1337.31
1639561765, 1, 277, 284, 179, 2, 0.71%, 15, 0, 14, 1333.73
1639561770, 1, 278, 289, 183, 3, 0.71%, 16, 0, 14, 1340.47
1639561775, 1, 282, 291, 182, 0, 0.71%, 16, 0, 14, 1334.88
1639561780, 1, 284, 293, 183, 0, 0.71%, 16, 0, 14, 1357.78
1639561785, 2, 20, 294, 180, 0, 0.72%, 16, 0, 14, 1368.13
1639561790, 2, 46, 294, 176, 0, 0.72%, 16, 0, 14, 1350.34
1639561795, 2, 73, 295, 171, 0, 0.72%, 16, 0, 14, 1366.47
1639561801, 2, 102, 295, 165, 0, 0.72%, 16, 0, 14, 1379.70
1639561806, 2, 119, 296, 161, 0, 0.72%, 16, 0, 14, 1387.80
1639561811, 2, 136, 296, 159, 0, 0.72%, 16, 0, 14, 1343.70
1639561816, 2, 185, 298, 158, 1, 0.72%, 16, 0, 14, 1338.43
1639561821, 3, 20, 298, 155, 0, 0.72%, 16, 0, 14, 1356.73
1639561826, 3, 42, 299, 152, 0, 0.72%, 16, 0, 14, 1381.82
1639561831, 3, 90, 300, 151, 0, 0.72%, 16, 0, 14, 1349.41
1639561836, 3, 104, 300, 149, 0, 0.72%, 16, 0, 14, 1349.49
1639561841, 4, 19, 301, 148, 0, 0.72%, 16, 0, 14, 1353.28
1639561846, 4, 52, 301, 146, 0, 0.72%, 16, 0, 14, 1386.60
1639561851, 4, 85, 302, 142, 0, 0.72%, 17, 0, 14, 1380.21
1639561856, 4, 106, 302, 140, 0, 0.72%, 17, 0, 14, 1362.76
1639561862, 4, 135, 302, 138, 0, 0.72%, 17, 0, 14, 1378.14
1639561867, 4, 149, 302, 136, 0, 0.72%, 17, 0, 14, 1374.33
1639561872, 4, 157, 303, 135, 0, 0.72%, 17, 0, 14, 1360.69
1639561877, 4, 167, 303, 133, 0, 0.72%, 17, 0, 14, 1356.39
1639561882, 4, 171, 303, 130, 0, 0.72%, 17, 0, 14, 1301.23
1639561887, 4, 184, 303, 127, 0, 0.72%, 17, 0, 14, 1377.45
1639561892, 4, 195, 303, 124, 0, 0.72%, 17, 0, 14, 1345.80
1639561897, 4, 202, 303, 123, 0, 0.72%, 17, 0, 14, 1342.81
