# unix_time, cycles_done, cur_path, paths_total, pending_total, pending_favs, map_size, unique_crashes, unique_hangs, max_depth, execs_per_sec
1639509420, 0, 0, 1, 1, 1, 0.12%, 0, 0, 1, 1000.00
1639509426, 0, 0, 68, 68, 1, 0.32%, 7, 0, 2, 1171.38
1639509431, 0, 10, 81, 76, 34, 0.35%, 9, 0, 3, 1208.52
1639509436, 0, 11, 88, 82, 33, 0.35%, 9, 0, 3, 1248.50
1639509441, 0, 22, 112, 100, 27, 0.37%, 12, 0, 3, 1179.62
1639509446, 0, 42, 122, 101, 20, 0.37%, 12, 0, 3, 1122.68
1639509451, 0, 62, 132, 104, 13, 0.37%, 14, 0, 3, 1066.11
1639509456, 0, 68, 138, 109, 12, 0.37%, 15, 0, 3, 1124.17
1639509461, 0, 98, 152, 118, 13, 0.40%, 15, 0, 3, 1091.79
1639509467, 0, 118, 162, 123, 10, 0.40%, 16, 0, 4, 1161.04
1639509472, 0, 147, 170, 126, 9, 0.42%, 17, 0, 4, 1239.48
1639509477, 0, 159, 175, 127, 10, 0.42%, 17, 0, 5, 1191.11
1639509482, 0, 159, 178, 130, 10, 0.42%, 17, 0, 5, 1202.43
1639509487, 0, 161, 182, 133, 10, 0.42%, 17, 0, 5, 1246.11
1639509492, 0, 163, 188, 138, 10, 0.42%, 18, 0, 5, 1226.23
1639509497, 0, 164, 192, 141, 11, 0.44%, 18, 0, 5, 1226.48
1639509502, 0, 164, 198, 147, 11, 0.45%, 19, 0, 5, 1204.20
1639509507, 0, 165, 200, 148, 13, 0.45%, 20, 0, 5, 1168.01
1639509512, 0, 169, 202, 146, 9, 0.45%, 20, 0, 5, 1141.66
1639509517, 0, 175, 204, 146, 7, 0.45%, 21, 0, 6, 1152.07
1639509522, 0, 184, 208, 148, 6, 0.45%, 21, 0, 6, 1157.90
1639509527, 0, 193, 210, 149, 5, 0.46%, 21, 0, 6, 1161.42
1639509533, 0, 196, 210, 147, 5, 0.46%, 21, 0, 6, 1161.50
1639509538, 0, 203, 212, 147, 3, 0.46%, 21, 0, 7, 1180.39
1639509543, 1, 2, 214, 144, 0, 0.47%, 21, 0, 7, 1251.17
1639509548, 1, 26, 214, 142, 0, 0.47%, 21, 0, 7, 1367.51
1639509553, 1, 48, 215, 139, 0, 0.47%, 21, 0, 7, 1350.50
1639509558, 2, 19, 218, 140, 0, 0.47%, 21, 0, 7, 1382.48
1639509563, 2, 42, 218, 139, 0, 0.47%, 21, 0, 7, 1362.84
1639509568, 2, 70, 218, 135, 0, 0.47%, 21, 0, 7, 1365.39
1639509573, 2, 92, 219, 129, 0, 0.47%, 21, 0, 7, 1364.31
1639509578, 2, 219, 222, 129, 1, 0.47%, 21, 0, 7, 1336.89
1639509583, 3, 1, 223, 129, 0, 0.47%, 21, 0, 7, 1300.45
1639509588, 3, 23, 224, 125, 0, 0.47%, 21, 0, 7, 1338.26
1639509593, 3, 48, 224, 121, 0, 0.47%, 21, 0, 7, 1368.99
1639509598, 3, 75, 224, 116, 0, 0.47%, 21, 0, 7, 1403.51
1639509603, 3, 98, 225, 112, 0, 0.47%, 21, 0, 7, 1392.62
1639509609, 3, 124, 226, 108, 0, 0.47%, 21, 0, 7, 1370.04
1639509614, 3, 152, 226, 101, 0, 0.47%, 21, 0, 7, 1354.44
1639509619, 3, 165, 226, 99, 0, 0.47%, 22, 0, 7, 1343.92
1639509624, 3, 170, 228, 101, 0, 0.47%, 22, 0, 7, 1372.30
1639509629, 3, 184, 228, 100, 0, 0.47%, 22, 0, 7, 1395.06
1639509634, 3, 195, 229, 100, 0, 0.47%, 22, 0, 7, 1407.19
1639509639, 3, 207, 231, 101, 0, 0.47%, 22, 0, 7, 1405.28
1639509644, 3, 214, 233, 102, 0, 0.47%, 22, 0, 7, 1400.64
1639509649, 3, 218, 233, 100, 0, 0.47%, 23, 0, 7, 1426.03
1639509654, 3, 219, 233, 99, 0, 0.47%, 23, 0, 7, 1430.33
1639509659, 3, 225, 233, 98, 0, 0.47%, 23, 0, 7, 1437.38
1639509664, 4, 5, 234, 96, 0, 0.47%, 23, 0, 7, 1416.92
1639509669, 4, 39, 234, 95, 0, 0.47%, 23, 0, 7, 1381.86
1639509675, 4, 65, 234, 94, 0, 0.47%, 23, 0, 7, 1381.75
1639509680, 4, 98, 234, 91, 0, 0.47%, 23, 0, 7, 1350.26
1639509685, 4, 125, 234, 87, 0, 0.47%, 23, 0, 7, 1300.17
1639509690, 4, 161, 234, 82, 0, 0.47%, 23, 0, 7, 1283.42
1639509695, 4, 167, 234, 82, 0, 0.47%, 23, 0, 7, 1274.62
1639509700, 4, 175, 234, 82, 0, 0.47%, 23, 0, 7, 1256.83
1639509705, 4, 184, 234, 81, 0, 0.47%, 23, 0, 7, 1226.31
1639509710, 4, 193, 234, 78, 0, 0.47%, 23, 0, 7, 1265.80
1639509715, 4, 234, 238, 82, 1, 0.48%, 23, 0, 7, 1304.63
1639509720, 4, 237, 241, 84, 2, 0.48%, 23, 0, 7, 1766.87
