# unix_time, cycles_done, cur_path, paths_total, pending_total, pending_favs, map_size, unique_crashes, unique_hangs, max_depth, execs_per_sec
1639444452, 0, 0, 926, 926, 94, 0.93%, 0, 0, 1, 1223.65
1639444457, 0, 139, 926, 912, 82, 0.93%, 3, 0, 1, 1408.87
1639444462, 0, 256, 926, 902, 73, 0.93%, 5, 0, 1, 1418.79
1639444467, 0, 354, 926, 891, 64, 0.93%, 5, 0, 1, 1440.88
1639444472, 0, 433, 926, 881, 55, 0.93%, 6, 0, 1, 1430.28
1639444477, 0, 512, 926, 870, 45, 0.93%, 6, 0, 1, 1459.09
1639444482, 0, 588, 926, 859, 36, 0.93%, 7, 0, 1, 1454.32
1639444487, 0, 639, 926, 851, 28, 0.93%, 7, 0, 1, 1443.83
1639444492, 0, 731, 926, 843, 20, 0.93%, 7, 0, 1, 1459.15
1639444497, 0, 811, 926, 832, 9, 0.93%, 7, 0, 1, 1449.64
1639444502, 0, 909, 926, 823, 1, 0.93%, 7, 0, 1, 1446.13
1639444507, 1, 29, 926, 815, 0, 0.93%, 7, 0, 1, 1441.91
1639444513, 1, 67, 926, 809, 0, 0.93%, 8, 0, 1, 1451.49
1639444518, 1, 100, 926, 801, 0, 0.93%, 9, 0, 1, 1449.60
1639444523, 1, 133, 926, 795, 0, 0.93%, 9, 0, 1, 1439.11
1639444528, 1, 161, 926, 786, 0, 0.93%, 9, 0, 1, 1449.63
1639444533, 1, 180, 926, 780, 0, 0.93%, 10, 0, 1, 1440.47
1639444538, 1, 224, 926, 771, 0, 0.93%, 10, 0, 1, 1439.35
1639444543, 1, 250, 926, 764, 0, 0.93%, 11, 0, 1, 1449.78
1639444548, 1, 294, 926, 756, 0, 0.93%, 11, 0, 1, 1427.20
1639444553, 1, 316, 926, 748, 0, 0.93%, 11, 0, 1, 1427.83
1639444558, 1, 343, 926, 742, 0, 0.93%, 11, 0, 1, 1445.22
1639444563, 1, 365, 926, 737, 0, 0.93%, 11, 0, 1, 1450.58
1639444569, 1, 382, 926, 732, 0, 0.93%, 11, 0, 1, 1456.45
1639444574, 1, 411, 926, 724, 0, 0.93%, 11, 0, 1, 1451.17
1639444579, 1, 446, 926, 717, 0, 0.93%, 12, 0, 1, 1424.68
1639444584, 1, 464, 927, 711, 0, 0.93%, 12, 0, 2, 1446.16
1639444589, 1, 505, 927, 705, 0, 0.93%, 12, 0, 2, 1449.71
1639444594, 1, 526, 927, 698, 0, 0.93%, 12, 0, 2, 1457.20
1639444599, 1, 562, 927, 692, 0, 0.93%, 12, 0, 2, 1436.03
1639444604, 1, 588, 927, 686, 0, 0.93%, 12, 0, 2, 1452.56
1639444609, 1, 603, 927, 681, 0, 0.93%, 12, 0, 2, 1430.41
1639444614, 1, 637, 927, 677, 0, 0.93%, 12, 0, 2, 1461.78
1639444619, 1, 658, 927, 672, 0, 0.93%, 12, 0, 2, 1433.91
1639444624, 1, 698, 927, 663, 0, 0.93%, 13, 0, 2, 1434.48
1639444629, 1, 719, 927, 656, 0, 0.93%, 13, 0, 2, 1443.36
1639444634, 1, 748, 927, 650, 0, 0.93%, 13, 0, 2, 1436.35
1639444639, 1, 788, 927, 644, 0, 0.93%, 13, 0, 2, 1444.42
1639444645, 1, 804, 928, 642, 0, 0.93%, 13, 0, 2, 1437.21
1639444650, 1, 821, 928, 637, 0, 0.93%, 13, 0, 2, 1444.08
1639444655, 1, 854, 928, 626, 0, 0.93%, 13, 0, 2, 1444.78
1639444660, 1, 882, 928, 621, 0, 0.93%, 13, 0, 2, 1442.91
1639444665, 1, 923, 928, 615, 0, 0.93%, 13, 0, 2, 1441.70
1639444670, 2, 32, 928, 608, 0, 0.93%, 13, 0, 2, 1440.61
1639444675, 2, 65, 928, 602, 0, 0.93%, 13, 0, 2, 1432.83
1639444680, 2, 103, 928, 597, 0, 0.93%, 13, 0, 2, 1445.14
1639444686, 2, 129, 928, 588, 0, 0.93%, 13, 0, 2, 1459.17
1639444691, 2, 162, 928, 582, 0, 0.93%, 13, 0, 2, 1459.85
1639444696, 2, 211, 928, 576, 0, 0.93%, 13, 0, 2, 1441.85
1639444701, 2, 246, 928, 567, 0, 0.93%, 13, 0, 2, 1441.32
1639444706, 2, 291, 928, 560, 0, 0.93%, 13, 0, 2, 1435.00
1639444711, 2, 338, 928, 555, 0, 0.93%, 14, 0, 2, 1452.08
1639444716, 2, 391, 928, 550, 0, 0.93%, 14, 0, 2, 1447.30
1639444721, 2, 448, 928, 544, 0, 0.93%, 14, 0, 2, 1728.71
1639444726, 2, 484, 928, 539, 0, 0.93%, 14, 0, 2, 1499.95
1639444731, 2, 521, 928, 535, 0, 0.93%, 14, 0, 2, 1450.01
1639444736, 2, 556, 928, 528, 0, 0.93%, 14, 0, 2, 1448.04
1639444741, 2, 582, 928, 524, 0, 0.93%, 14, 0, 2, 1441.08
