# unix_time, cycles_done, cur_path, paths_total, pending_total, pending_favs, map_size, unique_crashes, unique_hangs, max_depth, execs_per_sec
1639599620, 0, 0, 884, 884, 92, 0.92%, 0, 0, 1, 1213.24
1639599625, 0, 178, 884, 870, 81, 0.92%, 2, 0, 1, 1405.79
1639599631, 0, 230, 884, 862, 73, 0.92%, 3, 0, 1, 1463.83
1639599636, 0, 308, 884, 854, 65, 0.92%, 3, 0, 1, 1477.88
1639599641, 0, 406, 884, 844, 56, 0.92%, 3, 0, 1, 1480.52
1639599646, 0, 494, 884, 835, 48, 0.92%, 4, 0, 1, 1433.34
1639599651, 0, 556, 884, 825, 39, 0.92%, 5, 0, 1, 1437.15
1639599656, 0, 656, 884, 812, 28, 0.92%, 5, 0, 1, 1462.74
1639599661, 0, 736, 884, 804, 22, 0.92%, 5, 0, 1, 1479.37
1639599666, 0, 780, 884, 798, 17, 0.92%, 6, 0, 1, 1481.63
1639599671, 0, 836, 884, 788, 9, 0.92%, 7, 0, 1, 1473.09
1639599676, 1, 32, 884, 776, 0, 0.92%, 9, 0, 1, 1848.98
1639599681, 1, 48, 884, 770, 0, 0.92%, 9, 0, 1, 1479.95
1639599686, 1, 85, 884, 761, 0, 0.92%, 9, 0, 1, 1469.89
1639599691, 1, 122, 884, 751, 0, 0.92%, 9, 0, 1, 1457.29
1639599696, 1, 153, 884, 744, 0, 0.92%, 9, 0, 1, 1456.39
1639599701, 1, 187, 884, 739, 0, 0.92%, 9, 0, 1, 1464.61
1639599706, 1, 214, 884, 733, 0, 0.92%, 10, 0, 1, 1445.42
1639599711, 1, 232, 884, 730, 0, 0.92%, 11, 0, 1, 1440.88
1639599717, 1, 264, 884, 724, 0, 0.92%, 11, 0, 1, 1459.13
1639599722, 1, 294, 884, 719, 0, 0.92%, 11, 0, 1, 1465.29
1639599727, 1, 316, 884, 713, 0, 0.92%, 11, 0, 1, 1451.18
1639599732, 1, 346, 884, 705, 0, 0.92%, 11, 0, 1, 1449.05
1639599737, 1, 374, 885, 699, 0, 0.92%, 11, 0, 2, 1454.05
1639599742, 1, 400, 886, 695, 0, 0.92%, 11, 0, 2, 1447.73
1639599747, 1, 426, 886, 689, 0, 0.92%, 11, 0, 2, 1458.26
1639599752, 1, 442, 886, 682, 0, 0.92%, 11, 0, 2, 1447.92
1639599757, 1, 471, 886, 674, 0, 0.92%, 12, 0, 2, 1451.48
1639599762, 1, 500, 886, 670, 0, 0.92%, 12, 0, 2, 1452.17
1639599767, 1, 540, 886, 665, 0, 0.92%, 12, 0, 2, 1445.91
1639599772, 1, 586, 886, 659, 0, 0.92%, 12, 0, 2, 1438.12
1639599777, 1, 620, 886, 652, 0, 0.92%, 12, 0, 2, 1470.45
1639599782, 1, 642, 886, 646, 0, 0.92%, 12, 0, 2, 1479.52
1639599787, 1, 673, 886, 639, 0, 0.92%, 12, 0, 2, 1463.35
1639599792, 1, 712, 886, 631, 0, 0.92%, 12, 0, 2, 1454.36
1639599797, 1, 770, 886, 627, 0, 0.92%, 12, 0, 2, 1458.96
1639599802, 1, 793, 886, 622, 0, 0.92%, 12, 0, 2, 1447.42
1639599808, 1, 823, 887, 617, 0, 0.92%, 12, 0, 2, 1457.62
1639599813, 1, 840, 887, 611, 0, 0.92%, 12, 0, 2, 1451.98
1639599818, 1, 879, 887, 605, 0, 0.92%, 12, 0, 2, 1456.60
1639599823, 2, 47, 887, 599, 0, 0.92%, 12, 0, 2, 1464.69
1639599828, 2, 85, 887, 590, 0, 0.92%, 12, 0, 2, 1472.62
1639599833, 2, 135, 887, 583, 0, 0.92%, 12, 0, 2, 1456.67
1639599838, 2, 173, 887, 578, 0, 0.92%, 12, 0, 2, 1461.95
1639599843, 2, 204, 887, 572, 0, 0.92%, 12, 0, 2, 1463.23
1639599848, 2, 230, 887, 569, 0, 0.92%, 12, 0, 2, 1449.29
1639599853, 2, 263, 887, 565, 0, 0.92%, 12, 0, 2, 1460.54
1639599858, 2, 301, 887, 560, 0, 0.92%, 12, 0, 2, 1461.67
1639599864, 2, 336, 887, 555, 0, 0.92%, 12, 0, 2, 1437.25
1639599869, 2, 377, 887, 549, 0, 0.92%, 12, 0, 2, 1437.11
1639599874, 2, 410, 887, 545, 0, 0.92%, 13, 0, 2, 1463.48
1639599879, 2, 444, 887, 540, 0, 0.92%, 13, 0, 2, 1447.94
1639599884, 2, 470, 887, 533, 0, 0.92%, 13, 0, 2, 1462.86
1639599889, 2, 487, 887, 525, 0, 0.92%, 13, 0, 2, 1440.42
1639599894, 2, 525, 887, 523, 0, 0.92%, 13, 0, 2, 1455.41
1639599899, 2, 562, 887, 518, 0, 0.92%, 14, 0, 2, 1465.28
1639599905, 2, 595, 887, 511, 0, 0.92%, 14, 0, 2, 1472.03
1639599910, 2, 634, 887, 505, 0, 0.92%, 14, 0, 2, 1455.12
