# unix_time, cycles_done, cur_path, paths_total, pending_total, pending_favs, map_size, unique_crashes, unique_hangs, max_depth, execs_per_sec
1639590785, 0, 0, 581, 581, 99, 0.89%, 0, 0, 1, 905.16
1639590790, 0, 24, 581, 575, 93, 0.89%, 2, 0, 1, 1007.68
1639590795, 0, 45, 581, 569, 88, 0.89%, 2, 0, 1, 1064.32
1639590800, 0, 70, 581, 564, 83, 0.89%, 4, 0, 1, 1166.53
1639590805, 0, 94, 581, 557, 75, 0.89%, 5, 0, 1, 1260.10
1639590810, 0, 129, 581, 550, 69, 0.89%, 5, 0, 1, 1243.78
1639590816, 0, 172, 581, 543, 63, 0.89%, 6, 0, 1, 1226.18
1639590821, 0, 281, 581, 531, 52, 0.89%, 8, 0, 1, 1217.36
1639590826, 0, 325, 581, 522, 44, 0.89%, 9, 0, 1, 1196.36
1639590831, 0, 375, 581, 512, 34, 0.89%, 9, 0, 1, 1212.45
1639590836, 0, 440, 581, 503, 25, 0.89%, 9, 0, 1, 1213.89
1639590841, 0, 480, 581, 493, 17, 0.89%, 9, 0, 1, 1210.19
1639590846, 0, 527, 581, 484, 9, 0.89%, 9, 0, 1, 1218.59
1639590851, 1, 2, 581, 475, 0, 0.89%, 9, 0, 1, 1248.87
1639590856, 1, 17, 581, 472, 0, 0.89%, 9, 0, 1, 1219.60
1639590861, 1, 28, 581, 471, 0, 0.89%, 9, 0, 1, 983.58
1639590866, 1, 45, 581, 467, 0, 0.89%, 11, 0, 1, 1059.69
1639590871, 1, 65, 581, 464, 0, 0.89%, 11, 0, 1, 1102.43
1639590876, 1, 80, 581, 463, 0, 0.89%, 11, 0, 1, 1131.87
1639590881, 1, 89, 581, 461, 0, 0.89%, 11, 0, 1, 1146.05
1639590886, 1, 114, 581, 455, 0, 0.89%, 11, 0, 1, 1172.08
1639590891, 1, 131, 581, 452, 0, 0.89%, 11, 0, 1, 1227.03
1639590897, 1, 160, 586, 452, 0, 0.89%, 11, 0, 2, 1258.04
1639590902, 1, 176, 587, 450, 0, 0.89%, 11, 0, 2, 1311.20
1639590907, 1, 207, 587, 445, 0, 0.89%, 11, 0, 2, 1331.02
1639590912, 1, 241, 587, 436, 0, 0.89%, 11, 0, 2, 1379.57
1639590917, 1, 297, 587, 428, 0, 0.89%, 11, 0, 2, 1371.16
1639590922, 1, 322, 587, 422, 0, 0.89%, 11, 0, 2, 1365.75
1639590927, 1, 337, 587, 418, 0, 0.89%, 11, 0, 2, 1360.85
1639590932, 1, 382, 587, 411, 0, 0.89%, 11, 0, 2, 1510.95
1639590937, 1, 404, 587, 407, 0, 0.89%, 11, 0, 2, 1354.58
1639590943, 1, 434, 587, 401, 0, 0.89%, 11, 0, 2, 1376.17
1639590948, 1, 463, 587, 396, 0, 0.89%, 11, 0, 2, 1365.16
1639590953, 1, 493, 587, 390, 0, 0.89%, 11, 0, 2, 1337.38
1639590958, 1, 515, 587, 387, 0, 0.89%, 11, 0, 2, 1367.42
1639590963, 1, 537, 587, 381, 0, 0.89%, 11, 0, 2, 1362.63
1639590968, 1, 555, 587, 376, 0, 0.89%, 11, 0, 2, 1368.19
1639590973, 1, 585, 587, 371, 0, 0.89%, 11, 0, 2, 1362.55
1639590978, 2, 12, 587, 366, 0, 0.89%, 12, 0, 2, 1375.16
1639590984, 2, 30, 587, 364, 0, 0.89%, 13, 0, 2, 1453.82
1639590989, 2, 49, 587, 360, 0, 0.89%, 13, 0, 2, 1437.87
1639590994, 2, 61, 587, 355, 0, 0.89%, 13, 0, 2, 1428.56
1639590999, 2, 86, 587, 353, 0, 0.89%, 13, 0, 2, 1449.92
1639591004, 2, 106, 587, 351, 0, 0.89%, 13, 0, 2, 1429.77
1639591009, 2, 134, 587, 347, 0, 0.89%, 13, 0, 2, 1414.48
1639591014, 2, 172, 587, 342, 0, 0.89%, 13, 0, 2, 1448.22
1639591019, 2, 220, 587, 339, 0, 0.89%, 13, 0, 2, 1468.59
1639591024, 2, 265, 587, 329, 0, 0.89%, 13, 0, 2, 1435.89
1639591029, 2, 302, 587, 321, 0, 0.89%, 13, 0, 2, 1403.86
1639591034, 2, 326, 587, 319, 0, 0.89%, 13, 0, 2, 1441.68
1639591040, 2, 354, 587, 314, 0, 0.89%, 13, 0, 2, 1441.08
1639591045, 2, 382, 588, 310, 0, 0.89%, 13, 0, 2, 1463.75
1639591050, 2, 588, 591, 313, 1, 0.89%, 13, 0, 3, 1413.71
1639591055, 3, 12, 591, 311, 0, 0.89%, 13, 0, 3, 1443.72
1639591060, 3, 42, 591, 310, 0, 0.89%, 13, 0, 3, 1448.59
1639591065, 3, 65, 591, 309, 0, 0.89%, 13, 0, 3, 1450.03
1639591070, 3, 85, 591, 306, 0, 0.89%, 13, 0, 3, 1420.29
1639591075, 3, 114, 591, 305, 0, 0.89%, 13, 0, 3, 1454.80
