# unix_time, cycles_done, cur_path, paths_total, pending_total, pending_favs, map_size, unique_crashes, unique_hangs, max_depth, execs_per_sec
1639515025, 0, 0, 787, 787, 100, 0.92%, 0, 0, 1, 1161.62
1639515030, 0, 97, 787, 778, 91, 0.92%, 3, 0, 1, 1328.56
1639515035, 0, 188, 787, 769, 82, 0.92%, 5, 0, 1, 1298.41
1639515040, 0, 233, 787, 763, 76, 0.92%, 6, 0, 1, 1277.67
1639515045, 0, 318, 787, 753, 66, 0.92%, 6, 0, 1, 1293.72
1639515050, 0, 382, 787, 743, 57, 0.92%, 6, 0, 1, 1337.63
1639515055, 0, 410, 787, 737, 51, 0.92%, 6, 0, 1, 1349.48
1639515060, 0, 446, 787, 729, 43, 0.92%, 6, 0, 1, 1353.04
1639515065, 0, 495, 787, 721, 36, 0.92%, 6, 0, 1, 1396.35
1639515070, 0, 554, 787, 711, 28, 0.92%, 7, 0, 1, 1426.96
1639515076, 0, 652, 787, 702, 20, 0.92%, 7, 0, 1, 1425.84
1639515081, 0, 706, 787, 693, 12, 0.92%, 7, 0, 1, 1405.70
1639515086, 0, 749, 787, 685, 4, 0.92%, 8, 0, 1, 1343.27
1639515091, 1, 15, 787, 676, 0, 0.92%, 8, 0, 1, 1270.16
1639515096, 1, 40, 787, 669, 0, 0.92%, 9, 0, 1, 1228.94
1639515101, 1, 72, 787, 662, 0, 0.92%, 10, 0, 1, 1243.09
1639515106, 1, 92, 787, 658, 0, 0.92%, 10, 0, 1, 1300.89
1639515111, 1, 121, 787, 653, 0, 0.92%, 12, 0, 1, 1317.68
1639515116, 1, 152, 787, 645, 0, 0.92%, 12, 0, 1, 1313.02
1639515121, 1, 183, 787, 641, 0, 0.92%, 12, 0, 1, 1278.97
1639515126, 1, 207, 787, 635, 0, 0.92%, 12, 0, 1, 1228.48
1639515131, 1, 228, 787, 631, 0, 0.92%, 12, 0, 1, 1221.59
1639515137, 1, 258, 787, 628, 0, 0.92%, 12, 0, 1, 1239.27
1639515142, 1, 295, 787, 622, 0, 0.92%, 13, 0, 1, 1291.68
1639515147, 1, 318, 787, 616, 0, 0.92%, 13, 0, 1, 1344.59
1639515152, 1, 337, 787, 610, 0, 0.92%, 13, 0, 1, 1577.43
1639515157, 1, 386, 787, 604, 0, 0.92%, 13, 0, 1, 1405.42
1639515162, 1, 405, 787, 601, 0, 0.92%, 13, 0, 1, 1387.00
1639515167, 1, 424, 787, 595, 0, 0.92%, 13, 0, 1, 1378.83
1639515173, 1, 446, 787, 592, 0, 0.92%, 13, 0, 1, 1377.15
1639515178, 1, 461, 787, 586, 0, 0.92%, 13, 0, 1, 1388.65
1639515183, 1, 482, 788, 582, 0, 0.92%, 14, 0, 2, 1353.19
1639515188, 1, 506, 788, 576, 0, 0.92%, 14, 0, 2, 1371.34
1639515193, 1, 532, 788, 570, 0, 0.92%, 14, 0, 2, 1386.42
1639515198, 1, 556, 788, 566, 0, 0.92%, 14, 0, 2, 1379.34
1639515203, 1, 577, 788, 560, 0, 0.92%, 14, 0, 2, 1346.30
1639515208, 1, 596, 788, 552, 0, 0.92%, 14, 0, 2, 1339.50
1639515213, 1, 611, 788, 547, 0, 0.92%, 14, 0, 2, 1335.93
1639515218, 1, 626, 789, 540, 0, 0.92%, 14, 0, 2, 1328.60
1639515223, 1, 664, 789, 534, 0, 0.92%, 15, 0, 2, 1335.68
1639515228, 1, 687, 789, 528, 0, 0.92%, 15, 0, 2, 1295.75
1639515234, 1, 705, 789, 524, 0, 0.92%, 15, 0, 2, 1043.90
1639515239, 1, 714, 789, 521, 0, 0.92%, 15, 0, 2, 825.71
1639515244, 1, 728, 789, 517, 0, 0.92%, 15, 0, 2, 1051.30
1639515249, 1, 758, 789, 515, 0, 0.92%, 15, 0, 2, 1104.15
1639515254, 1, 778, 789, 511, 0, 0.92%, 15, 0, 2, 1123.85
1639515259, 2, 20, 789, 504, 0, 0.92%, 15, 0, 2, 1201.14
1639515264, 2, 53, 789, 497, 0, 0.92%, 15, 0, 2, 1252.97
1639515269, 2, 133, 789, 492, 0, 0.92%, 15, 0, 2, 1260.79
1639515274, 2, 155, 789, 488, 0, 0.92%, 15, 0, 2, 1295.97
1639515279, 2, 196, 789, 485, 0, 0.92%, 15, 0, 2, 1328.35
1639515284, 2, 215, 790, 481, 0, 0.92%, 16, 0, 2, 1368.63
1639515290, 2, 241, 790, 477, 0, 0.92%, 18, 0, 2, 1411.70
1639515295, 2, 272, 790, 474, 0, 0.92%, 18, 0, 2, 1417.07
1639515300, 2, 313, 790, 465, 0, 0.92%, 18, 0, 2, 1411.84
1639515305, 2, 353, 790, 460, 0, 0.92%, 18, 0, 2, 1421.71
1639515310, 2, 374, 790, 456, 0, 0.92%, 18, 0, 2, 1420.79
1639515315, 2, 397, 790, 452, 0, 0.92%, 18, 0, 2, 1419.11
