# unix_time, cycles_done, cur_path, paths_total, pending_total, pending_favs, map_size, unique_crashes, unique_hangs, max_depth, execs_per_sec
1639553681, 0, 0, 804, 804, 86, 0.91%, 0, 0, 1, 1211.76
1639553686, 0, 89, 804, 797, 81, 0.91%, 4, 0, 1, 1363.20
1639553691, 0, 194, 804, 785, 71, 0.91%, 5, 0, 1, 1391.55
1639553696, 0, 248, 804, 777, 63, 0.91%, 6, 0, 1, 1395.20
1639553701, 0, 362, 804, 765, 51, 0.91%, 6, 0, 1, 1416.72
1639553707, 0, 410, 804, 757, 43, 0.91%, 7, 0, 1, 1395.48
1639553712, 0, 542, 804, 748, 35, 0.91%, 7, 0, 1, 1439.96
1639553717, 0, 622, 804, 737, 24, 0.91%, 7, 0, 1, 1411.24
1639553722, 0, 671, 804, 729, 17, 0.91%, 7, 0, 1, 1389.62
1639553727, 0, 736, 804, 720, 8, 0.91%, 8, 0, 1, 1418.60
1639553732, 1, 8, 804, 710, 0, 0.91%, 8, 0, 1, 1420.45
1639553737, 1, 42, 804, 704, 0, 0.91%, 8, 0, 1, 1408.70
1639553742, 1, 75, 805, 697, 0, 0.91%, 8, 0, 2, 1371.02
1639553747, 1, 115, 805, 691, 0, 0.91%, 8, 0, 2, 1391.21
1639553752, 1, 160, 805, 683, 0, 0.91%, 8, 0, 2, 1413.98
1639553757, 1, 192, 805, 673, 0, 0.91%, 8, 0, 2, 1659.84
1639553762, 1, 218, 805, 670, 0, 0.91%, 8, 0, 2, 1486.33
1639553767, 1, 251, 805, 665, 0, 0.91%, 8, 0, 2, 1432.33
1639553772, 1, 271, 805, 659, 0, 0.91%, 8, 0, 2, 1427.39
1639553778, 1, 303, 805, 651, 0, 0.91%, 8, 0, 2, 1424.11
1639553783, 1, 336, 805, 646, 0, 0.91%, 8, 0, 2, 1431.24
1639553788, 1, 362, 805, 638, 0, 0.91%, 8, 0, 2, 1429.27
1639553793, 1, 382, 805, 633, 0, 0.91%, 8, 0, 2, 1417.79
1639553798, 1, 406, 805, 627, 0, 0.91%, 10, 0, 2, 1403.24
1639553804, 1, 436, 805, 622, 0, 0.91%, 11, 0, 2, 1415.62
1639553809, 1, 464, 805, 615, 0, 0.91%, 12, 0, 2, 1396.18
1639553814, 1, 499, 805, 607, 0, 0.91%, 12, 0, 2, 1408.70
1639553819, 1, 538, 805, 600, 0, 0.91%, 12, 0, 2, 1420.80
1639553824, 1, 569, 805, 594, 0, 0.91%, 12, 0, 2, 1441.14
1639553829, 1, 597, 805, 589, 0, 0.91%, 12, 0, 2, 1424.18
1639553834, 1, 614, 805, 583, 0, 0.91%, 12, 0, 2, 1438.64
1639553839, 1, 642, 805, 579, 0, 0.91%, 12, 0, 2, 1422.91
1639553844, 1, 667, 805, 573, 0, 0.91%, 12, 0, 2, 1426.51
1639553850, 1, 683, 805, 567, 0, 0.91%, 12, 0, 2, 1326.93
1639553855, 1, 720, 806, 559, 0, 0.91%, 12, 0, 2, 1402.36
1639553860, 1, 736, 806, 556, 0, 0.91%, 12, 0, 2, 1418.13
1639553865, 1, 748, 806, 552, 0, 0.91%, 12, 0, 2, 1418.25
1639553870, 1, 768, 806, 545, 0, 0.91%, 12, 0, 2, 1411.07
1639553875, 1, 790, 806, 541, 0, 0.91%, 13, 0, 2, 1429.39
1639553880, 2, 18, 807, 537, 0, 0.91%, 13, 0, 2, 1439.77
1639553885, 2, 59, 807, 530, 0, 0.91%, 13, 0, 2, 1422.52
1639553891, 2, 97, 807, 523, 0, 0.91%, 13, 0, 2, 1427.77
1639553896, 2, 125, 807, 516, 0, 0.91%, 13, 0, 2, 1417.74
1639553901, 2, 175, 807, 512, 0, 0.91%, 13, 0, 2, 1409.52
1639553906, 2, 210, 807, 509, 0, 0.91%, 13, 0, 2, 1413.23
1639553911, 2, 248, 807, 502, 0, 0.91%, 13, 0, 2, 1425.56
1639553916, 2, 273, 807, 500, 0, 0.91%, 13, 0, 2, 1421.96
1639553921, 2, 318, 807, 492, 0, 0.91%, 13, 0, 2, 1427.68
1639553926, 2, 361, 807, 487, 0, 0.91%, 13, 0, 2, 1441.95
1639553931, 2, 377, 807, 482, 0, 0.91%, 13, 0, 2, 1421.98
1639553936, 2, 400, 807, 478, 0, 0.91%, 13, 0, 2, 1437.25
1639553941, 2, 425, 807, 475, 0, 0.91%, 13, 0, 2, 1446.89
1639553946, 2, 456, 807, 470, 0, 0.91%, 13, 0, 2, 1433.25
1639553951, 2, 487, 807, 462, 0, 0.91%, 13, 0, 2, 1380.84
1639553956, 2, 530, 807, 454, 0, 0.91%, 13, 0, 2, 2655.00
1639553962, 2, 546, 807, 452, 0, 0.91%, 13, 0, 2, 1502.06
1639553967, 2, 569, 807, 446, 0, 0.91%, 13, 0, 2, 1417.85
1639553972, 2, 597, 807, 441, 0, 0.91%, 13, 0, 2, 1401.85
