# unix_time, cycles_done, cur_path, paths_total, pending_total, pending_favs, map_size, unique_crashes, unique_hangs, max_depth, execs_per_sec
1639550338, 0, 0, 616, 616, 94, 0.95%, 0, 0, 1, 1226.79
1639550343, 0, 89, 616, 603, 81, 0.95%, 3, 0, 1, 1408.82
1639550348, 0, 146, 616, 590, 69, 0.95%, 3, 0, 1, 1444.26
1639550353, 0, 220, 616, 582, 61, 0.95%, 5, 0, 1, 1446.19
1639550358, 0, 293, 616, 572, 52, 0.95%, 6, 0, 1, 1427.94
1639550363, 0, 343, 616, 563, 44, 0.95%, 7, 0, 1, 1435.45
1639550368, 0, 384, 617, 556, 37, 0.95%, 7, 0, 2, 1359.17
1639550373, 0, 460, 617, 546, 27, 0.95%, 7, 0, 2, 1436.37
1639550378, 0, 498, 617, 538, 19, 0.95%, 7, 0, 2, 1460.73
1639550383, 0, 522, 617, 529, 12, 0.95%, 7, 0, 2, 1458.42
1639550388, 0, 583, 617, 522, 5, 0.95%, 7, 0, 2, 1463.62
1639550393, 1, 8, 617, 515, 0, 0.95%, 7, 0, 2, 1477.88
1639550398, 1, 42, 617, 506, 0, 0.95%, 7, 0, 2, 1472.75
1639550404, 1, 67, 617, 500, 0, 0.95%, 7, 0, 2, 1467.55
1639550409, 1, 101, 617, 492, 0, 0.95%, 8, 0, 2, 1456.70
1639550414, 1, 118, 617, 487, 0, 0.95%, 8, 0, 2, 1445.56
1639550419, 1, 146, 619, 484, 0, 0.95%, 8, 0, 2, 1444.78
1639550424, 1, 180, 619, 477, 0, 0.95%, 8, 0, 2, 1469.27
1639550429, 1, 202, 619, 472, 0, 0.95%, 8, 0, 2, 1412.63
1639550434, 1, 227, 619, 468, 0, 0.95%, 8, 0, 2, 1471.41
1639550439, 1, 260, 619, 461, 0, 0.95%, 8, 0, 2, 1696.65
1639550444, 1, 277, 619, 455, 0, 0.95%, 9, 0, 2, 1481.17
1639550449, 1, 296, 619, 449, 0, 0.95%, 9, 0, 2, 1442.42
1639550454, 1, 323, 619, 445, 0, 0.95%, 9, 0, 2, 1449.43
1639550459, 1, 347, 619, 439, 0, 0.95%, 9, 0, 2, 1468.60
1639550465, 1, 360, 619, 434, 0, 0.95%, 10, 0, 2, 1458.81
1639550470, 1, 386, 619, 430, 0, 0.95%, 11, 0, 2, 1444.75
1639550475, 1, 428, 619, 424, 0, 0.95%, 11, 0, 2, 1429.96
1639550480, 1, 442, 619, 418, 0, 0.95%, 11, 0, 2, 1442.57
1639550485, 1, 457, 620, 415, 0, 0.95%, 11, 0, 2, 1451.47
1639550490, 1, 468, 620, 410, 0, 0.95%, 11, 0, 2, 1448.61
1639550495, 1, 481, 620, 407, 0, 0.95%, 11, 0, 2, 1452.34
1639550500, 1, 500, 620, 401, 0, 0.95%, 11, 0, 2, 1448.41
1639550505, 1, 518, 620, 398, 0, 0.95%, 11, 0, 2, 1439.14
1639550510, 1, 530, 620, 393, 0, 0.95%, 12, 0, 2, 1429.32
1639550515, 1, 620, 621, 390, 1, 0.96%, 12, 0, 2, 1460.53
1639550520, 2, 20, 621, 384, 0, 0.96%, 12, 0, 2, 1458.94
1639550525, 2, 72, 621, 379, 0, 0.96%, 12, 0, 2, 1455.30
1639550530, 2, 113, 621, 373, 0, 0.96%, 12, 0, 2, 1458.84
1639550536, 2, 134, 621, 371, 0, 0.96%, 12, 0, 2, 1448.66
1639550541, 2, 159, 621, 366, 0, 0.96%, 13, 0, 2, 1454.06
1639550546, 2, 203, 621, 361, 0, 0.96%, 13, 0, 2, 1450.28
1639550551, 2, 227, 621, 357, 0, 0.96%, 13, 0, 2, 1454.87
1639550556, 2, 261, 621, 352, 0, 0.96%, 13, 0, 2, 1470.18
1639550561, 2, 285, 621, 346, 0, 0.96%, 13, 0, 2, 1471.39
1639550566, 2, 318, 621, 340, 0, 0.96%, 14, 0, 2, 1472.70
1639550571, 2, 348, 621, 335, 0, 0.96%, 14, 0, 2, 1470.95
1639550576, 2, 372, 621, 331, 0, 0.96%, 14, 0, 2, 1468.18
1639550582, 2, 411, 621, 325, 0, 0.96%, 14, 0, 2, 1452.64
1639550587, 2, 445, 621, 319, 0, 0.96%, 14, 0, 2, 1464.76
1639550592, 2, 473, 621, 316, 0, 0.96%, 14, 0, 2, 1455.32
1639550597, 2, 501, 621, 316, 0, 0.96%, 14, 0, 2, 1452.02
1639550602, 2, 621, 622, 314, 1, 0.96%, 14, 0, 2, 1463.53
1639550607, 3, 16, 622, 310, 0, 0.96%, 14, 0, 2, 1422.47
1639550612, 3, 60, 622, 306, 0, 0.96%, 15, 0, 2, 1451.85
1639550617, 3, 98, 622, 299, 0, 0.96%, 15, 0, 2, 1477.97
1639550622, 3, 133, 622, 296, 0, 0.96%, 15, 0, 2, 1432.31
1639550627, 3, 180, 622, 291, 0, 0.96%, 15, 0, 2, 1435.55
1639550632, 3, 211, 622, 287, 0, 0.96%, 15, 0, 2, 1423.74
