# unix_time, cycles_done, cur_path, paths_total, pending_total, pending_favs, map_size, unique_crashes, unique_hangs, max_depth, execs_per_sec
1639435973, 0, 0, 1, 1, 1, 0.12%, 0, 0, 1, 2000.00
1639435978, 0, 0, 70, 70, 1, 0.42%, 13, 0, 2, 1530.31
1639435983, 0, 13, 106, 101, 32, 0.49%, 14, 0, 3, 1442.25
1639435988, 0, 24, 130, 119, 35, 0.52%, 14, 0, 3, 1416.36
1639435993, 0, 31, 133, 117, 30, 0.52%, 15, 0, 3, 1418.54
1639435998, 0, 67, 142, 115, 19, 0.53%, 15, 0, 3, 1395.70
1639436003, 0, 67, 146, 119, 19, 0.54%, 15, 0, 3, 1443.44
1639436008, 0, 71, 151, 123, 23, 0.54%, 15, 0, 3, 1438.05
1639436014, 0, 106, 156, 122, 19, 0.54%, 18, 0, 4, 1279.70
1639436019, 0, 120, 174, 135, 15, 0.56%, 19, 0, 4, 1382.50
1639436024, 0, 142, 178, 133, 10, 0.56%, 19, 0, 4, 1499.53
1639436029, 0, 162, 193, 141, 7, 0.58%, 19, 0, 5, 1749.86
1639436034, 0, 164, 195, 142, 10, 0.58%, 21, 0, 5, 1482.38
1639436039, 0, 183, 209, 153, 10, 0.61%, 21, 0, 5, 1437.12
1639436044, 0, 184, 214, 157, 9, 0.61%, 21, 0, 6, 1412.36
1639436049, 0, 189, 217, 158, 8, 0.62%, 21, 0, 6, 1427.58
1639436054, 0, 200, 226, 163, 8, 0.63%, 22, 0, 6, 1409.14
1639436059, 0, 212, 228, 164, 7, 0.63%, 22, 0, 6, 1395.36
1639436064, 0, 217, 228, 161, 4, 0.63%, 22, 0, 6, 1374.03
1639436069, 0, 228, 233, 162, 1, 0.63%, 23, 0, 8, 1359.32
1639436074, 0, 233, 237, 164, 1, 0.66%, 23, 0, 10, 1416.45
1639436079, 0, 235, 249, 175, 2, 0.69%, 23, 0, 11, 1447.81
1639436084, 0, 239, 250, 173, 8, 0.69%, 23, 0, 12, 1408.62
1639436090, 0, 245, 251, 170, 4, 0.69%, 23, 0, 12, 1413.98
1639436095, 0, 249, 253, 169, 1, 0.69%, 23, 0, 13, 1401.92
1639436100, 0, 253, 258, 173, 1, 0.69%, 23, 0, 14, 1400.01
1639436105, 0, 256, 262, 176, 1, 0.69%, 23, 0, 15, 1417.61
1639436110, 0, 256, 264, 178, 1, 0.69%, 23, 0, 15, 1390.55
1639436115, 0, 261, 269, 182, 2, 0.69%, 23, 0, 16, 1431.33
1639436120, 1, 190, 270, 180, 1, 0.69%, 24, 0, 16, 1387.56
1639436125, 1, 272, 274, 182, 1, 0.70%, 25, 0, 16, 1408.52
1639436130, 1, 274, 278, 185, 1, 0.76%, 25, 0, 16, 1422.46
1639436135, 1, 275, 279, 185, 4, 0.76%, 25, 0, 16, 1429.74
1639436140, 1, 276, 282, 187, 3, 0.76%, 25, 0, 16, 1429.68
1639436145, 1, 277, 282, 186, 5, 0.76%, 25, 0, 16, 1411.97
1639436150, 1, 277, 283, 187, 5, 0.76%, 25, 0, 16, 1421.42
1639436155, 1, 278, 286, 189, 4, 0.76%, 25, 0, 16, 1439.38
1639436160, 1, 279, 287, 189, 3, 0.76%, 25, 0, 16, 1436.24
1639436165, 1, 280, 287, 188, 2, 0.76%, 25, 0, 16, 1435.27
1639436170, 1, 287, 291, 190, 1, 0.78%, 25, 0, 16, 1431.43
1639436176, 1, 289, 292, 190, 2, 0.78%, 25, 0, 16, 1423.13
1639436181, 1, 289, 293, 191, 2, 0.78%, 25, 0, 16, 1416.87
1639436186, 1, 290, 300, 197, 2, 0.78%, 26, 0, 16, 1432.52
1639436191, 1, 292, 301, 197, 3, 0.78%, 26, 0, 16, 1416.48
1639436196, 1, 294, 307, 202, 2, 0.79%, 26, 0, 16, 1428.93
1639436201, 1, 294, 312, 207, 2, 0.80%, 26, 0, 16, 1429.21
1639436206, 1, 301, 315, 209, 6, 0.80%, 26, 0, 16, 1420.10
1639436216, 1, 302, 317, 210, 6, 0.81%, 26, 0, 16, 1425.10
1639436226, 1, 303, 320, 212, 6, 0.81%, 26, 0, 16, 1429.44
1639436236, 1, 307, 325, 216, 6, 0.82%, 26, 0, 16, 1415.09
1639436241, 1, 307, 327, 218, 6, 0.82%, 26, 0, 16, 1416.19
1639436246, 1, 313, 336, 226, 7, 0.82%, 26, 0, 16, 1410.53
1639436256, 1, 315, 346, 235, 6, 0.82%, 26, 0, 16, 1383.16
1639436261, 1, 315, 347, 236, 6, 0.82%, 26, 0, 16, 1409.48
1639436266, 1, 317, 350, 238, 7, 0.82%, 26, 0, 16, 1376.56
