# unix_time, cycles_done, cur_path, paths_total, pending_total, pending_favs, map_size, unique_crashes, unique_hangs, max_depth, execs_per_sec
1639599375, 0, 0, 1, 1, 1, 0.12%, 0, 0, 1, 2000.00
1639599380, 0, 0, 77, 77, 1, 0.44%, 4, 0, 2, 1515.36
1639599385, 0, 6, 89, 87, 37, 0.44%, 5, 0, 3, 1474.00
1639599390, 0, 19, 100, 93, 34, 0.47%, 6, 0, 3, 1475.24
1639599395, 0, 32, 115, 103, 32, 0.47%, 7, 0, 3, 1464.44
1639599400, 0, 48, 132, 110, 23, 0.49%, 8, 0, 3, 1458.42
1639599405, 0, 75, 145, 113, 15, 0.52%, 8, 0, 3, 1474.72
1639599410, 0, 83, 153, 119, 18, 0.53%, 8, 0, 3, 1442.81
1639599415, 0, 94, 161, 124, 15, 0.54%, 8, 0, 4, 1467.39
1639599420, 0, 138, 166, 124, 10, 0.54%, 8, 0, 4, 1468.56
1639599425, 0, 158, 182, 132, 5, 0.55%, 8, 0, 5, 1462.78
1639599430, 0, 160, 185, 134, 5, 0.55%, 8, 0, 5, 1467.76
1639599435, 0, 172, 189, 137, 5, 0.55%, 8, 0, 5, 1475.69
1639599440, 0, 177, 193, 140, 4, 0.55%, 8, 0, 5, 1432.34
1639599446, 0, 178, 198, 144, 4, 0.55%, 8, 0, 5, 1463.40
1639599451, 0, 198, 201, 144, 2, 0.56%, 8, 0, 6, 1479.64
1639599456, 1, 125, 203, 138, 0, 0.56%, 9, 0, 6, 1490.61
1639599461, 1, 139, 204, 135, 0, 0.56%, 9, 0, 6, 1483.10
1639599466, 1, 208, 213, 142, 1, 0.57%, 9, 0, 6, 1483.37
1639599471, 1, 209, 214, 142, 4, 0.59%, 10, 0, 6, 1460.82
1639599476, 1, 210, 219, 146, 4, 0.60%, 10, 0, 6, 1469.80
1639599481, 1, 213, 224, 149, 4, 0.61%, 10, 0, 6, 1469.68
1639599486, 1, 216, 227, 150, 5, 0.61%, 10, 0, 7, 1464.85
1639599491, 1, 218, 230, 152, 5, 0.61%, 10, 0, 7, 1472.40
1639599496, 1, 220, 232, 152, 4, 0.61%, 11, 0, 7, 1497.01
1639599501, 1, 230, 232, 149, 1, 0.61%, 12, 0, 7, 1466.87
1639599506, 2, 12, 234, 148, 0, 0.61%, 12, 0, 8, 1484.00
1639599512, 2, 44, 234, 142, 0, 0.61%, 12, 0, 8, 1476.30
1639599517, 2, 70, 234, 138, 0, 0.61%, 12, 0, 8, 1469.67
1639599522, 2, 83, 235, 134, 0, 0.61%, 12, 0, 8, 1475.05
1639599527, 2, 117, 235, 132, 0, 0.61%, 13, 0, 8, 1452.30
1639599532, 2, 176, 237, 131, 1, 0.61%, 13, 0, 8, 1411.65
1639599537, 2, 235, 239, 132, 1, 0.61%, 13, 0, 8, 1404.74
1639599542, 3, 40, 240, 130, 0, 0.61%, 13, 0, 8, 1433.11
1639599547, 3, 61, 240, 128, 0, 0.61%, 13, 0, 8, 1444.70
1639599552, 3, 84, 242, 127, 0, 0.61%, 13, 0, 8, 1452.66
1639599557, 3, 99, 244, 126, 0, 0.61%, 13, 0, 8, 1445.08
1639599562, 3, 139, 244, 121, 0, 0.61%, 13, 0, 8, 1419.93
1639599567, 3, 171, 245, 120, 0, 0.61%, 13, 0, 8, 1461.64
1639599572, 3, 245, 247, 120, 1, 0.62%, 13, 0, 8, 1441.23
1639599577, 3, 245, 249, 122, 1, 0.62%, 13, 0, 8, 1457.25
1639599582, 4, 11, 251, 121, 0, 0.62%, 13, 0, 8, 1435.92
1639599588, 4, 172, 252, 120, 1, 0.62%, 13, 0, 8, 1435.36
1639599593, 5, 5, 252, 117, 0, 0.62%, 13, 0, 8, 1427.01
1639599598, 5, 33, 253, 115, 0, 0.62%, 13, 0, 8, 1440.62
1639599603, 5, 60, 253, 111, 0, 0.62%, 13, 0, 8, 1462.08
1639599608, 5, 87, 253, 110, 0, 0.62%, 13, 0, 8, 1465.95
1639599613, 5, 135, 253, 106, 0, 0.62%, 13, 0, 8, 2136.65
1639599618, 6, 12, 254, 105, 0, 0.62%, 13, 0, 8, 1721.00
1639599623, 6, 47, 254, 103, 0, 0.62%, 13, 0, 8, 1484.30
1639599628, 6, 76, 255, 101, 0, 0.62%, 13, 0, 8, 1473.34
1639599633, 6, 108, 255, 100, 0, 0.62%, 13, 0, 8, 1466.33
1639599638, 6, 176, 256, 96, 1, 0.67%, 14, 0, 8, 1450.58
1639599643, 6, 255, 262, 102, 1, 0.69%, 14, 0, 8, 1466.86
1639599654, 6, 256, 262, 101, 5, 0.69%, 14, 0, 8, 1454.28
1639599659, 6, 258, 263, 101, 5, 0.69%, 15, 0, 8, 1450.84
1639599669, 6, 259, 263, 100, 5, 0.69%, 15, 0, 8, 1469.14
1639599674, 6, 260, 264, 100, 4, 0.69%, 15, 0, 8, 1463.28
