# unix_time, cycles_done, cur_path, paths_total, pending_total, pending_favs, map_size, unique_crashes, unique_hangs, max_depth, execs_per_sec
1639441705, 0, 0, 880, 880, 87, 0.79%, 0, 0, 1, 1580.25
1639441710, 0, 208, 880, 867, 77, 0.79%, 4, 0, 1, 1468.59
1639441715, 0, 339, 880, 850, 62, 0.79%, 6, 0, 1, 1439.69
1639441720, 0, 452, 881, 841, 53, 0.79%, 6, 0, 2, 1425.36
1639441725, 0, 527, 881, 830, 43, 0.79%, 6, 0, 2, 1407.58
1639441730, 0, 653, 881, 817, 30, 0.79%, 6, 0, 2, 1417.20
1639441735, 0, 739, 881, 806, 19, 0.79%, 7, 0, 2, 1399.82
1639441740, 0, 752, 889, 813, 18, 0.80%, 7, 0, 2, 1389.99
1639441745, 0, 831, 889, 801, 14, 0.80%, 9, 0, 2, 1359.76
1639441750, 0, 881, 895, 801, 8, 0.81%, 9, 0, 3, 1411.31
1639441755, 0, 892, 897, 797, 5, 0.81%, 9, 0, 3, 1422.75
1639441761, 1, 459, 897, 788, 0, 0.81%, 9, 0, 3, 1420.31
1639441766, 1, 482, 897, 782, 0, 0.81%, 9, 0, 3, 1418.75
1639441771, 1, 519, 897, 775, 0, 0.81%, 9, 0, 3, 1426.78
1639441776, 1, 549, 897, 770, 0, 0.81%, 9, 0, 3, 1425.53
1639441781, 1, 569, 897, 763, 0, 0.81%, 9, 0, 3, 1417.57
1639441786, 1, 897, 901, 762, 1, 0.81%, 10, 0, 3, 1412.02
1639441791, 1, 899, 902, 761, 3, 0.81%, 10, 0, 4, 1397.02
1639441796, 1, 902, 904, 760, 1, 0.81%, 10, 0, 4, 1412.42
1639441801, 2, 26, 904, 754, 0, 0.81%, 10, 0, 4, 1433.43
1639441806, 2, 68, 904, 746, 0, 0.81%, 10, 0, 4, 1422.67
1639441811, 2, 105, 904, 736, 0, 0.81%, 10, 0, 4, 1414.78
1639441816, 2, 173, 904, 725, 0, 0.81%, 10, 0, 4, 1426.50
1639441822, 2, 210, 904, 716, 0, 0.81%, 10, 0, 4, 1424.26
1639441827, 2, 255, 904, 709, 0, 0.81%, 10, 0, 4, 1424.89
1639441832, 2, 282, 904, 701, 0, 0.81%, 10, 0, 4, 1430.93
1639441837, 2, 321, 905, 694, 0, 0.81%, 10, 0, 4, 1417.01
1639441842, 2, 636, 906, 689, 1, 0.81%, 10, 0, 4, 1433.03
1639441848, 3, 18, 906, 680, 0, 0.81%, 10, 0, 4, 1426.59
1639441853, 3, 79, 906, 670, 0, 0.81%, 11, 0, 4, 1422.65
1639441858, 3, 118, 906, 662, 0, 0.81%, 11, 0, 4, 1431.61
1639441863, 3, 165, 906, 654, 0, 0.81%, 11, 0, 4, 1437.05
1639441868, 3, 209, 906, 643, 0, 0.81%, 11, 0, 4, 1442.85
1639441873, 3, 245, 906, 634, 0, 0.81%, 11, 0, 4, 1432.91
1639441878, 3, 292, 906, 626, 0, 0.81%, 12, 0, 4, 1409.99
1639441883, 3, 338, 906, 617, 0, 0.81%, 12, 0, 4, 1446.38
1639441889, 3, 376, 906, 608, 0, 0.81%, 13, 0, 4, 1447.14
1639441894, 3, 411, 906, 600, 0, 0.81%, 13, 0, 4, 1456.55
1639441899, 3, 464, 906, 592, 0, 0.81%, 13, 0, 4, 1433.32
1639441904, 3, 486, 906, 588, 0, 0.81%, 13, 0, 4, 1351.07
1639441909, 3, 520, 906, 584, 0, 0.81%, 13, 0, 4, 1351.29
1639441914, 3, 547, 906, 580, 0, 0.81%, 13, 0, 4, 1397.78
1639441919, 3, 591, 906, 574, 0, 0.81%, 13, 0, 4, 1428.00
1639441924, 3, 611, 906, 567, 0, 0.81%, 13, 0, 4, 1426.80
1639441929, 3, 638, 906, 559, 0, 0.81%, 13, 0, 4, 1434.60
1639441934, 3, 668, 906, 552, 0, 0.81%, 13, 0, 4, 1423.23
1639441939, 3, 694, 906, 546, 0, 0.81%, 13, 0, 4, 1390.84
1639441944, 3, 726, 906, 540, 0, 0.81%, 13, 0, 4, 1422.84
1639441949, 3, 758, 906, 533, 0, 0.81%, 13, 0, 4, 1421.30
1639441954, 3, 798, 906, 525, 0, 0.81%, 13, 0, 4, 1414.93
1639441960, 3, 825, 906, 521, 0, 0.81%, 13, 0, 4, 1409.11
1639441965, 3, 877, 906, 513, 0, 0.81%, 14, 0, 4, 1432.13
1639441970, 3, 892, 906, 508, 0, 0.81%, 14, 0, 4, 1408.28
1639441975, 3, 901, 906, 507, 0, 0.81%, 14, 0, 4, 1437.66
1639441980, 4, 15, 906, 507, 0, 0.81%, 14, 0, 4, 1423.27
1639441985, 4, 106, 906, 501, 0, 0.81%, 14, 0, 4, 1432.65
1639441990, 4, 143, 906, 493, 0, 0.81%, 14, 0, 4, 1432.73
1639441995, 4, 205, 906, 483, 0, 0.81%, 14, 0, 4, 1433.33
