# unix_time, cycles_done, cur_path, paths_total, pending_total, pending_favs, map_size, unique_crashes, unique_hangs, max_depth, execs_per_sec
1639475225, 0, 0, 1, 1, 1, 0.12%, 0, 0, 1, 1600.00
1639475230, 0, 0, 85, 85, 1, 0.43%, 3, 0, 2, 1360.63
1639475235, 0, 11, 123, 118, 41, 0.51%, 4, 0, 3, 1290.58
1639475240, 0, 29, 141, 126, 33, 0.52%, 5, 0, 3, 1288.29
1639475245, 0, 29, 145, 130, 33, 0.52%, 7, 0, 3, 1298.80
1639475251, 0, 57, 159, 136, 28, 0.53%, 7, 0, 3, 1281.09
1639475256, 0, 69, 167, 140, 25, 0.55%, 7, 0, 3, 1331.33
1639475261, 0, 90, 173, 141, 23, 0.55%, 7, 0, 3, 1351.33
1639475266, 0, 101, 185, 148, 20, 0.56%, 7, 0, 4, 1358.14
1639475271, 0, 136, 190, 146, 15, 0.56%, 7, 0, 4, 1308.09
1639475276, 0, 154, 192, 143, 11, 0.56%, 7, 0, 4, 1338.14
1639475281, 0, 174, 200, 145, 8, 0.57%, 7, 0, 4, 1332.76
1639475286, 0, 186, 206, 149, 7, 0.57%, 7, 0, 5, 1343.99
1639475291, 0, 193, 221, 162, 16, 0.63%, 7, 0, 5, 1343.28
1639475296, 0, 199, 223, 161, 13, 0.63%, 7, 0, 5, 1346.65
1639475301, 0, 209, 223, 159, 11, 0.63%, 8, 0, 5, 1313.86
1639475306, 0, 212, 226, 159, 8, 0.63%, 8, 0, 6, 1312.39
1639475311, 0, 213, 233, 165, 10, 0.65%, 8, 0, 6, 1355.48
1639475317, 0, 213, 241, 173, 10, 0.66%, 10, 0, 6, 1340.64
1639475322, 0, 218, 241, 169, 11, 0.66%, 11, 0, 6, 1317.05
1639475327, 0, 232, 249, 174, 10, 0.66%, 11, 0, 7, 1336.28
1639475332, 0, 234, 253, 176, 9, 0.66%, 12, 0, 7, 1308.69
1639475337, 0, 234, 257, 180, 9, 0.66%, 13, 0, 7, 1327.37
1639475342, 0, 236, 259, 180, 8, 0.66%, 14, 0, 7, 1341.92
1639475347, 0, 241, 265, 183, 5, 0.67%, 14, 0, 8, 1338.61
1639475352, 0, 241, 266, 184, 5, 0.67%, 14, 0, 8, 1325.84
1639475357, 0, 264, 267, 181, 2, 0.67%, 14, 0, 8, 1334.75
1639475362, 1, 69, 267, 178, 0, 0.67%, 14, 0, 8, 1200.62
1639475368, 1, 99, 268, 176, 0, 0.67%, 14, 0, 8, 1324.54
1639475373, 1, 114, 269, 174, 0, 0.67%, 14, 0, 8, 1338.31
1639475378, 2, 6, 273, 173, 0, 0.67%, 15, 0, 8, 1343.02
1639475383, 2, 38, 276, 171, 0, 0.67%, 15, 0, 8, 1350.01
1639475388, 2, 67, 278, 169, 0, 0.67%, 15, 0, 8, 1352.85
1639475393, 2, 99, 278, 165, 0, 0.67%, 16, 0, 8, 1334.24
1639475398, 2, 107, 278, 164, 0, 0.67%, 16, 0, 8, 1336.07
1639475403, 2, 139, 279, 159, 0, 0.68%, 17, 0, 8, 1368.13
1639475408, 3, 14, 279, 154, 0, 0.68%, 17, 0, 8, 1352.82
1639475413, 3, 199, 281, 153, 1, 0.68%, 17, 0, 8, 1344.24
1639475418, 4, 30, 282, 151, 0, 0.68%, 17, 0, 8, 1880.13
1639475424, 4, 69, 282, 150, 0, 0.68%, 18, 0, 8, 1456.74
1639475429, 5, 251, 283, 148, 1, 0.68%, 18, 0, 8, 1355.76
1639475434, 5, 282, 287, 152, 1, 0.68%, 18, 0, 8, 1377.52
1639475439, 5, 284, 288, 152, 0, 0.68%, 18, 0, 8, 1369.73
1639475449, 6, 33, 289, 151, 0, 0.68%, 18, 0, 8, 1340.03
1639475454, 6, 62, 289, 146, 0, 0.68%, 18, 0, 8, 1360.17
1639475459, 6, 88, 292, 145, 0, 0.68%, 18, 0, 8, 1338.82
1639475464, 6, 100, 293, 144, 0, 0.68%, 18, 0, 8, 1369.46
1639475469, 6, 126, 293, 142, 0, 0.68%, 18, 0, 8, 1369.87
1639475474, 6, 268, 297, 143, 1, 0.70%, 18, 0, 8, 1369.86
1639475479, 6, 270, 302, 147, 1, 0.70%, 18, 0, 8, 1353.52
1639475484, 6, 270, 305, 150, 1, 0.70%, 18, 0, 8, 1367.81
1639475489, 6, 293, 307, 151, 1, 0.70%, 18, 0, 8, 1415.00
1639475494, 6, 296, 307, 150, 0, 0.70%, 18, 0, 8, 1379.76
1639475499, 6, 298, 308, 150, 0, 0.70%, 18, 0, 8, 1327.96
1639475504, 6, 307, 310, 151, 0, 0.70%, 18, 0, 8, 1339.22
1639475514, 6, 307, 311, 152, 0, 0.70%, 18, 0, 8, 1348.68
1639475519, 7, 30, 313, 152, 0, 0.70%, 18, 0, 8, 1355.08
1639475525, 7, 69, 313, 148, 0, 0.70%, 18, 0, 8, 1373.89
