# unix_time, cycles_done, cur_path, paths_total, pending_total, pending_favs, map_size, unique_crashes, unique_hangs, max_depth, execs_per_sec
1639594129, 0, 0, 789, 789, 77, 0.72%, 0, 0, 1, 1089.03
1639594134, 0, 106, 794, 787, 75, 0.73%, 3, 0, 2, 1223.08
1639594139, 0, 168, 798, 785, 70, 0.74%, 5, 0, 2, 1253.62
1639594144, 0, 216, 798, 779, 65, 0.74%, 5, 0, 2, 1261.68
1639594149, 0, 269, 806, 781, 60, 0.74%, 6, 0, 2, 1248.15
1639594154, 0, 297, 806, 776, 55, 0.74%, 6, 0, 2, 1189.37
1639594159, 0, 392, 806, 768, 48, 0.74%, 6, 0, 2, 1166.00
1639594164, 0, 490, 807, 760, 41, 0.74%, 7, 0, 2, 1173.76
1639594169, 0, 554, 807, 752, 33, 0.74%, 7, 0, 2, 1240.36
1639594174, 0, 602, 810, 748, 25, 0.74%, 7, 0, 2, 1296.43
1639594180, 0, 720, 814, 741, 15, 0.74%, 7, 0, 2, 1309.47
1639594185, 0, 791, 814, 733, 8, 0.74%, 7, 0, 2, 1298.52
1639594190, 1, 1, 815, 726, 0, 0.74%, 8, 0, 3, 1307.73
1639594195, 1, 16, 817, 725, 0, 0.74%, 9, 0, 3, 1261.46
1639594200, 1, 43, 819, 720, 0, 0.74%, 9, 0, 3, 1255.61
1639594205, 1, 72, 819, 711, 0, 0.74%, 9, 0, 3, 1259.92
1639594210, 1, 96, 819, 704, 0, 0.74%, 9, 0, 3, 1282.25
1639594215, 1, 122, 819, 698, 0, 0.74%, 9, 0, 3, 1301.21
1639594220, 1, 125, 824, 702, 0, 0.76%, 12, 0, 3, 1298.58
1639594225, 1, 295, 825, 700, 4, 0.76%, 12, 0, 3, 1330.57
1639594230, 1, 821, 825, 694, 3, 0.76%, 12, 0, 3, 1339.30
1639594235, 1, 823, 826, 693, 1, 0.76%, 13, 0, 3, 1333.42
1639594241, 2, 14, 827, 693, 0, 0.76%, 13, 0, 3, 1318.05
1639594246, 2, 48, 827, 686, 0, 0.76%, 13, 0, 3, 1293.94
1639594251, 2, 80, 827, 680, 0, 0.76%, 13, 0, 3, 1320.80
1639594256, 2, 112, 827, 675, 0, 0.76%, 13, 0, 3, 1288.49
1639594261, 2, 133, 827, 670, 0, 0.76%, 13, 0, 3, 1334.28
1639594266, 2, 172, 827, 662, 0, 0.76%, 13, 0, 3, 1356.95
1639594271, 2, 197, 829, 660, 0, 0.76%, 13, 0, 3, 1375.00
1639594276, 2, 220, 829, 653, 0, 0.76%, 14, 0, 3, 1390.09
1639594281, 2, 728, 831, 647, 1, 0.76%, 14, 0, 3, 1387.56
1639594286, 3, 3, 831, 643, 0, 0.76%, 14, 0, 3, 1424.44
1639594291, 3, 51, 831, 639, 0, 0.76%, 14, 0, 3, 1410.50
1639594296, 3, 98, 831, 634, 0, 0.76%, 14, 0, 3, 1404.82
1639594302, 3, 129, 831, 630, 0, 0.76%, 14, 0, 3, 1395.10
1639594307, 3, 162, 831, 624, 0, 0.76%, 14, 0, 3, 1388.73
1639594312, 3, 182, 831, 618, 0, 0.76%, 14, 0, 3, 1420.43
1639594317, 3, 218, 831, 611, 0, 0.76%, 14, 0, 3, 1365.23
1639594322, 3, 259, 831, 606, 0, 0.76%, 14, 0, 3, 1371.15
1639594327, 3, 295, 831, 603, 0, 0.76%, 14, 0, 3, 1391.65
1639594332, 3, 319, 831, 596, 0, 0.76%, 14, 0, 3, 1426.54
1639594338, 3, 344, 831, 590, 0, 0.76%, 14, 0, 3, 1435.45
1639594343, 3, 379, 831, 582, 0, 0.76%, 15, 0, 3, 1439.83
1639594348, 3, 412, 831, 574, 0, 0.76%, 15, 0, 3, 1413.76
1639594353, 3, 621, 832, 569, 1, 0.76%, 15, 0, 3, 1413.58
1639594358, 4, 16, 832, 564, 0, 0.76%, 16, 0, 3, 1434.02
1639594363, 4, 51, 832, 557, 0, 0.76%, 16, 0, 3, 1417.04
1639594368, 4, 107, 832, 551, 0, 0.76%, 16, 0, 3, 1429.44
1639594373, 4, 164, 832, 548, 0, 0.76%, 16, 0, 3, 1432.83
1639594378, 4, 195, 832, 544, 0, 0.76%, 16, 0, 3, 1411.08
1639594384, 4, 228, 832, 539, 0, 0.76%, 17, 0, 3, 1385.11
1639594389, 4, 264, 832, 531, 0, 0.76%, 17, 0, 3, 1370.22
1639594394, 4, 285, 832, 526, 0, 0.76%, 17, 0, 3, 1418.50
1639594399, 4, 310, 832, 520, 0, 0.76%, 17, 0, 3, 1431.30
1639594404, 4, 339, 832, 513, 0, 0.76%, 17, 0, 3, 1411.11
1639594409, 4, 382, 832, 506, 0, 0.76%, 17, 0, 3, 1393.19
1639594414, 4, 422, 832, 500, 0, 0.76%, 17, 0, 3, 1396.95
1639594419, 4, 456, 832, 494, 0, 0.76%, 17, 0, 3, 1394.14
