# unix_time, cycles_done, cur_path, paths_total, pending_total, pending_favs, map_size, unique_crashes, unique_hangs, max_depth, execs_per_sec
1639590628, 0, 0, 1, 1, 1, 0.12%, 0, 0, 1, 666.67
1639590633, 0, 0, 80, 80, 1, 0.45%, 3, 0, 2, 1226.84
1639590638, 0, 13, 105, 102, 36, 0.50%, 4, 0, 3, 1354.13
1639590643, 0, 25, 112, 106, 34, 0.50%, 4, 0, 3, 1440.72
1639590649, 0, 32, 128, 117, 33, 0.51%, 4, 0, 3, 1418.18
1639590654, 0, 63, 140, 117, 23, 0.52%, 4, 0, 3, 1391.77
1639590659, 0, 78, 150, 121, 18, 0.53%, 4, 0, 3, 1381.11
1639590664, 0, 96, 155, 121, 14, 0.53%, 4, 0, 4, 1311.33
1639590669, 0, 103, 164, 127, 12, 0.54%, 4, 0, 4, 1322.66
1639590674, 0, 126, 165, 123, 10, 0.54%, 4, 0, 4, 1162.39
1639590679, 0, 135, 176, 132, 8, 0.56%, 4, 0, 4, 693.91
1639590684, 0, 135, 177, 133, 8, 0.56%, 4, 0, 4, 188.25
1639590689, 0, 135, 178, 134, 8, 0.56%, 4, 0, 4, 378.69
1639590695, 0, 143, 181, 136, 16, 0.58%, 4, 0, 4, 480.09
1639590700, 0, 144, 183, 137, 15, 0.58%, 4, 0, 4, 512.93
1639590705, 0, 155, 187, 139, 13, 0.58%, 4, 0, 4, 589.12
1639590710, 0, 157, 191, 142, 14, 0.58%, 4, 0, 5, 739.15
1639590715, 0, 169, 193, 142, 12, 0.58%, 4, 0, 5, 941.46
1639590720, 0, 178, 199, 143, 8, 0.59%, 4, 0, 5, 1164.48
1639590725, 0, 188, 206, 147, 8, 0.60%, 5, 0, 5, 1320.55
1639590730, 0, 193, 216, 155, 10, 0.62%, 5, 0, 6, 1408.59
1639590735, 0, 208, 218, 152, 7, 0.63%, 5, 0, 7, 1429.06
1639590740, 0, 212, 220, 151, 4, 0.63%, 5, 0, 7, 1452.37
1639590746, 0, 221, 222, 149, 2, 0.63%, 5, 0, 8, 1476.07
1639590751, 1, 63, 225, 148, 0, 0.63%, 5, 0, 9, 1472.84
1639590756, 2, 16, 225, 145, 0, 0.63%, 5, 0, 9, 1359.84
1639590761, 2, 40, 225, 140, 0, 0.63%, 5, 0, 9, 1347.67
1639590766, 2, 63, 226, 139, 0, 0.63%, 5, 0, 9, 1319.61
1639590771, 2, 74, 227, 137, 0, 0.63%, 5, 0, 9, 1296.25
1639590776, 2, 96, 229, 138, 0, 0.63%, 5, 0, 9, 1387.02
1639590781, 2, 129, 233, 140, 0, 0.63%, 6, 0, 9, 1558.96
1639590786, 2, 144, 234, 139, 0, 0.63%, 6, 0, 9, 1155.18
1639590791, 2, 155, 235, 137, 0, 0.63%, 7, 0, 9, 1068.92
1639590796, 2, 157, 236, 138, 0, 0.63%, 7, 0, 9, 1103.75
1639590801, 2, 169, 237, 137, 0, 0.63%, 7, 0, 9, 1209.80
1639590807, 2, 180, 240, 139, 0, 0.63%, 7, 0, 9, 1275.83
1639590812, 2, 238, 247, 145, 1, 0.64%, 8, 0, 9, 1231.09
1639590817, 2, 238, 248, 146, 1, 0.64%, 8, 0, 9, 1215.68
1639590822, 2, 241, 253, 150, 2, 0.64%, 8, 0, 9, 1220.23
1639590827, 2, 242, 254, 150, 3, 0.64%, 8, 0, 9, 1212.71
1639590832, 2, 246, 258, 153, 3, 0.64%, 8, 0, 9, 1206.88
1639590837, 2, 247, 260, 154, 3, 0.64%, 9, 0, 9, 1214.78
1639590842, 2, 256, 262, 154, 1, 0.64%, 10, 0, 9, 1206.32
1639590847, 2, 262, 264, 155, 1, 0.65%, 10, 0, 9, 1225.98
1639590852, 3, 35, 266, 153, 0, 0.65%, 10, 0, 9, 1267.06
1639590858, 3, 63, 268, 154, 0, 0.65%, 10, 0, 9, 1186.77
1639590863, 3, 75, 269, 155, 0, 0.65%, 11, 0, 9, 1034.97
1639590868, 3, 88, 269, 151, 0, 0.65%, 11, 0, 9, 1098.59
1639590873, 3, 108, 270, 149, 0, 0.65%, 11, 0, 9, 1118.55
1639590878, 3, 124, 270, 143, 0, 0.65%, 11, 0, 9, 1135.49
1639590883, 3, 144, 270, 143, 0, 0.65%, 11, 0, 9, 1163.99
1639590888, 3, 157, 270, 141, 0, 0.65%, 11, 0, 9, 1196.62
1639590893, 3, 174, 270, 139, 0, 0.65%, 11, 0, 9, 1265.25
1639590898, 3, 270, 276, 141, 2, 0.65%, 11, 0, 9, 1279.91
1639590903, 3, 270, 282, 147, 2, 0.66%, 11, 0, 9, 1316.97
1639590908, 3, 271, 284, 148, 3, 0.66%, 11, 0, 9, 1347.90
1639590913, 3, 277, 288, 150, 3, 0.66%, 12, 0, 9, 1388.35
1639590918, 3, 279, 292, 153, 2, 0.66%, 12, 0, 9, 1388.02
1639590924, 3, 289, 293, 153, 2, 0.66%, 12, 0, 9, 1394.73
