# unix_time, cycles_done, cur_path, paths_total, pending_total, pending_favs, map_size, unique_crashes, unique_hangs, max_depth, execs_per_sec
1639549834, 0, 0, 1, 1, 1, 0.12%, 0, 0, 1, 1333.33
1639549839, 0, 0, 78, 78, 1, 0.43%, 5, 0, 2, 1402.97
1639549844, 0, 7, 116, 114, 41, 0.48%, 6, 0, 3, 1391.26
1639549849, 0, 26, 130, 119, 35, 0.52%, 6, 0, 3, 1411.61
1639549854, 0, 48, 139, 117, 25, 0.52%, 6, 0, 3, 1437.80
1639549859, 0, 53, 151, 126, 23, 0.52%, 6, 0, 3, 1456.12
1639549865, 0, 83, 163, 130, 16, 0.53%, 6, 0, 3, 1466.67
1639549870, 0, 119, 171, 134, 13, 0.54%, 6, 0, 4, 1459.58
1639549875, 0, 127, 175, 136, 16, 0.55%, 6, 0, 4, 1449.73
1639549880, 0, 140, 178, 135, 13, 0.55%, 7, 0, 4, 1450.87
1639549885, 0, 159, 184, 136, 8, 0.56%, 7, 0, 4, 1461.79
1639549890, 0, 161, 188, 139, 10, 0.56%, 7, 0, 4, 1430.92
1639549895, 0, 172, 194, 142, 8, 0.56%, 7, 0, 5, 1439.30
1639549900, 0, 181, 201, 147, 7, 0.57%, 8, 0, 5, 1418.02
1639549905, 0, 182, 207, 152, 9, 0.58%, 8, 0, 5, 1448.27
1639549910, 0, 200, 212, 153, 7, 0.59%, 8, 0, 6, 1459.90
1639549915, 0, 201, 216, 156, 7, 0.60%, 9, 0, 6, 1472.71
1639549920, 0, 211, 221, 157, 9, 0.63%, 9, 0, 7, 1476.47
1639549925, 0, 215, 224, 157, 7, 0.63%, 9, 0, 7, 1474.92
1639549930, 0, 217, 228, 159, 7, 0.64%, 9, 0, 7, 1476.98
1639549935, 0, 222, 236, 166, 7, 0.65%, 10, 0, 8, 1433.57
1639549941, 0, 225, 240, 167, 9, 0.65%, 10, 0, 8, 1451.09
1639549946, 0, 227, 245, 171, 8, 0.66%, 10, 0, 8, 1477.42
1639549951, 0, 230, 249, 173, 9, 0.67%, 10, 0, 9, 1398.75
1639549956, 0, 234, 254, 177, 9, 0.67%, 11, 0, 9, 1434.46
1639549961, 0, 238, 258, 179, 7, 0.67%, 11, 0, 9, 1442.69
1639549966, 0, 242, 263, 183, 6, 0.67%, 11, 0, 9, 1431.26
1639549971, 0, 243, 267, 186, 6, 0.67%, 12, 0, 9, 1412.59
1639549976, 0, 245, 270, 188, 7, 0.70%, 12, 0, 9, 1442.76
1639549981, 0, 248, 275, 192, 9, 0.70%, 13, 0, 10, 1436.69
1639549986, 0, 259, 277, 193, 9, 0.70%, 15, 0, 10, 1460.45
1639549991, 0, 263, 281, 196, 8, 0.70%, 17, 0, 10, 1451.70
1639549996, 0, 267, 282, 195, 6, 0.70%, 17, 0, 10, 1468.04
1639550001, 0, 269, 289, 200, 5, 0.73%, 17, 0, 10, 1452.30
1639550006, 0, 270, 290, 200, 11, 0.73%, 17, 0, 10, 1464.09
1639550011, 0, 272, 294, 203, 10, 0.73%, 17, 0, 11, 1448.41
1639550017, 0, 283, 295, 201, 8, 0.73%, 17, 0, 11, 1475.93
1639550022, 0, 286, 296, 199, 5, 0.73%, 17, 0, 11, 1459.60
1639550027, 1, 72, 297, 196, 1, 0.73%, 17, 0, 11, 1453.52
1639550032, 1, 110, 299, 190, 0, 0.73%, 18, 0, 11, 1878.02
1639550037, 1, 293, 300, 187, 1, 0.73%, 18, 0, 11, 1518.81
1639550042, 2, 3, 301, 186, 0, 0.73%, 18, 0, 12, 1483.20
1639550047, 2, 34, 302, 185, 0, 0.73%, 18, 0, 12, 1468.73
1639550052, 2, 58, 302, 177, 0, 0.73%, 18, 0, 12, 1433.25
1639550057, 2, 83, 302, 174, 0, 0.73%, 18, 0, 12, 1441.48
1639550062, 2, 112, 302, 169, 0, 0.73%, 18, 0, 12, 1448.61
1639550067, 2, 134, 303, 166, 0, 0.73%, 18, 0, 12, 1451.80
1639550072, 2, 303, 306, 167, 1, 0.73%, 18, 0, 12, 1454.78
1639550077, 3, 17, 307, 166, 0, 0.73%, 18, 0, 12, 1460.53
1639550082, 3, 37, 308, 164, 0, 0.73%, 18, 0, 12, 1452.19
1639550087, 3, 71, 308, 159, 0, 0.73%, 18, 0, 12, 1454.89
1639550092, 3, 83, 310, 159, 0, 0.73%, 18, 0, 12, 1452.02
1639550098, 3, 113, 310, 153, 0, 0.73%, 18, 0, 12, 1450.44
1639550103, 3, 138, 311, 152, 0, 0.73%, 18, 0, 12, 1448.20
1639550108, 3, 152, 311, 148, 0, 0.73%, 18, 0, 12, 1454.32
1639550113, 3, 168, 311, 145, 0, 0.73%, 18, 0, 12, 1443.54
1639550118, 3, 172, 312, 145, 0, 0.73%, 18, 0, 12, 1470.19
1639550123, 3, 201, 312, 143, 0, 0.73%, 18, 0, 12, 1439.41
1639550128, 3, 207, 312, 142, 0, 0.73%, 18, 0, 12, 1464.09
1639550133, 3, 216, 312, 141, 0, 0.73%, 18, 0, 12, 1471.45
