# unix_time, cycles_done, cur_path, paths_total, pending_total, pending_favs, map_size, unique_crashes, unique_hangs, max_depth, execs_per_sec
1639450583, 0, 0, 987, 987, 100, 0.93%, 0, 0, 1, 1113.21
1639450588, 0, 104, 987, 978, 92, 0.93%, 1, 0, 1, 1357.88
1639450594, 0, 174, 987, 969, 84, 0.93%, 2, 0, 1, 1422.18
1639450599, 0, 262, 987, 956, 73, 0.93%, 3, 0, 1, 1434.86
1639450604, 0, 437, 987, 944, 61, 0.93%, 4, 0, 1, 1339.22
1639450609, 0, 493, 987, 937, 55, 0.93%, 4, 0, 1, 1324.36
1639450614, 0, 582, 987, 928, 47, 0.93%, 4, 0, 1, 1363.92
1639450619, 0, 676, 987, 916, 35, 0.93%, 7, 0, 1, 1383.72
1639450624, 0, 744, 987, 906, 25, 0.93%, 7, 0, 1, 1379.99
1639450629, 0, 829, 987, 898, 17, 0.93%, 7, 0, 1, 1411.82
1639450634, 0, 884, 987, 891, 10, 0.93%, 7, 0, 1, 1362.91
1639450640, 0, 966, 987, 884, 3, 0.93%, 7, 0, 1, 1389.25
1639450645, 1, 26, 987, 874, 0, 0.93%, 7, 0, 1, 1371.78
1639450650, 1, 45, 987, 867, 0, 0.93%, 7, 0, 1, 1395.36
1639450655, 1, 57, 987, 859, 0, 0.93%, 7, 0, 1, 1367.64
1639450660, 1, 80, 987, 853, 0, 0.93%, 8, 0, 1, 1383.94
1639450665, 1, 104, 987, 845, 0, 0.93%, 8, 0, 1, 1384.89
1639450670, 1, 128, 987, 841, 0, 0.93%, 8, 0, 1, 1426.73
1639450675, 1, 156, 987, 833, 0, 0.93%, 8, 0, 1, 1438.12
1639450680, 1, 175, 987, 829, 0, 0.93%, 9, 0, 1, 1428.49
1639450685, 1, 205, 987, 825, 0, 0.93%, 9, 0, 1, 1402.26
1639450691, 1, 226, 987, 818, 0, 0.93%, 9, 0, 1, 1402.40
1639450696, 1, 259, 987, 809, 0, 0.93%, 9, 0, 1, 1389.91
1639450701, 1, 276, 987, 802, 0, 0.93%, 9, 0, 1, 1378.57
1639450706, 1, 312, 987, 792, 0, 0.93%, 9, 0, 1, 1388.63
1639450711, 1, 337, 987, 784, 0, 0.93%, 9, 0, 1, 1418.94
1639450716, 1, 354, 987, 778, 0, 0.93%, 9, 0, 1, 1420.02
1639450722, 1, 381, 987, 769, 0, 0.93%, 9, 0, 1, 1421.48
1639450727, 1, 430, 987, 760, 0, 0.93%, 9, 0, 1, 1416.88
1639450732, 1, 445, 987, 757, 0, 0.93%, 9, 0, 1, 1398.82
1639450737, 1, 479, 987, 753, 0, 0.93%, 9, 0, 1, 1387.11
1639450742, 1, 494, 987, 746, 0, 0.93%, 9, 0, 1, 1378.21
1639450747, 1, 532, 987, 738, 0, 0.93%, 10, 0, 1, 1372.01
1639450752, 1, 577, 987, 732, 0, 0.93%, 10, 0, 1, 1590.88
1639450757, 1, 597, 987, 726, 0, 0.93%, 10, 0, 1, 1401.11
1639450762, 1, 619, 987, 720, 0, 0.93%, 10, 0, 1, 1390.97
1639450767, 1, 661, 987, 716, 0, 0.93%, 10, 0, 1, 1385.99
1639450772, 1, 673, 987, 710, 0, 0.93%, 10, 0, 1, 1378.19
1639450777, 1, 692, 987, 704, 0, 0.93%, 10, 0, 1, 1419.93
1639450783, 1, 716, 987, 700, 0, 0.93%, 10, 0, 1, 1276.43
1639450788, 1, 743, 987, 694, 0, 0.93%, 10, 0, 1, 1201.08
1639450793, 1, 784, 987, 687, 0, 0.93%, 10, 0, 1, 1369.30
1639450798, 1, 808, 987, 680, 0, 0.93%, 10, 0, 1, 1344.83
1639450803, 1, 826, 987, 676, 0, 0.93%, 11, 0, 1, 1340.81
1639450808, 1, 862, 987, 672, 0, 0.93%, 11, 0, 1, 1341.06
1639450813, 1, 893, 987, 668, 0, 0.93%, 11, 0, 1, 1363.53
1639450818, 1, 925, 987, 661, 0, 0.93%, 11, 0, 1, 1402.94
1639450823, 1, 947, 987, 655, 0, 0.93%, 11, 0, 1, 1356.19
1639450828, 1, 970, 987, 649, 0, 0.93%, 11, 0, 1, 1354.67
1639450833, 2, 25, 987, 639, 0, 0.93%, 11, 0, 1, 1371.11
1639450838, 2, 77, 988, 636, 0, 0.93%, 11, 0, 2, 1344.46
1639450843, 2, 114, 988, 632, 0, 0.93%, 11, 0, 2, 1365.50
1639450848, 2, 152, 988, 625, 0, 0.93%, 11, 0, 2, 1373.48
1639450854, 2, 175, 988, 620, 0, 0.93%, 11, 0, 2, 1380.70
1639450859, 2, 202, 988, 616, 0, 0.93%, 11, 0, 2, 1390.07
1639450864, 2, 221, 988, 610, 0, 0.93%, 11, 0, 2, 1382.96
1639450869, 2, 262, 988, 606, 0, 0.93%, 11, 0, 2, 1397.59
1639450874, 2, 295, 988, 600, 0, 0.93%, 11, 0, 2, 1368.12
