# unix_time, cycles_done, cur_path, paths_total, pending_total, pending_favs, map_size, unique_crashes, unique_hangs, max_depth, execs_per_sec
1639556169, 0, 0, 1, 1, 1, 0.12%, 0, 0, 1, 1600.00
1639556174, 0, 0, 75, 75, 1, 0.42%, 4, 0, 2, 1436.61
1639556179, 0, 15, 109, 104, 37, 0.49%, 4, 0, 3, 1408.28
1639556184, 0, 38, 134, 116, 25, 0.50%, 4, 0, 3, 1445.08
1639556189, 0, 38, 138, 120, 25, 0.51%, 6, 0, 3, 1442.77
1639556194, 0, 66, 150, 123, 22, 0.52%, 6, 0, 3, 1448.26
1639556200, 0, 76, 166, 135, 22, 0.54%, 6, 0, 3, 1415.39
1639556205, 0, 81, 176, 142, 24, 0.56%, 6, 0, 3, 1450.73
1639556210, 0, 116, 190, 151, 19, 0.56%, 6, 0, 4, 1446.95
1639556215, 0, 141, 197, 153, 16, 0.61%, 6, 0, 4, 1450.67
1639556220, 0, 170, 200, 149, 12, 0.61%, 6, 0, 4, 1447.07
1639556225, 0, 178, 209, 153, 12, 0.64%, 6, 0, 4, 1467.21
1639556230, 0, 191, 210, 150, 9, 0.64%, 7, 0, 5, 1441.26
1639556235, 0, 196, 215, 153, 8, 0.64%, 7, 0, 5, 1451.58
1639556240, 0, 199, 218, 155, 7, 0.65%, 9, 0, 5, 1423.57
1639556245, 0, 200, 222, 158, 8, 0.66%, 10, 0, 5, 1426.30
1639556250, 0, 202, 230, 164, 9, 0.68%, 10, 0, 5, 1422.61
1639556255, 0, 209, 233, 165, 13, 0.69%, 10, 0, 6, 1439.35
1639556260, 0, 217, 238, 168, 14, 0.69%, 10, 0, 6, 1422.67
1639556266, 0, 221, 239, 166, 12, 0.69%, 12, 0, 6, 1432.13
1639556271, 0, 226, 242, 164, 8, 0.70%, 13, 0, 6, 1429.08
1639556276, 0, 232, 248, 168, 7, 0.72%, 13, 0, 7, 1435.70
1639556281, 0, 236, 254, 172, 10, 0.72%, 13, 0, 7, 1433.85
1639556286, 0, 237, 262, 179, 10, 0.72%, 13, 0, 7, 1453.31
1639556291, 0, 242, 266, 181, 8, 0.72%, 13, 0, 7, 1422.55
1639556297, 0, 244, 266, 180, 8, 0.72%, 13, 0, 7, 1408.68
1639556302, 0, 249, 267, 179, 7, 0.72%, 13, 0, 8, 1426.79
1639556307, 0, 257, 270, 179, 4, 0.72%, 13, 0, 8, 1413.02
1639556312, 0, 263, 271, 179, 5, 0.72%, 13, 0, 8, 1444.84
1639556317, 0, 268, 271, 177, 3, 0.72%, 13, 0, 8, 1445.62
1639556322, 1, 11, 272, 173, 0, 0.72%, 13, 0, 8, 1425.46
1639556327, 1, 46, 276, 173, 0, 0.72%, 13, 0, 8, 1457.28
1639556332, 1, 74, 276, 168, 0, 0.72%, 13, 0, 8, 1464.25
1639556337, 1, 172, 278, 169, 1, 0.73%, 13, 0, 8, 1444.46
1639556342, 2, 33, 279, 166, 0, 0.73%, 13, 0, 8, 1462.65
1639556347, 2, 64, 280, 161, 0, 0.73%, 13, 0, 8, 1459.73
1639556352, 2, 84, 280, 158, 0, 0.73%, 13, 0, 8, 1464.62
1639556358, 2, 116, 280, 152, 0, 0.73%, 13, 0, 8, 1460.26
1639556363, 2, 280, 282, 152, 1, 0.73%, 13, 0, 8, 1428.64
1639556368, 3, 11, 282, 149, 0, 0.73%, 13, 0, 8, 1396.72
1639556373, 3, 58, 283, 147, 0, 0.73%, 13, 0, 8, 1443.14
1639556378, 3, 83, 283, 146, 0, 0.73%, 14, 0, 8, 1439.08
1639556383, 3, 93, 283, 143, 0, 0.73%, 14, 0, 8, 1405.65
1639556388, 3, 137, 283, 137, 0, 0.73%, 14, 0, 8, 1441.89
1639556393, 3, 167, 283, 129, 0, 0.73%, 14, 0, 8, 1414.59
1639556399, 3, 187, 283, 127, 0, 0.73%, 14, 0, 8, 1444.74
1639556404, 3, 194, 283, 125, 0, 0.73%, 14, 0, 8, 1441.56
1639556409, 3, 204, 285, 126, 0, 0.73%, 14, 0, 8, 1423.19
1639556414, 3, 215, 289, 128, 0, 0.73%, 14, 0, 8, 1457.23
1639556419, 3, 220, 293, 131, 0, 0.73%, 14, 0, 8, 2012.91
1639556424, 3, 225, 296, 133, 0, 0.73%, 14, 0, 8, 1750.71
1639556429, 3, 237, 296, 133, 0, 0.73%, 14, 0, 8, 1407.24
1639556434, 3, 245, 296, 132, 0, 0.73%, 14, 0, 8, 1447.01
1639556439, 3, 253, 296, 132, 0, 0.73%, 14, 0, 8, 1429.70
1639556444, 3, 266, 296, 131, 0, 0.73%, 14, 0, 8, 1433.83
1639556449, 3, 297, 298, 132, 1, 0.74%, 14, 0, 10, 1432.63
1639556454, 4, 34, 299, 129, 0, 0.74%, 14, 0, 10, 1421.15
1639556459, 4, 71, 300, 127, 0, 0.74%, 14, 0, 10, 1424.50
1639556464, 4, 87, 300, 125, 0, 0.74%, 15, 0, 10, 1422.49
