# unix_time, cycles_done, cur_path, paths_total, pending_total, pending_favs, map_size, unique_crashes, unique_hangs, max_depth, execs_per_sec
1639445672, 0, 0, 1036, 1036, 96, 0.93%, 0, 0, 1, 1254.62
1639445677, 0, 95, 1036, 1026, 86, 0.93%, 1, 0, 1, 1402.05
1639445682, 0, 210, 1036, 1014, 76, 0.93%, 4, 0, 1, 1429.80
1639445687, 0, 331, 1036, 1006, 69, 0.93%, 4, 0, 1, 1440.67
1639445692, 0, 442, 1036, 994, 59, 0.93%, 4, 0, 1, 1442.94
1639445697, 0, 536, 1036, 983, 48, 0.93%, 5, 0, 1, 1461.46
1639445702, 0, 596, 1036, 974, 40, 0.93%, 6, 0, 1, 1422.69
1639445707, 0, 682, 1036, 965, 33, 0.93%, 6, 0, 1, 1424.94
1639445712, 0, 754, 1036, 956, 26, 0.93%, 6, 0, 1, 1443.34
1639445717, 0, 858, 1036, 948, 18, 0.93%, 6, 0, 1, 1436.32
1639445723, 0, 935, 1036, 937, 8, 0.93%, 6, 0, 1, 1439.70
1639445728, 1, 4, 1036, 929, 0, 0.93%, 6, 0, 1, 1440.57
1639445733, 1, 36, 1036, 923, 0, 0.93%, 6, 0, 1, 1432.66
1639445738, 1, 62, 1036, 917, 0, 0.93%, 6, 0, 1, 1431.28
1639445743, 1, 84, 1036, 909, 0, 0.93%, 6, 0, 1, 1436.98
1639445748, 1, 110, 1036, 901, 0, 0.93%, 6, 0, 1, 1417.74
1639445754, 1, 156, 1036, 894, 0, 0.93%, 6, 0, 1, 1445.02
1639445759, 1, 197, 1036, 886, 0, 0.93%, 6, 0, 1, 1426.24
1639445764, 1, 244, 1036, 882, 0, 0.93%, 6, 0, 1, 1441.52
1639445769, 1, 283, 1036, 874, 0, 0.93%, 6, 0, 1, 1427.89
1639445774, 1, 299, 1036, 867, 0, 0.93%, 7, 0, 1, 1360.24
1639445779, 1, 326, 1036, 859, 0, 0.93%, 7, 0, 1, 1403.19
1639445784, 1, 357, 1036, 853, 0, 0.93%, 7, 0, 1, 1433.09
1639445789, 1, 385, 1036, 845, 0, 0.93%, 7, 0, 1, 1372.64
1639445794, 1, 434, 1036, 837, 0, 0.93%, 7, 0, 1, 1420.98
1639445799, 1, 453, 1036, 832, 0, 0.93%, 7, 0, 1, 1431.06
1639445804, 1, 488, 1036, 825, 0, 0.93%, 7, 0, 1, 1433.19
1639445809, 1, 517, 1036, 817, 0, 0.93%, 7, 0, 1, 1421.09
1639445814, 1, 552, 1037, 815, 0, 0.93%, 7, 0, 2, 1445.22
1639445819, 1, 582, 1037, 808, 0, 0.93%, 7, 0, 2, 1415.47
1639445824, 1, 595, 1037, 803, 0, 0.93%, 7, 0, 2, 1417.06
1639445829, 1, 610, 1037, 798, 0, 0.93%, 7, 0, 2, 1409.67
1639445835, 1, 639, 1037, 791, 0, 0.93%, 7, 0, 2, 1423.70
1639445840, 1, 683, 1037, 785, 0, 0.93%, 7, 0, 2, 1422.29
1639445845, 1, 709, 1037, 777, 0, 0.93%, 7, 0, 2, 1439.86
1639445850, 1, 743, 1037, 769, 0, 0.93%, 7, 0, 2, 1409.94
1639445855, 1, 767, 1037, 764, 0, 0.93%, 7, 0, 2, 1432.84
1639445861, 1, 794, 1037, 759, 0, 0.93%, 7, 0, 2, 1429.71
1639445866, 1, 814, 1037, 752, 0, 0.93%, 7, 0, 2, 1439.43
1639445871, 1, 850, 1037, 744, 0, 0.93%, 7, 0, 2, 1438.82
1639445876, 1, 881, 1037, 737, 0, 0.93%, 7, 0, 2, 1431.38
1639445881, 1, 896, 1037, 731, 0, 0.93%, 7, 0, 2, 1425.68
1639445886, 1, 923, 1037, 721, 0, 0.93%, 7, 0, 2, 1427.30
1639445892, 1, 942, 1037, 715, 0, 0.93%, 7, 0, 2, 1420.37
1639445897, 1, 972, 1037, 708, 0, 0.93%, 7, 0, 2, 1419.34
1639445902, 1, 1000, 1037, 701, 0, 0.93%, 7, 0, 2, 1437.24
1639445907, 1, 1025, 1037, 691, 0, 0.93%, 7, 0, 2, 1431.37
1639445912, 2, 4, 1037, 685, 0, 0.93%, 7, 0, 2, 1427.80
1639445917, 2, 34, 1037, 682, 0, 0.93%, 7, 0, 2, 1428.67
1639445922, 2, 70, 1037, 679, 0, 0.93%, 7, 0, 2, 1432.85
1639445927, 2, 104, 1037, 670, 0, 0.93%, 7, 0, 2, 1712.87
1639445932, 2, 126, 1037, 664, 0, 0.93%, 7, 0, 2, 1486.65
1639445938, 2, 144, 1037, 658, 0, 0.93%, 7, 0, 2, 1465.93
1639445943, 2, 192, 1037, 651, 0, 0.93%, 8, 0, 2, 1418.25
1639445948, 2, 213, 1037, 645, 0, 0.93%, 8, 0, 2, 1431.77
1639445953, 2, 224, 1038, 641, 0, 0.93%, 8, 0, 2, 1414.04
1639445958, 2, 255, 1038, 633, 0, 0.93%, 8, 0, 2, 1425.61
1639445963, 2, 286, 1038, 628, 0, 0.93%, 9, 0, 2, 1436.48
