# unix_time, cycles_done, cur_path, paths_total, pending_total, pending_favs, map_size, unique_crashes, unique_hangs, max_depth, execs_per_sec
1639563105, 0, 0, 1, 1, 1, 0.12%, 0, 0, 1, 1600.00
1639563110, 0, 0, 83, 83, 1, 0.42%, 4, 0, 2, 1484.69
1639563115, 0, 4, 101, 99, 40, 0.47%, 6, 0, 3, 1472.05
1639563120, 0, 26, 111, 98, 31, 0.47%, 6, 0, 3, 1435.11
1639563125, 0, 40, 122, 102, 25, 0.50%, 7, 0, 3, 1467.72
1639563130, 0, 54, 132, 106, 24, 0.50%, 8, 0, 3, 1437.60
1639563135, 0, 58, 141, 112, 26, 0.51%, 8, 0, 3, 1463.30
1639563141, 0, 74, 158, 124, 24, 0.52%, 8, 0, 3, 1470.36
1639563146, 0, 89, 174, 134, 19, 0.54%, 8, 0, 4, 1456.82
1639563151, 0, 115, 186, 141, 15, 0.54%, 9, 0, 4, 2266.26
1639563156, 0, 132, 196, 148, 16, 0.56%, 9, 0, 4, 1665.29
1639563161, 0, 149, 202, 148, 11, 0.56%, 9, 0, 4, 1474.55
1639563166, 0, 165, 208, 153, 12, 0.57%, 9, 0, 4, 1454.22
1639563171, 0, 180, 211, 152, 8, 0.57%, 9, 0, 5, 1428.88
1639563176, 0, 184, 217, 157, 7, 0.57%, 9, 0, 5, 1334.73
1639563181, 0, 192, 235, 173, 13, 0.62%, 9, 0, 5, 1398.33
1639563186, 0, 198, 238, 175, 15, 0.63%, 9, 0, 5, 1435.55
1639563191, 0, 215, 241, 174, 13, 0.63%, 9, 0, 6, 1443.15
1639563196, 0, 221, 241, 171, 12, 0.63%, 9, 0, 6, 1459.02
1639563201, 0, 229, 245, 171, 10, 0.63%, 9, 0, 6, 1440.17
1639563206, 0, 233, 247, 170, 7, 0.63%, 9, 0, 6, 1430.15
1639563211, 0, 234, 250, 172, 6, 0.63%, 10, 0, 6, 1436.22
1639563217, 0, 239, 255, 174, 5, 0.64%, 10, 0, 7, 1463.37
1639563222, 0, 248, 260, 177, 4, 0.64%, 10, 0, 7, 1460.24
1639563227, 0, 253, 266, 181, 2, 0.64%, 10, 0, 7, 1438.53
1639563232, 0, 254, 271, 185, 2, 0.68%, 10, 0, 8, 1427.79
1639563237, 0, 257, 276, 189, 5, 0.69%, 10, 0, 8, 1419.27
1639563242, 0, 268, 280, 191, 4, 0.69%, 10, 0, 9, 1365.93
1639563247, 0, 269, 280, 190, 4, 0.69%, 10, 0, 9, 1383.60
1639563252, 0, 274, 282, 191, 3, 0.69%, 10, 0, 9, 1401.72
1639563257, 0, 278, 289, 197, 2, 0.70%, 10, 0, 10, 1461.41
1639563262, 0, 279, 294, 201, 7, 0.71%, 10, 0, 10, 1399.62
1639563267, 0, 284, 294, 198, 7, 0.71%, 10, 0, 10, 1392.01
1639563272, 0, 286, 296, 198, 5, 0.71%, 10, 0, 11, 1390.14
1639563277, 0, 292, 299, 198, 3, 0.71%, 12, 0, 11, 1440.17
1639563282, 0, 292, 300, 199, 3, 0.71%, 13, 0, 11, 1446.06
1639563288, 1, 14, 301, 196, 0, 0.71%, 13, 0, 11, 1422.69
1639563293, 1, 50, 306, 198, 0, 0.71%, 13, 0, 11, 1416.54
1639563298, 1, 174, 307, 195, 2, 0.71%, 13, 0, 11, 1421.76
1639563303, 1, 307, 308, 194, 2, 0.71%, 13, 0, 11, 1412.66
1639563308, 2, 211, 311, 194, 1, 0.72%, 14, 0, 11, 1416.37
1639563313, 3, 26, 312, 190, 0, 0.72%, 14, 0, 11, 1425.57
1639563318, 4, 8, 314, 186, 0, 0.72%, 14, 0, 11, 1442.34
1639563323, 4, 50, 314, 185, 0, 0.72%, 14, 0, 11, 1451.97
1639563328, 4, 66, 314, 183, 0, 0.72%, 14, 0, 11, 1462.80
1639563333, 4, 80, 314, 178, 0, 0.72%, 14, 0, 11, 1454.45
1639563338, 4, 118, 314, 175, 0, 0.72%, 14, 0, 11, 1468.24
1639563343, 4, 136, 314, 168, 0, 0.72%, 14, 0, 11, 1453.06
1639563348, 4, 150, 314, 165, 0, 0.72%, 14, 0, 11, 1357.33
1639563354, 4, 166, 314, 159, 0, 0.72%, 14, 0, 11, 1405.45
1639563359, 4, 173, 314, 156, 0, 0.72%, 14, 0, 11, 1440.76
1639563364, 4, 185, 314, 155, 0, 0.72%, 14, 0, 11, 1433.10
1639563369, 4, 196, 315, 152, 0, 0.72%, 14, 0, 11, 1436.23
1639563374, 4, 202, 315, 150, 0, 0.72%, 14, 0, 11, 1412.35
1639563379, 4, 221, 315, 149, 0, 0.72%, 14, 0, 11, 1367.32
1639563384, 4, 225, 315, 147, 0, 0.72%, 14, 0, 11, 1429.13
1639563389, 4, 233, 315, 146, 0, 0.72%, 14, 0, 11, 1413.34
1639563394, 4, 235, 316, 147, 0, 0.72%, 14, 0, 11, 1411.18
1639563399, 4, 248, 318, 146, 0, 0.72%, 14, 0, 11, 1431.95
1639563404, 4, 256, 318, 145, 0, 0.72%, 14, 0, 11, 1418.50
