# unix_time, cycles_done, cur_path, paths_total, pending_total, pending_favs, map_size, unique_crashes, unique_hangs, max_depth, execs_per_sec
1639604853, 0, 0, 999, 999, 86, 0.83%, 0, 0, 1, 1146.96
1639604858, 0, 149, 999, 985, 72, 0.83%, 2, 0, 1, 1374.01
1639604863, 0, 252, 999, 974, 64, 0.83%, 3, 0, 1, 1429.79
1639604868, 0, 322, 999, 965, 57, 0.83%, 3, 0, 1, 1426.59
1639604873, 0, 435, 999, 954, 47, 0.83%, 5, 0, 1, 1446.86
1639604878, 0, 557, 1000, 947, 39, 0.83%, 5, 0, 2, 1442.42
1639604883, 0, 640, 1000, 938, 30, 0.83%, 5, 0, 2, 1456.84
1639604888, 0, 733, 1000, 929, 21, 0.83%, 5, 0, 2, 1431.37
1639604893, 0, 861, 1000, 918, 11, 0.83%, 6, 0, 2, 1453.22
1639604899, 0, 996, 1000, 908, 2, 0.83%, 6, 0, 2, 1455.19
1639604904, 1, 198, 1000, 901, 0, 0.83%, 6, 0, 2, 1443.31
1639604909, 1, 226, 1000, 896, 0, 0.83%, 6, 0, 2, 1436.40
1639604914, 1, 260, 1000, 889, 0, 0.83%, 7, 0, 2, 1418.04
1639604919, 1, 279, 1000, 884, 0, 0.83%, 7, 0, 2, 1416.51
1639604924, 1, 302, 1000, 877, 0, 0.83%, 9, 0, 2, 1412.87
1639604930, 1, 328, 1000, 871, 0, 0.83%, 9, 0, 2, 1438.69
1639604935, 1, 363, 1000, 865, 0, 0.83%, 9, 0, 2, 1396.80
1639604940, 1, 393, 1000, 859, 0, 0.83%, 9, 0, 2, 1392.76
1639604945, 1, 419, 1000, 853, 0, 0.83%, 9, 0, 2, 1347.18
1639604950, 1, 450, 1000, 847, 0, 0.83%, 9, 0, 2, 1304.60
1639604955, 1, 700, 1000, 840, 0, 0.83%, 11, 0, 2, 1311.09
1639604960, 1, 715, 1000, 836, 0, 0.83%, 11, 0, 2, 1282.18
1639604965, 1, 742, 1000, 830, 0, 0.83%, 11, 0, 2, 1254.97
1639604970, 1, 771, 1000, 826, 0, 0.83%, 11, 0, 2, 1280.43
1639604975, 1, 791, 1000, 819, 0, 0.83%, 11, 0, 2, 1345.31
1639604981, 1, 835, 1000, 811, 0, 0.83%, 11, 0, 2, 1417.47
1639604986, 1, 867, 1000, 803, 0, 0.83%, 11, 0, 2, 1450.76
1639604991, 1, 909, 1000, 796, 0, 0.83%, 12, 0, 2, 1448.63
1639604996, 1, 934, 1000, 791, 0, 0.83%, 13, 0, 2, 1432.85
1639605001, 1, 957, 1000, 784, 0, 0.83%, 14, 0, 2, 1435.66
1639605006, 1, 996, 1001, 776, 0, 0.83%, 14, 0, 2, 1461.26
1639605011, 2, 16, 1003, 774, 0, 0.83%, 15, 0, 2, 1461.12
1639605016, 2, 44, 1003, 767, 0, 0.83%, 15, 0, 2, 1453.28
1639605021, 2, 81, 1003, 760, 0, 0.83%, 15, 0, 2, 1448.10
1639605026, 2, 107, 1003, 753, 0, 0.83%, 15, 0, 2, 1417.47
1639605031, 2, 121, 1003, 747, 0, 0.83%, 15, 0, 2, 1420.21
1639605036, 2, 170, 1003, 740, 0, 0.83%, 15, 0, 2, 1427.31
1639605041, 2, 193, 1003, 735, 0, 0.83%, 15, 0, 2, 1465.19
1639605046, 2, 239, 1003, 730, 0, 0.83%, 15, 0, 2, 1428.93
1639605051, 2, 275, 1003, 724, 0, 0.83%, 15, 0, 2, 1405.38
1639605057, 2, 307, 1003, 718, 0, 0.83%, 15, 0, 2, 1400.89
1639605062, 2, 348, 1003, 711, 0, 0.83%, 15, 0, 2, 1452.43
1639605067, 2, 381, 1003, 708, 0, 0.83%, 15, 0, 2, 1454.14
1639605072, 2, 414, 1003, 702, 0, 0.83%, 16, 0, 2, 1454.35
1639605077, 2, 441, 1003, 697, 0, 0.83%, 16, 0, 2, 1441.98
1639605082, 2, 473, 1003, 691, 0, 0.83%, 16, 0, 2, 1427.57
1639605087, 2, 505, 1003, 685, 0, 0.83%, 17, 0, 2, 1444.18
1639605092, 2, 537, 1003, 675, 0, 0.83%, 17, 0, 2, 1444.33
1639605097, 3, 60, 1003, 667, 1, 0.83%, 17, 0, 2, 1446.76
1639605103, 3, 92, 1003, 660, 0, 0.83%, 18, 0, 2, 1438.19
1639605108, 3, 145, 1003, 651, 0, 0.83%, 18, 0, 2, 2280.06
1639605113, 3, 182, 1003, 641, 0, 0.83%, 18, 0, 2, 2311.89
1639605118, 3, 219, 1003, 634, 0, 0.83%, 18, 0, 2, 2147.14
1639605123, 3, 266, 1003, 626, 0, 0.83%, 18, 0, 2, 2120.95
1639605128, 3, 310, 1003, 618, 0, 0.83%, 19, 0, 2, 2137.54
1639605134, 3, 365, 1003, 609, 0, 0.83%, 19, 0, 2, 2122.56
1639605139, 3, 409, 1003, 603, 0, 0.83%, 19, 0, 2, 2123.78
1639605144, 3, 451, 1003, 594, 0, 0.83%, 19, 0, 2, 2112.50
