# unix_time, cycles_done, cur_path, paths_total, pending_total, pending_favs, map_size, unique_crashes, unique_hangs, max_depth, execs_per_sec
1639484247, 0, 0, 837, 837, 100, 0.90%, 0, 0, 1, 1279.82
1639484252, 0, 132, 837, 822, 86, 0.90%, 4, 0, 1, 1397.05
1639484257, 0, 197, 837, 810, 76, 0.90%, 5, 0, 1, 1431.21
1639484263, 0, 268, 837, 799, 65, 0.90%, 7, 0, 1, 1411.93
1639484268, 0, 339, 837, 790, 56, 0.90%, 7, 0, 1, 1427.80
1639484273, 0, 431, 837, 778, 45, 0.90%, 7, 0, 1, 1843.33
1639484278, 0, 499, 837, 769, 36, 0.90%, 7, 0, 1, 1529.74
1639484283, 0, 595, 837, 762, 29, 0.90%, 7, 0, 1, 1456.58
1639484288, 0, 681, 837, 754, 21, 0.90%, 7, 0, 1, 1420.44
1639484293, 0, 757, 837, 745, 12, 0.90%, 7, 0, 1, 1421.24
1639484298, 0, 833, 837, 735, 2, 0.90%, 7, 0, 1, 1433.85
1639484303, 1, 22, 837, 728, 0, 0.90%, 8, 0, 1, 1418.29
1639484308, 1, 46, 837, 721, 0, 0.90%, 8, 0, 1, 1419.47
1639484313, 1, 60, 837, 716, 0, 0.90%, 8, 0, 1, 1441.21
1639484319, 1, 91, 837, 708, 0, 0.90%, 8, 0, 1, 1435.16
1639484324, 1, 118, 837, 701, 0, 0.90%, 8, 0, 1, 1396.53
1639484329, 1, 142, 837, 694, 0, 0.90%, 8, 0, 1, 1406.99
1639484334, 1, 162, 837, 687, 0, 0.90%, 8, 0, 1, 1426.94
1639484339, 1, 196, 837, 680, 0, 0.90%, 8, 0, 1, 1437.46
1639484344, 1, 228, 837, 674, 0, 0.90%, 8, 0, 1, 1450.69
1639484349, 1, 263, 837, 670, 0, 0.90%, 8, 0, 1, 1423.22
1639484354, 1, 287, 838, 667, 0, 0.90%, 8, 0, 2, 1403.91
1639484359, 1, 302, 838, 660, 0, 0.90%, 8, 0, 2, 1394.38
1639484364, 1, 324, 838, 655, 0, 0.90%, 8, 0, 2, 1415.58
1639484369, 1, 348, 838, 651, 0, 0.90%, 8, 0, 2, 1412.14
1639484375, 1, 367, 838, 646, 0, 0.90%, 8, 0, 2, 1435.97
1639484380, 1, 394, 838, 638, 0, 0.90%, 8, 0, 2, 1438.24
1639484385, 1, 433, 838, 631, 0, 0.90%, 8, 0, 2, 1442.68
1639484390, 1, 450, 838, 626, 0, 0.90%, 8, 0, 2, 1400.21
1639484395, 1, 476, 838, 618, 0, 0.90%, 8, 0, 2, 1426.91
1639484400, 1, 632, 838, 611, 1, 0.90%, 8, 0, 2, 1426.19
1639484405, 2, 307, 838, 604, 0, 0.90%, 8, 0, 2, 1447.17
1639484410, 2, 332, 838, 601, 0, 0.90%, 9, 0, 2, 1422.65
1639484416, 2, 368, 838, 598, 0, 0.90%, 9, 0, 2, 1430.25
1639484421, 2, 408, 838, 592, 0, 0.90%, 9, 0, 2, 1431.92
1639484426, 2, 428, 838, 585, 0, 0.90%, 9, 0, 2, 1439.24
1639484431, 2, 454, 838, 580, 0, 0.90%, 9, 0, 2, 1453.37
1639484436, 2, 482, 838, 577, 0, 0.90%, 10, 0, 2, 1447.50
1639484442, 2, 513, 838, 572, 0, 0.90%, 11, 0, 2, 1433.18
1639484447, 2, 554, 838, 567, 0, 0.90%, 11, 0, 2, 1428.97
1639484452, 2, 588, 838, 562, 0, 0.90%, 12, 0, 2, 1441.53
1639484457, 2, 611, 838, 554, 0, 0.90%, 12, 0, 2, 1443.68
1639484462, 2, 646, 838, 549, 0, 0.90%, 12, 0, 2, 1435.42
1639484467, 2, 673, 838, 542, 0, 0.90%, 13, 0, 2, 1439.53
1639484472, 2, 698, 838, 535, 0, 0.90%, 13, 0, 2, 1438.16
1639484477, 2, 715, 838, 531, 0, 0.90%, 13, 0, 2, 1426.40
1639484482, 2, 742, 838, 525, 0, 0.90%, 13, 0, 2, 1408.62
1639484487, 2, 765, 838, 520, 0, 0.90%, 13, 0, 2, 1412.08
1639484492, 2, 795, 838, 511, 0, 0.90%, 13, 0, 2, 1422.46
1639484497, 2, 824, 838, 506, 0, 0.90%, 13, 0, 2, 1435.58
1639484503, 3, 30, 838, 499, 0, 0.90%, 13, 0, 2, 1412.84
1639484508, 3, 70, 838, 495, 0, 0.90%, 13, 0, 2, 1405.93
1639484513, 3, 132, 838, 488, 0, 0.90%, 13, 0, 2, 1376.81
1639484518, 3, 162, 838, 482, 0, 0.90%, 13, 0, 2, 1410.46
1639484523, 3, 188, 838, 477, 0, 0.90%, 13, 0, 2, 1405.94
1639484528, 3, 203, 838, 471, 0, 0.90%, 13, 0, 2, 1412.33
1639484533, 3, 248, 838, 466, 0, 0.90%, 13, 0, 2, 1378.34
1639484539, 3, 273, 838, 459, 0, 0.90%, 13, 0, 2, 1401.04
