# unix_time, cycles_done, cur_path, paths_total, pending_total, pending_favs, map_size, unique_crashes, unique_hangs, max_depth, execs_per_sec
1639559787, 0, 0, 1, 1, 1, 0.12%, 0, 0, 1, 2000.00
1639559792, 0, 0, 84, 84, 1, 0.45%, 5, 0, 2, 1530.88
1639559797, 0, 13, 108, 104, 34, 0.46%, 5, 0, 3, 1435.99
1639559802, 0, 23, 124, 115, 31, 0.48%, 6, 0, 3, 1438.91
1639559807, 0, 37, 134, 120, 29, 0.49%, 6, 0, 3, 1430.29
1639559812, 0, 44, 141, 123, 27, 0.50%, 6, 0, 3, 1434.36
1639559817, 0, 54, 150, 127, 24, 0.52%, 7, 0, 3, 1393.34
1639559822, 0, 79, 157, 126, 16, 0.52%, 9, 0, 3, 1405.61
1639559827, 0, 107, 170, 135, 14, 0.54%, 9, 0, 4, 1412.82
1639559832, 0, 109, 180, 144, 19, 0.55%, 9, 0, 4, 1428.30
1639559837, 0, 143, 182, 140, 14, 0.55%, 9, 0, 4, 1368.48
1639559842, 0, 162, 186, 139, 9, 0.55%, 9, 0, 4, 1275.65
1639559847, 0, 171, 192, 142, 6, 0.56%, 9, 0, 5, 1367.02
1639559852, 0, 175, 194, 142, 8, 0.57%, 10, 0, 5, 1386.85
1639559857, 0, 179, 199, 146, 8, 0.58%, 11, 0, 5, 1408.39
1639559863, 0, 189, 209, 154, 7, 0.62%, 11, 0, 6, 1420.52
1639559868, 0, 192, 221, 163, 14, 0.63%, 11, 0, 6, 1434.99
1639559873, 0, 200, 221, 159, 10, 0.63%, 13, 0, 6, 1400.42
1639559878, 0, 201, 225, 162, 9, 0.64%, 13, 0, 7, 1450.99
1639559883, 0, 208, 232, 165, 8, 0.65%, 13, 0, 7, 1458.24
1639559888, 0, 210, 232, 164, 9, 0.65%, 13, 0, 7, 1425.48
1639559893, 0, 214, 237, 168, 8, 0.65%, 13, 0, 7, 1457.48
1639559898, 0, 218, 243, 172, 6, 0.65%, 13, 0, 7, 1431.57
1639559903, 0, 221, 251, 179, 5, 0.65%, 13, 0, 8, 1452.14
1639559909, 0, 226, 255, 180, 4, 0.65%, 13, 0, 8, 1464.00
1639559914, 0, 250, 260, 182, 4, 0.66%, 13, 0, 9, 1434.76
1639559919, 0, 251, 261, 182, 3, 0.66%, 14, 0, 9, 1427.68
1639559924, 0, 255, 264, 184, 2, 0.66%, 14, 0, 9, 1418.16
1639559929, 0, 257, 266, 185, 2, 0.66%, 14, 0, 9, 1443.65
1639559934, 0, 264, 267, 185, 2, 0.66%, 14, 0, 10, 1443.61
1639559939, 1, 13, 267, 180, 0, 0.66%, 14, 0, 10, 1440.75
1639559944, 1, 92, 269, 179, 1, 0.66%, 14, 0, 10, 1448.98
1639559949, 2, 16, 269, 174, 0, 0.66%, 14, 0, 10, 1417.87
1639559954, 2, 45, 269, 172, 0, 0.66%, 14, 0, 10, 1446.03
1639559959, 2, 65, 269, 166, 0, 0.66%, 14, 0, 10, 1394.44
1639559964, 2, 99, 269, 163, 0, 0.66%, 15, 0, 10, 1450.86
1639559969, 2, 122, 271, 161, 0, 0.66%, 16, 0, 10, 1398.65
1639559975, 2, 148, 272, 157, 0, 0.66%, 16, 0, 10, 1415.98
1639559980, 2, 272, 275, 157, 1, 0.66%, 16, 0, 10, 1410.04
1639559985, 3, 92, 276, 153, 0, 0.66%, 16, 0, 10, 1433.53
1639559990, 3, 112, 276, 149, 0, 0.66%, 16, 0, 10, 1432.29
1639559995, 3, 276, 279, 149, 1, 0.67%, 16, 0, 10, 1452.10
1639560000, 4, 9, 280, 148, 0, 0.67%, 16, 0, 10, 1444.52
1639560005, 4, 43, 282, 149, 0, 0.67%, 16, 0, 10, 1446.10
1639560010, 4, 165, 283, 146, 1, 0.67%, 16, 0, 10, 1437.48
1639560015, 4, 283, 284, 145, 1, 0.67%, 16, 0, 10, 1428.92
1639560020, 5, 24, 284, 142, 0, 0.67%, 16, 0, 10, 1432.09
1639560025, 5, 50, 284, 140, 0, 0.67%, 16, 0, 10, 1457.07
1639560031, 5, 85, 286, 141, 0, 0.67%, 16, 0, 10, 1362.55
1639560036, 5, 111, 287, 138, 0, 0.67%, 16, 0, 10, 1418.46
1639560041, 5, 141, 287, 134, 0, 0.67%, 16, 0, 10, 1394.81
1639560046, 5, 166, 287, 132, 0, 0.67%, 16, 0, 10, 1434.80
1639560051, 5, 178, 288, 130, 0, 0.67%, 16, 0, 10, 1440.26
1639560056, 5, 189, 289, 129, 0, 0.67%, 16, 0, 10, 1456.42
1639560061, 5, 193, 291, 131, 0, 0.67%, 16, 0, 10, 1444.75
1639560066, 5, 205, 292, 132, 0, 0.67%, 16, 0, 10, 1434.36
1639560071, 5, 218, 293, 132, 0, 0.67%, 16, 0, 10, 1421.40
1639560076, 5, 229, 293, 131, 0, 0.67%, 16, 0, 10, 2014.79
1639560081, 5, 248, 293, 127, 0, 0.67%, 16, 0, 10, 2443.33
1639560087, 5, 253, 296, 128, 1, 0.67%, 16, 0, 10, 2502.44
