# unix_time, cycles_done, cur_path, paths_total, pending_total, pending_favs, map_size, unique_crashes, unique_hangs, max_depth, execs_per_sec
1639599316, 0, 0, 954, 954, 103, 0.93%, 0, 0, 1, 1182.34
1639599321, 0, 183, 954, 943, 92, 0.93%, 2, 0, 1, 1348.17
1639599326, 0, 272, 955, 934, 82, 0.93%, 5, 0, 2, 1439.39
1639599331, 0, 329, 955, 925, 75, 0.93%, 5, 0, 2, 1449.85
1639599336, 0, 406, 955, 917, 67, 0.93%, 5, 0, 2, 1446.24
1639599341, 0, 513, 955, 905, 58, 0.93%, 5, 0, 2, 1458.33
1639599346, 0, 570, 955, 896, 49, 0.93%, 5, 0, 2, 1468.70
1639599352, 0, 680, 955, 884, 37, 0.93%, 5, 0, 2, 1387.73
1639599357, 0, 790, 955, 875, 28, 0.93%, 6, 0, 2, 1411.21
1639599362, 0, 843, 955, 870, 24, 0.93%, 7, 0, 2, 1408.69
1639599367, 0, 915, 955, 859, 14, 0.93%, 8, 0, 2, 1419.94
1639599372, 0, 946, 955, 848, 3, 0.93%, 8, 0, 2, 1423.67
1639599377, 1, 41, 955, 837, 0, 0.93%, 8, 0, 2, 2092.63
1639599382, 1, 65, 955, 831, 0, 0.93%, 8, 0, 2, 1516.56
1639599387, 1, 88, 955, 822, 0, 0.93%, 9, 0, 2, 1468.03
1639599392, 1, 117, 955, 815, 0, 0.93%, 9, 0, 2, 1449.03
1639599397, 1, 164, 955, 806, 0, 0.93%, 9, 0, 2, 1437.78
1639599402, 1, 183, 955, 796, 0, 0.93%, 9, 0, 2, 1450.13
1639599408, 1, 209, 955, 790, 0, 0.93%, 9, 0, 2, 1453.20
1639599413, 1, 243, 955, 785, 0, 0.93%, 9, 0, 2, 1441.68
1639599418, 1, 271, 955, 778, 0, 0.93%, 9, 0, 2, 1451.39
1639599423, 1, 295, 955, 770, 0, 0.93%, 9, 0, 2, 1452.14
1639599428, 1, 327, 955, 766, 0, 0.93%, 9, 0, 2, 1456.12
1639599433, 1, 371, 955, 758, 0, 0.93%, 10, 0, 2, 1444.37
1639599438, 1, 400, 955, 752, 0, 0.93%, 10, 0, 2, 1458.05
1639599443, 1, 449, 955, 748, 0, 0.93%, 10, 0, 2, 1443.14
1639599448, 1, 478, 955, 741, 0, 0.93%, 10, 0, 2, 1462.80
1639599453, 1, 498, 955, 733, 0, 0.93%, 10, 0, 2, 1486.97
1639599458, 1, 528, 955, 726, 0, 0.93%, 10, 0, 2, 1482.82
1639599463, 1, 545, 957, 723, 0, 0.93%, 11, 0, 2, 1452.90
1639599469, 1, 955, 957, 718, 3, 0.93%, 11, 0, 2, 1458.00
1639599474, 2, 293, 957, 713, 0, 0.93%, 12, 0, 2, 1443.07
1639599479, 2, 326, 957, 709, 0, 0.93%, 12, 0, 2, 1450.13
1639599484, 2, 359, 957, 701, 0, 0.93%, 12, 0, 2, 1450.19
1639599489, 2, 398, 957, 694, 0, 0.93%, 12, 0, 2, 1455.54
1639599494, 2, 423, 957, 690, 0, 0.93%, 12, 0, 2, 1480.09
1639599499, 2, 457, 957, 683, 0, 0.93%, 12, 0, 2, 1466.99
1639599504, 2, 503, 957, 678, 0, 0.93%, 12, 0, 2, 1466.80
1639599509, 2, 537, 957, 673, 0, 0.93%, 12, 0, 2, 1453.07
1639599514, 2, 564, 957, 666, 0, 0.93%, 12, 0, 2, 1471.81
1639599520, 2, 604, 957, 661, 0, 0.93%, 13, 0, 2, 1456.16
1639599525, 2, 632, 957, 653, 0, 0.93%, 13, 0, 2, 1391.35
1639599530, 2, 665, 957, 645, 0, 0.93%, 13, 0, 2, 1417.26
1639599535, 2, 706, 957, 639, 0, 0.93%, 13, 0, 2, 1392.57
1639599540, 2, 726, 957, 632, 0, 0.93%, 14, 0, 2, 1406.15
1639599545, 2, 764, 957, 624, 0, 0.93%, 14, 0, 2, 1418.42
1639599550, 2, 787, 957, 614, 0, 0.93%, 14, 0, 2, 1427.74
1639599555, 2, 817, 957, 610, 0, 0.93%, 14, 0, 2, 1431.86
1639599560, 2, 846, 957, 603, 0, 0.93%, 14, 0, 2, 1405.66
1639599566, 2, 872, 957, 597, 0, 0.93%, 14, 0, 2, 1434.48
1639599571, 2, 899, 957, 593, 0, 0.93%, 14, 0, 2, 1444.34
1639599576, 2, 926, 957, 589, 0, 0.93%, 15, 0, 2, 1449.10
1639599581, 2, 944, 957, 585, 0, 0.93%, 15, 0, 2, 1403.87
1639599586, 3, 9, 957, 580, 0, 0.93%, 15, 0, 2, 1417.57
1639599591, 3, 40, 957, 574, 0, 0.93%, 15, 0, 2, 1420.20
1639599596, 3, 76, 957, 569, 0, 0.93%, 15, 0, 2, 1424.41
1639599601, 3, 124, 957, 558, 0, 0.93%, 15, 0, 2, 1458.47
1639599606, 3, 157, 957, 551, 0, 0.93%, 15, 0, 2, 1454.76
