# unix_time, cycles_done, cur_path, paths_total, pending_total, pending_favs, map_size, unique_crashes, unique_hangs, max_depth, execs_per_sec
1639558865, 0, 0, 861, 861, 99, 0.97%, 0, 0, 1, 1247.83
1639558870, 0, 113, 861, 851, 89, 0.97%, 3, 0, 1, 1405.46
1639558875, 0, 173, 861, 842, 80, 0.97%, 3, 0, 1, 1439.53
1639558880, 0, 237, 861, 835, 74, 0.97%, 4, 0, 1, 1441.10
1639558885, 0, 321, 861, 823, 62, 0.97%, 4, 0, 1, 1629.50
1639558890, 0, 369, 861, 812, 52, 0.97%, 6, 0, 1, 1495.10
1639558896, 0, 438, 861, 802, 44, 0.97%, 7, 0, 1, 1406.72
1639558901, 0, 517, 861, 791, 34, 0.97%, 7, 0, 1, 1432.26
1639558906, 0, 652, 861, 780, 24, 0.97%, 9, 0, 1, 1460.41
1639558911, 0, 731, 861, 771, 16, 0.97%, 9, 0, 1, 1463.64
1639558916, 0, 801, 861, 761, 6, 0.97%, 9, 0, 1, 1467.40
1639558921, 1, 17, 861, 752, 0, 0.97%, 10, 0, 1, 1471.83
1639558926, 1, 56, 861, 744, 0, 0.97%, 11, 0, 1, 1450.60
1639558931, 1, 92, 861, 739, 0, 0.97%, 11, 0, 1, 1462.78
1639558937, 1, 374, 861, 734, 1, 0.97%, 11, 0, 1, 1467.14
1639558942, 1, 697, 861, 728, 0, 0.97%, 11, 0, 1, 1443.43
1639558947, 1, 723, 861, 721, 0, 0.97%, 11, 0, 1, 1470.02
1639558952, 1, 748, 861, 717, 0, 0.97%, 11, 0, 1, 1470.33
1639558957, 1, 777, 861, 711, 0, 0.97%, 11, 0, 1, 1461.50
1639558962, 1, 805, 861, 704, 0, 0.97%, 11, 0, 1, 1388.95
1639558967, 1, 833, 861, 699, 0, 0.97%, 11, 0, 1, 1452.46
1639558972, 1, 847, 861, 694, 0, 0.97%, 11, 0, 1, 1441.34
1639558977, 2, 10, 861, 684, 0, 0.97%, 12, 0, 1, 1459.92
1639558982, 2, 39, 861, 678, 0, 0.97%, 12, 0, 1, 1466.35
1639558987, 2, 80, 861, 674, 0, 0.97%, 13, 0, 1, 1416.76
1639558992, 2, 101, 861, 670, 0, 0.97%, 14, 0, 1, 1469.03
1639558997, 2, 128, 861, 666, 0, 0.97%, 14, 0, 1, 1459.18
1639559002, 2, 145, 861, 662, 0, 0.97%, 14, 0, 1, 1467.41
1639559008, 2, 163, 861, 655, 0, 0.97%, 14, 0, 1, 1465.38
1639559013, 2, 181, 861, 649, 0, 0.97%, 14, 0, 1, 1472.42
1639559018, 2, 202, 861, 643, 0, 0.97%, 14, 0, 1, 1465.58
1639559023, 2, 229, 862, 637, 0, 0.97%, 14, 0, 2, 1468.66
1639559028, 2, 246, 862, 633, 0, 0.97%, 14, 0, 2, 1474.31
1639559033, 2, 272, 862, 628, 0, 0.97%, 14, 0, 2, 1477.06
1639559038, 2, 292, 862, 620, 0, 0.97%, 14, 0, 2, 1446.83
1639559043, 2, 313, 862, 616, 0, 0.97%, 14, 0, 2, 1441.67
1639559048, 2, 340, 862, 608, 0, 0.97%, 14, 0, 2, 1418.43
1639559054, 2, 362, 862, 603, 0, 0.97%, 14, 0, 2, 1434.60
1639559059, 2, 385, 862, 598, 0, 0.97%, 14, 0, 2, 1439.27
1639559064, 2, 428, 862, 591, 0, 0.97%, 14, 0, 2, 1446.64
1639559069, 2, 455, 862, 585, 0, 0.97%, 14, 0, 2, 1426.28
1639559074, 2, 492, 862, 579, 0, 0.97%, 14, 0, 2, 1442.83
1639559079, 2, 520, 862, 574, 0, 0.97%, 14, 0, 2, 1446.45
1639559084, 2, 570, 862, 564, 0, 0.97%, 14, 0, 2, 1477.53
1639559089, 2, 589, 862, 558, 0, 0.97%, 14, 0, 2, 1451.58
1639559094, 2, 599, 862, 553, 0, 0.97%, 14, 0, 2, 1480.40
1639559100, 2, 630, 862, 547, 0, 0.97%, 14, 0, 2, 1471.37
1639559105, 2, 652, 862, 540, 0, 0.97%, 14, 0, 2, 1462.63
1639559110, 2, 685, 862, 534, 0, 0.97%, 15, 0, 2, 1401.53
1639559115, 2, 695, 862, 530, 0, 0.97%, 15, 0, 2, 1393.53
1639559120, 2, 727, 862, 525, 0, 0.97%, 15, 0, 2, 1391.24
1639559125, 2, 756, 862, 520, 0, 0.97%, 15, 0, 2, 1466.61
1639559130, 2, 788, 862, 517, 0, 0.97%, 15, 0, 2, 1464.05
1639559135, 2, 825, 862, 509, 0, 0.97%, 15, 0, 2, 1474.93
1639559140, 2, 849, 862, 505, 0, 0.97%, 15, 0, 2, 1452.42
1639559145, 3, 24, 862, 498, 0, 0.97%, 15, 0, 2, 1371.06
1639559150, 3, 76, 862, 493, 0, 0.97%, 15, 0, 2, 1422.99
1639559156, 3, 100, 862, 489, 0, 0.97%, 15, 0, 2, 1468.67
