# unix_time, cycles_done, cur_path, paths_total, pending_total, pending_favs, map_size, unique_crashes, unique_hangs, max_depth, execs_per_sec
1639522386, 0, 0, 1, 1, 1, 0.12%, 0, 0, 1, 1600.00
1639522391, 0, 0, 64, 64, 1, 0.38%, 9, 0, 2, 1093.22
1639522396, 0, 0, 82, 82, 1, 0.39%, 13, 0, 2, 1005.74
1639522401, 0, 14, 95, 88, 32, 0.39%, 15, 0, 3, 972.30
1639522406, 0, 39, 102, 85, 23, 0.40%, 15, 0, 3, 1011.62
1639522411, 0, 43, 109, 90, 26, 0.41%, 15, 0, 3, 999.03
1639522416, 0, 50, 123, 100, 22, 0.41%, 16, 0, 3, 752.27
1639522422, 0, 61, 134, 106, 19, 0.47%, 17, 0, 3, 789.83
1639522427, 0, 70, 139, 108, 17, 0.47%, 17, 0, 3, 754.00
1639522432, 0, 75, 147, 114, 16, 0.48%, 19, 0, 3, 725.27
1639522437, 0, 75, 151, 118, 16, 0.48%, 21, 0, 3, 775.44
1639522442, 0, 91, 161, 126, 16, 0.48%, 22, 0, 4, 888.24
1639522447, 0, 103, 169, 130, 12, 0.49%, 22, 0, 4, 821.20
1639522452, 0, 103, 173, 134, 12, 0.49%, 22, 0, 4, 916.90
1639522458, 0, 110, 175, 134, 15, 0.49%, 22, 0, 4, 511.39
1639522463, 0, 134, 179, 135, 13, 0.49%, 24, 0, 4, 647.44
1639522468, 0, 134, 184, 140, 13, 0.50%, 25, 0, 4, 785.79
1639522473, 0, 136, 186, 141, 15, 0.50%, 25, 0, 4, 804.04
1639522478, 0, 145, 193, 146, 14, 0.51%, 26, 0, 4, 846.29
1639522483, 0, 164, 203, 154, 12, 0.51%, 26, 0, 5, 924.80
1639522488, 0, 166, 206, 156, 12, 0.53%, 26, 0, 5, 911.37
1639522493, 0, 167, 208, 157, 16, 0.55%, 26, 0, 5, 931.98
1639522498, 0, 173, 210, 157, 14, 0.55%, 26, 0, 5, 743.60
1639522503, 0, 175, 213, 159, 13, 0.55%, 26, 0, 5, 724.36
1639522508, 0, 181, 214, 157, 13, 0.55%, 26, 0, 5, 848.09
1639522513, 0, 183, 217, 159, 12, 0.56%, 26, 0, 5, 851.66
1639522519, 0, 186, 218, 159, 12, 0.56%, 26, 0, 5, 905.77
1639522524, 0, 195, 218, 158, 10, 0.56%, 26, 0, 5, 1012.34
1639522529, 0, 202, 221, 160, 9, 0.56%, 28, 0, 6, 1058.92
1639522534, 0, 204, 224, 161, 8, 0.56%, 28, 0, 6, 1024.39
1639522539, 0, 206, 232, 167, 6, 0.58%, 28, 0, 6, 1055.68
1639522544, 0, 206, 234, 169, 6, 0.58%, 28, 0, 6, 1014.64
1639522549, 0, 215, 234, 167, 11, 0.58%, 28, 0, 6, 931.48
1639522554, 0, 220, 236, 167, 9, 0.58%, 28, 0, 7, 1022.30
1639522559, 0, 227, 242, 171, 7, 0.58%, 28, 0, 7, 1031.24
1639522564, 0, 227, 244, 173, 7, 0.59%, 28, 0, 7, 1002.02
1639522569, 0, 230, 244, 170, 6, 0.59%, 28, 0, 7, 911.49
1639522574, 0, 233, 246, 170, 4, 0.59%, 28, 0, 7, 891.47
1639522579, 0, 233, 249, 173, 4, 0.59%, 28, 0, 7, 854.96
1639522585, 0, 244, 249, 171, 3, 0.59%, 28, 0, 7, 759.37
1639522590, 0, 245, 250, 171, 2, 0.59%, 28, 0, 8, 790.60
1639522595, 1, 38, 251, 168, 0, 0.59%, 28, 0, 8, 832.23
1639522600, 1, 50, 252, 169, 0, 0.59%, 28, 0, 8, 907.04
1639522605, 1, 252, 256, 171, 1, 0.59%, 28, 0, 8, 794.21
1639522610, 1, 256, 258, 172, 1, 0.59%, 28, 0, 8, 1012.34
1639522615, 2, 6, 259, 172, 0, 0.59%, 28, 0, 8, 1048.55
1639522620, 2, 26, 260, 169, 0, 0.59%, 28, 0, 8, 996.48
1639522625, 2, 260, 261, 170, 1, 0.60%, 28, 0, 8, 1064.23
1639522630, 3, 14, 262, 170, 0, 0.60%, 28, 0, 8, 974.41
1639522635, 3, 42, 264, 170, 0, 0.60%, 28, 0, 8, 1009.40
1639522640, 3, 58, 264, 168, 0, 0.60%, 28, 0, 8, 1176.37
1639522645, 3, 85, 269, 169, 0, 0.60%, 28, 0, 8, 1368.29
1639522651, 3, 95, 269, 167, 0, 0.60%, 29, 0, 8, 162.63
1639522656, 3, 102, 269, 165, 0, 0.60%, 29, 0, 8, 397.55
1639522661, 3, 110, 269, 164, 0, 0.60%, 29, 0, 8, 442.19
1639522666, 3, 112, 269, 163, 0, 0.60%, 29, 0, 8, 378.65
1639522671, 3, 122, 270, 162, 0, 0.60%, 29, 0, 8, 381.39
1639522676, 3, 139, 270, 159, 0, 0.60%, 29, 0, 8, 715.11
1639522681, 3, 150, 271, 158, 0, 0.60%, 29, 0, 8, 885.47
