# unix_time, cycles_done, cur_path, paths_total, pending_total, pending_favs, map_size, unique_crashes, unique_hangs, max_depth, execs_per_sec
1639600845, 0, 0, 896, 896, 112, 0.99%, 0, 0, 1, 1009.15
1639600850, 0, 71, 897, 884, 100, 0.99%, 2, 0, 2, 1307.84
1639600856, 0, 137, 898, 876, 92, 0.99%, 4, 0, 2, 1367.53
1639600861, 0, 254, 899, 862, 77, 0.99%, 4, 0, 2, 1405.43
1639600866, 0, 312, 899, 855, 73, 0.99%, 6, 0, 2, 1374.22
1639600871, 0, 368, 899, 847, 66, 0.99%, 6, 0, 2, 1409.56
1639600876, 0, 443, 899, 837, 58, 0.99%, 6, 0, 2, 1402.31
1639600881, 0, 523, 899, 828, 49, 0.99%, 6, 0, 2, 1586.98
1639600886, 0, 575, 899, 819, 40, 0.99%, 6, 0, 2, 1460.11
1639600891, 0, 655, 899, 808, 30, 0.99%, 6, 0, 2, 1354.49
1639600896, 0, 749, 899, 799, 21, 0.99%, 7, 0, 2, 1311.15
1639600901, 0, 854, 899, 786, 10, 0.99%, 8, 0, 2, 1253.53
1639600906, 1, 2, 899, 776, 0, 0.99%, 8, 0, 2, 1201.63
1639600911, 1, 36, 899, 772, 0, 0.99%, 9, 0, 2, 1106.88
1639600917, 1, 57, 899, 769, 0, 0.99%, 9, 0, 2, 1058.16
1639600922, 1, 72, 899, 765, 0, 0.99%, 9, 0, 2, 1047.67
1639600927, 1, 107, 899, 760, 0, 0.99%, 9, 0, 2, 1147.85
1639600932, 1, 133, 899, 753, 0, 0.99%, 9, 0, 2, 1294.29
1639600937, 1, 161, 899, 748, 0, 0.99%, 9, 0, 2, 1395.75
1639600942, 1, 192, 900, 740, 0, 0.99%, 9, 0, 2, 1437.86
1639600947, 1, 221, 900, 733, 0, 0.99%, 9, 0, 2, 1445.26
1639600952, 1, 242, 900, 726, 0, 0.99%, 9, 0, 2, 1443.35
1639600957, 1, 266, 900, 719, 0, 0.99%, 10, 0, 2, 1466.70
1639600963, 1, 305, 900, 711, 0, 0.99%, 10, 0, 2, 1421.46
1639600968, 1, 317, 901, 708, 0, 0.99%, 10, 0, 2, 1363.04
1639600973, 1, 345, 901, 704, 0, 0.99%, 10, 0, 2, 1362.55
1639600978, 1, 547, 902, 699, 1, 0.99%, 10, 0, 2, 1418.57
1639600983, 2, 3, 902, 694, 0, 0.99%, 10, 0, 2, 1424.44
1639600988, 2, 36, 902, 688, 0, 0.99%, 10, 0, 2, 1426.09
1639600993, 2, 67, 902, 684, 0, 0.99%, 10, 0, 2, 1459.55
1639600998, 2, 85, 902, 679, 0, 0.99%, 10, 0, 2, 1444.00
1639601004, 2, 133, 902, 674, 0, 0.99%, 12, 0, 2, 1402.81
1639601009, 2, 151, 902, 670, 0, 0.99%, 12, 0, 2, 1375.77
1639601014, 2, 204, 902, 663, 0, 0.99%, 12, 0, 2, 1343.22
1639601019, 2, 242, 902, 658, 0, 0.99%, 12, 0, 2, 1279.77
1639601024, 2, 279, 902, 654, 0, 0.99%, 12, 0, 2, 1298.27
1639601029, 2, 323, 902, 650, 0, 0.99%, 12, 0, 2, 1279.74
1639601034, 2, 347, 902, 646, 0, 0.99%, 12, 0, 2, 1278.19
1639601040, 2, 376, 902, 641, 0, 0.99%, 12, 0, 2, 1291.92
1639601045, 2, 396, 902, 635, 0, 0.99%, 12, 0, 2, 1324.94
1639601050, 2, 429, 902, 627, 0, 0.99%, 12, 0, 2, 1321.88
1639601055, 2, 453, 902, 622, 0, 0.99%, 12, 0, 2, 1332.40
1639601060, 2, 471, 902, 617, 0, 0.99%, 12, 0, 2, 1329.71
1639601065, 2, 488, 902, 611, 0, 0.99%, 12, 0, 2, 1320.39
1639601070, 2, 516, 902, 604, 0, 0.99%, 13, 0, 2, 1342.57
1639601075, 2, 537, 902, 598, 0, 0.99%, 13, 0, 2, 1366.76
1639601080, 2, 560, 902, 592, 0, 0.99%, 14, 0, 2, 1365.48
1639601085, 2, 578, 902, 588, 0, 0.99%, 14, 0, 2, 1382.22
1639601091, 2, 620, 902, 580, 0, 0.99%, 14, 0, 2, 1415.69
1639601096, 2, 637, 902, 574, 0, 0.99%, 14, 0, 2, 1408.87
1639601101, 2, 676, 902, 567, 0, 0.99%, 14, 0, 2, 1434.97
1639601106, 2, 713, 902, 561, 0, 0.99%, 14, 0, 2, 1452.08
1639601111, 2, 739, 902, 556, 0, 0.99%, 14, 0, 2, 1454.94
1639601116, 2, 781, 902, 548, 0, 0.99%, 14, 0, 2, 1459.70
1639601121, 2, 811, 902, 541, 0, 0.99%, 15, 0, 2, 1338.70
1639601126, 2, 823, 902, 533, 0, 0.99%, 16, 0, 2, 1311.29
1639601131, 2, 847, 902, 527, 0, 0.99%, 16, 0, 2, 1268.75
1639601136, 2, 866, 902, 524, 0, 0.99%, 16, 0, 2, 1214.87
