# unix_time, cycles_done, cur_path, paths_total, pending_total, pending_favs, map_size, unique_crashes, unique_hangs, max_depth, execs_per_sec
1639435727, 0, 0, 585, 585, 106, 0.90%, 0, 0, 1, 1214.64
1639435732, 0, 49, 585, 574, 95, 0.90%, 5, 0, 1, 1380.54
1639435738, 0, 91, 586, 565, 87, 0.90%, 6, 0, 2, 1414.58
1639435743, 0, 128, 586, 555, 77, 0.90%, 6, 0, 2, 1421.46
1639435748, 0, 233, 586, 543, 65, 0.90%, 6, 0, 2, 1426.48
1639435753, 0, 311, 586, 532, 55, 0.90%, 6, 0, 2, 1434.34
1639435758, 0, 356, 586, 524, 48, 0.90%, 6, 0, 2, 1418.37
1639435763, 0, 400, 586, 515, 39, 0.90%, 7, 0, 2, 1429.47
1639435769, 0, 427, 586, 506, 30, 0.90%, 7, 0, 2, 1370.34
1639435774, 0, 498, 586, 494, 18, 0.90%, 7, 0, 2, 1384.91
1639435779, 0, 534, 589, 489, 11, 0.90%, 8, 0, 2, 1418.45
1639435784, 0, 578, 589, 479, 1, 0.90%, 9, 0, 2, 1420.52
1639435789, 1, 19, 589, 473, 0, 0.90%, 9, 0, 2, 1423.24
1639435794, 1, 60, 589, 469, 0, 0.90%, 9, 0, 2, 1419.96
1639435799, 1, 83, 589, 463, 0, 0.90%, 10, 0, 2, 1437.75
1639435804, 1, 103, 589, 460, 0, 0.90%, 10, 0, 2, 1428.27
1639435810, 1, 124, 589, 454, 0, 0.90%, 10, 0, 2, 1423.45
1639435815, 1, 154, 589, 449, 0, 0.90%, 10, 0, 2, 1421.30
1639435820, 1, 171, 589, 443, 0, 0.90%, 10, 0, 2, 1427.15
1639435825, 1, 211, 589, 435, 0, 0.90%, 10, 0, 2, 1419.73
1639435830, 1, 232, 589, 428, 0, 0.90%, 10, 0, 2, 1428.80
1639435835, 1, 260, 589, 422, 0, 0.90%, 10, 0, 2, 1427.78
1639435840, 1, 286, 589, 416, 0, 0.90%, 10, 0, 2, 1430.78
1639435845, 1, 311, 590, 410, 0, 0.90%, 10, 0, 2, 1438.50
1639435850, 1, 326, 590, 405, 0, 0.90%, 10, 0, 2, 1422.73
1639435856, 1, 348, 590, 397, 0, 0.90%, 10, 0, 2, 1419.13
1639435861, 1, 372, 590, 394, 0, 0.90%, 10, 0, 2, 1438.41
1639435866, 1, 395, 590, 387, 0, 0.90%, 10, 0, 2, 1437.07
1639435871, 1, 416, 591, 385, 0, 0.90%, 10, 0, 2, 1434.35
1639435876, 1, 441, 591, 380, 0, 0.90%, 10, 0, 2, 1449.19
1639435881, 1, 462, 591, 373, 0, 0.90%, 10, 0, 2, 1428.54
1639435886, 1, 496, 591, 368, 0, 0.90%, 10, 0, 2, 1442.41
1639435891, 1, 515, 591, 367, 0, 0.90%, 10, 0, 2, 1438.64
1639435897, 1, 534, 591, 359, 0, 0.90%, 10, 0, 2, 1435.96
1639435902, 1, 553, 591, 355, 0, 0.90%, 10, 0, 2, 1439.46
1639435907, 1, 574, 591, 350, 0, 0.90%, 10, 0, 2, 1442.38
1639435912, 2, 3, 591, 346, 0, 0.90%, 10, 0, 2, 1431.86
1639435917, 2, 32, 591, 341, 0, 0.90%, 10, 0, 2, 1429.07
1639435922, 2, 53, 591, 336, 0, 0.90%, 11, 0, 2, 1433.45
1639435927, 2, 94, 591, 333, 0, 0.90%, 11, 0, 2, 1439.50
1639435932, 2, 120, 591, 330, 0, 0.90%, 11, 0, 2, 1417.57
1639435937, 2, 142, 591, 326, 0, 0.90%, 11, 0, 2, 1416.04
1639435943, 2, 182, 591, 320, 0, 0.90%, 11, 0, 2, 1423.14
1639435948, 2, 216, 592, 315, 0, 0.90%, 11, 0, 2, 1434.31
1639435953, 2, 247, 592, 312, 0, 0.90%, 11, 0, 2, 1399.10
1639435958, 2, 292, 593, 308, 0, 0.90%, 11, 0, 2, 1412.72
1639435963, 2, 316, 593, 301, 0, 0.90%, 12, 0, 2, 1433.91
1639435968, 2, 356, 593, 298, 0, 0.90%, 12, 0, 2, 1391.40
1639435974, 2, 382, 593, 294, 0, 0.90%, 12, 0, 2, 1770.69
1639435979, 2, 397, 593, 288, 0, 0.90%, 12, 0, 2, 1484.89
1639435984, 2, 419, 593, 286, 0, 0.90%, 12, 0, 2, 1438.38
1639435989, 2, 448, 593, 282, 0, 0.90%, 12, 0, 2, 1423.01
1639435994, 2, 481, 593, 276, 0, 0.90%, 12, 0, 2, 1428.42
1639435999, 2, 504, 593, 273, 0, 0.90%, 12, 0, 2, 1418.15
1639436004, 2, 534, 593, 270, 0, 0.90%, 12, 0, 2, 1427.61
1639436010, 2, 558, 594, 266, 0, 0.90%, 12, 0, 2, 1437.75
1639436015, 2, 578, 596, 265, 0, 0.90%, 12, 0, 2, 1429.40
1639436020, 3, 1, 597, 263, 0, 0.90%, 13, 0, 3, 1422.42
