# unix_time, cycles_done, cur_path, paths_total, pending_total, pending_favs, map_size, unique_crashes, unique_hangs, max_depth, execs_per_sec
1639587317, 0, 0, 299, 299, 79, 0.72%, 0, 0, 1, 1308.53
1639587322, 0, 44, 300, 290, 69, 0.72%, 5, 0, 2, 1419.52
1639587327, 0, 86, 301, 283, 62, 0.72%, 5, 0, 2, 1432.62
1639587332, 0, 115, 301, 272, 51, 0.72%, 5, 0, 2, 1441.39
1639587338, 0, 136, 301, 262, 41, 0.72%, 7, 0, 2, 1447.29
1639587343, 0, 191, 301, 253, 32, 0.72%, 7, 0, 2, 1438.99
1639587348, 0, 232, 301, 244, 23, 0.72%, 9, 0, 2, 1471.23
1639587353, 0, 248, 302, 239, 17, 0.72%, 9, 0, 2, 1446.95
1639587358, 0, 274, 303, 230, 8, 0.72%, 9, 0, 2, 1472.48
1639587363, 0, 296, 303, 223, 2, 0.72%, 10, 0, 2, 1487.13
1639587368, 1, 30, 303, 219, 0, 0.72%, 10, 0, 2, 1482.91
1639587373, 1, 52, 305, 217, 0, 0.72%, 10, 0, 2, 1484.09
1639587378, 1, 80, 305, 211, 0, 0.72%, 10, 0, 2, 1467.08
1639587383, 1, 97, 305, 209, 0, 0.72%, 10, 0, 2, 1458.71
1639587389, 1, 109, 305, 207, 0, 0.72%, 10, 0, 2, 2122.88
1639587394, 1, 128, 305, 206, 0, 0.72%, 11, 0, 2, 1051.25
1639587399, 1, 145, 305, 200, 0, 0.72%, 11, 0, 2, 1399.93
1639587404, 1, 231, 307, 198, 1, 0.72%, 11, 0, 2, 1430.60
1639587409, 2, 24, 307, 196, 0, 0.72%, 11, 0, 2, 1467.17
1639587415, 2, 59, 307, 192, 0, 0.72%, 11, 0, 2, 1461.61
1639587420, 2, 77, 307, 187, 0, 0.72%, 11, 0, 2, 1437.42
1639587425, 2, 99, 308, 186, 0, 0.72%, 11, 0, 2, 1443.95
1639587430, 2, 118, 308, 184, 0, 0.72%, 11, 0, 2, 1477.90
1639587435, 2, 136, 308, 183, 0, 0.72%, 11, 0, 2, 1486.00
1639587440, 2, 161, 309, 178, 0, 0.72%, 11, 0, 2, 1458.96
1639587445, 2, 180, 309, 173, 0, 0.72%, 11, 0, 2, 1451.97
1639587450, 2, 202, 309, 167, 0, 0.72%, 11, 0, 2, 1454.05
1639587455, 2, 231, 309, 164, 0, 0.72%, 11, 0, 2, 1450.19
1639587460, 2, 309, 311, 164, 1, 0.72%, 11, 0, 3, 1440.33
1639587465, 3, 8, 311, 158, 0, 0.72%, 11, 0, 3, 1467.67
1639587470, 3, 38, 311, 153, 0, 0.72%, 11, 0, 3, 1472.86
1639587476, 3, 62, 311, 150, 0, 0.72%, 11, 0, 3, 1476.53
1639587481, 3, 96, 311, 150, 0, 0.72%, 11, 0, 3, 1475.56
1639587486, 3, 116, 311, 148, 0, 0.72%, 11, 0, 3, 1474.18
1639587491, 3, 135, 311, 145, 0, 0.72%, 11, 0, 3, 1480.17
1639587496, 3, 164, 311, 143, 0, 0.72%, 11, 0, 3, 1476.12
1639587501, 3, 191, 311, 138, 0, 0.72%, 11, 0, 3, 1475.79
1639587506, 3, 213, 311, 134, 0, 0.72%, 11, 0, 3, 1486.82
1639587511, 3, 239, 311, 131, 0, 0.72%, 11, 0, 3, 1475.77
1639587516, 3, 250, 311, 130, 0, 0.72%, 11, 0, 3, 1475.89
1639587522, 3, 270, 311, 127, 0, 0.72%, 11, 0, 3, 1419.01
1639587527, 3, 288, 311, 124, 0, 0.72%, 12, 0, 3, 1447.30
1639587532, 3, 306, 312, 122, 0, 0.72%, 12, 0, 3, 1293.90
1639587537, 4, 8, 313, 122, 0, 0.72%, 12, 0, 3, 1404.44
1639587542, 4, 41, 314, 122, 0, 0.72%, 12, 0, 3, 1297.11
1639587547, 4, 65, 314, 120, 0, 0.72%, 12, 0, 3, 1209.77
1639587552, 4, 91, 314, 116, 0, 0.72%, 12, 0, 3, 1307.73
1639587557, 4, 114, 316, 117, 0, 0.72%, 12, 0, 3, 1298.87
1639587562, 4, 126, 316, 115, 0, 0.72%, 12, 0, 3, 1291.13
1639587568, 4, 159, 316, 112, 0, 0.72%, 12, 0, 3, 1309.63
1639587573, 4, 191, 317, 109, 0, 0.72%, 12, 0, 3, 1406.83
1639587578, 4, 217, 317, 107, 0, 0.72%, 12, 0, 3, 1320.30
1639587583, 4, 240, 317, 105, 0, 0.72%, 12, 0, 3, 1355.57
1639587588, 4, 256, 318, 104, 0, 0.72%, 12, 0, 3, 1347.03
1639587593, 4, 276, 318, 104, 0, 0.72%, 12, 0, 3, 1355.50
1639587598, 4, 306, 320, 105, 0, 0.72%, 12, 0, 3, 1366.73
1639587603, 4, 316, 320, 103, 0, 0.72%, 12, 0, 3, 1357.33
1639587608, 4, 318, 323, 105, 0, 0.72%, 12, 0, 3, 1356.95
1639587613, 4, 324, 325, 106, 1, 0.76%, 12, 0, 3, 1579.93
