# unix_time, cycles_done, cur_path, paths_total, pending_total, pending_favs, map_size, unique_crashes, unique_hangs, max_depth, execs_per_sec
1639589442, 0, 0, 503, 503, 97, 0.88%, 0, 0, 1, 997.77
1639589447, 0, 34, 503, 497, 92, 0.88%, 2, 0, 1, 1238.10
1639589452, 0, 59, 503, 490, 85, 0.88%, 2, 0, 1, 1304.61
1639589457, 0, 95, 503, 483, 78, 0.88%, 3, 0, 1, 1364.12
1639589462, 0, 134, 503, 474, 69, 0.88%, 5, 0, 1, 1327.63
1639589467, 0, 187, 504, 464, 59, 0.88%, 5, 0, 2, 1324.84
1639589473, 0, 254, 505, 455, 49, 0.88%, 5, 0, 2, 1330.02
1639589478, 0, 286, 505, 447, 41, 0.88%, 5, 0, 2, 1262.26
1639589483, 0, 329, 505, 438, 32, 0.88%, 5, 0, 2, 1301.58
1639589488, 0, 381, 505, 429, 24, 0.88%, 5, 0, 2, 1339.28
1639589493, 0, 425, 505, 419, 14, 0.88%, 6, 0, 2, 1354.79
1639589498, 0, 484, 505, 409, 5, 0.88%, 6, 0, 2, 1393.10
1639589503, 0, 503, 508, 407, 0, 0.88%, 6, 0, 3, 1395.56
1639589508, 1, 27, 508, 401, 0, 0.88%, 7, 0, 3, 1379.02
1639589513, 1, 44, 508, 400, 0, 0.88%, 7, 0, 3, 1404.57
1639589518, 1, 62, 508, 398, 0, 0.88%, 7, 0, 3, 1388.51
1639589523, 1, 80, 508, 394, 0, 0.88%, 7, 0, 3, 1311.87
1639589528, 1, 99, 508, 393, 0, 0.88%, 8, 0, 3, 1335.10
1639589533, 1, 126, 508, 387, 0, 0.88%, 8, 0, 3, 1334.17
1639589538, 1, 146, 508, 383, 0, 0.88%, 8, 0, 3, 1351.93
1639589543, 1, 175, 508, 379, 0, 0.88%, 8, 0, 3, 1376.63
1639589549, 1, 206, 508, 374, 0, 0.88%, 9, 0, 3, 1414.43
1639589554, 1, 237, 508, 366, 0, 0.88%, 9, 0, 3, 1412.56
1639589559, 1, 259, 508, 362, 0, 0.88%, 9, 0, 3, 1414.11
1639589564, 1, 281, 508, 357, 0, 0.88%, 9, 0, 3, 1381.84
1639589569, 1, 296, 508, 353, 0, 0.88%, 9, 0, 3, 1443.78
1639589574, 1, 329, 508, 348, 0, 0.88%, 10, 0, 3, 1435.00
1639589579, 1, 374, 508, 344, 0, 0.88%, 10, 0, 3, 1398.46
1639589584, 1, 406, 508, 340, 0, 0.88%, 10, 0, 3, 1328.68
1639589589, 1, 420, 508, 336, 0, 0.88%, 10, 0, 3, 1153.40
1639589594, 1, 436, 508, 335, 0, 0.88%, 10, 0, 3, 1099.35
1639589599, 1, 462, 508, 330, 0, 0.88%, 10, 0, 3, 1071.36
1639589604, 1, 484, 508, 326, 0, 0.88%, 10, 0, 3, 1017.10
1639589609, 1, 507, 508, 324, 0, 0.88%, 10, 0, 3, 990.13
1639589614, 2, 25, 508, 320, 0, 0.88%, 10, 0, 3, 1043.88
1639589619, 2, 34, 508, 318, 0, 0.88%, 10, 0, 3, 1127.56
1639589624, 2, 47, 508, 316, 0, 0.88%, 10, 0, 3, 1189.99
1639589630, 2, 56, 508, 312, 0, 0.88%, 10, 0, 3, 1168.44
1639589635, 2, 81, 508, 309, 0, 0.88%, 10, 0, 3, 1188.33
1639589640, 2, 97, 508, 307, 0, 0.88%, 10, 0, 3, 1199.51
1639589645, 2, 110, 508, 304, 0, 0.88%, 10, 0, 3, 1191.99
1639589650, 2, 137, 508, 300, 0, 0.88%, 10, 0, 3, 1209.37
1639589655, 2, 174, 508, 296, 0, 0.88%, 10, 0, 3, 1195.91
1639589660, 2, 192, 508, 292, 0, 0.88%, 10, 0, 3, 1162.85
1639589665, 2, 240, 508, 289, 0, 0.88%, 10, 0, 3, 1154.27
1639589670, 2, 254, 509, 286, 0, 0.88%, 11, 0, 3, 1137.34
1639589675, 2, 281, 510, 285, 0, 0.88%, 12, 0, 3, 1256.12
1639589680, 2, 304, 510, 282, 0, 0.88%, 12, 0, 3, 1269.62
1639589686, 2, 329, 510, 277, 0, 0.88%, 12, 0, 3, 1266.65
1639589691, 2, 357, 510, 272, 0, 0.88%, 13, 0, 3, 1217.62
1639589696, 2, 381, 510, 268, 0, 0.88%, 14, 0, 3, 1230.16
1639589701, 2, 405, 510, 263, 0, 0.88%, 14, 0, 3, 1238.39
1639589706, 2, 420, 510, 259, 0, 0.88%, 14, 0, 3, 1249.85
1639589711, 3, 262, 511, 258, 1, 0.89%, 14, 0, 3, 1079.29
1639589716, 3, 273, 512, 257, 0, 0.89%, 14, 0, 3, 765.46
1639589721, 3, 286, 512, 257, 0, 0.89%, 14, 0, 3, 714.67
1639589726, 3, 302, 512, 254, 0, 0.89%, 14, 0, 3, 897.96
1639589731, 3, 318, 512, 253, 0, 0.89%, 14, 0, 3, 653.68
1639589736, 3, 330, 513, 254, 0, 0.89%, 14, 0, 3, 610.44
