# unix_time, cycles_done, cur_path, paths_total, pending_total, pending_favs, map_size, unique_crashes, unique_hangs, max_depth, execs_per_sec
1639448942, 0, 0, 1, 1, 1, 0.12%, 0, 0, 1, 2000.00
1639448947, 0, 0, 87, 87, 1, 0.46%, 4, 0, 2, 1525.54
1639448952, 0, 12, 114, 110, 39, 0.47%, 6, 0, 3, 1421.09
1639448957, 0, 47, 128, 113, 28, 0.49%, 8, 0, 3, 1461.35
1639448962, 0, 48, 139, 123, 28, 0.50%, 8, 0, 3, 1436.17
1639448967, 0, 71, 157, 130, 21, 0.53%, 8, 0, 3, 1454.44
1639448972, 0, 82, 170, 139, 18, 0.55%, 8, 0, 3, 1451.08
1639448977, 0, 119, 173, 137, 19, 0.55%, 9, 0, 3, 1444.45
1639448982, 0, 122, 184, 146, 19, 0.56%, 10, 0, 4, 1451.03
1639448987, 0, 138, 192, 151, 22, 0.58%, 10, 0, 4, 1466.34
1639448993, 0, 162, 201, 153, 16, 0.59%, 10, 0, 4, 1465.85
1639448998, 0, 174, 202, 149, 12, 0.59%, 11, 0, 4, 1426.61
1639449003, 0, 183, 206, 151, 10, 0.60%, 11, 0, 5, 1456.62
1639449008, 0, 190, 220, 163, 18, 0.66%, 11, 0, 5, 1461.80
1639449013, 0, 191, 226, 168, 18, 0.66%, 11, 0, 5, 1434.64
1639449018, 0, 191, 234, 176, 18, 0.67%, 13, 0, 5, 1365.44
1639449023, 0, 198, 241, 179, 18, 0.67%, 13, 0, 5, 1438.26
1639449028, 0, 203, 245, 181, 17, 0.67%, 13, 0, 5, 1921.11
1639449033, 0, 212, 247, 177, 11, 0.67%, 13, 0, 6, 2008.63
1639449038, 0, 227, 253, 179, 9, 0.68%, 13, 0, 6, 1735.76
1639449044, 0, 241, 260, 182, 6, 0.68%, 13, 0, 6, 2488.84
1639449049, 1, 112, 266, 179, 1, 0.68%, 13, 0, 7, 2508.16
1639449054, 1, 267, 269, 180, 1, 0.68%, 13, 0, 7, 1652.93
1639449059, 1, 270, 272, 180, 0, 0.68%, 13, 0, 7, 1493.20
1639449064, 2, 9, 273, 175, 0, 0.68%, 13, 0, 7, 1465.48
1639449069, 2, 43, 273, 169, 0, 0.68%, 13, 0, 7, 1443.71
1639449074, 2, 59, 275, 167, 0, 0.68%, 13, 0, 7, 1458.64
1639449079, 2, 94, 275, 163, 0, 0.68%, 13, 0, 7, 1450.09
1639449084, 2, 109, 275, 158, 0, 0.68%, 14, 0, 7, 1434.28
1639449089, 2, 148, 275, 152, 0, 0.68%, 14, 0, 7, 1450.91
1639449094, 2, 164, 275, 147, 0, 0.68%, 14, 0, 7, 1451.33
1639449099, 2, 177, 275, 146, 0, 0.68%, 14, 0, 7, 1452.66
1639449104, 2, 185, 277, 146, 0, 0.68%, 14, 0, 7, 1439.78
1639449109, 2, 191, 277, 143, 0, 0.68%, 14, 0, 7, 1452.91
1639449114, 2, 201, 277, 142, 0, 0.68%, 14, 0, 7, 1441.64
1639449119, 2, 207, 279, 144, 0, 0.68%, 14, 0, 7, 1450.41
1639449124, 2, 223, 279, 144, 0, 0.68%, 15, 0, 7, 1451.01
1639449129, 2, 231, 280, 143, 0, 0.68%, 15, 0, 7, 1431.29
1639449135, 2, 236, 282, 144, 0, 0.68%, 15, 0, 7, 1443.68
1639449140, 2, 246, 283, 143, 0, 0.68%, 15, 0, 7, 1460.16
1639449145, 2, 283, 286, 146, 1, 0.69%, 15, 0, 8, 1460.34
1639449150, 3, 26, 286, 143, 0, 0.69%, 15, 0, 8, 1464.61
1639449155, 3, 53, 286, 139, 0, 0.69%, 15, 0, 8, 1447.79
1639449160, 3, 78, 287, 138, 0, 0.69%, 15, 0, 8, 1432.02
1639449165, 3, 95, 288, 135, 0, 0.69%, 15, 0, 8, 1452.46
1639449170, 3, 142, 288, 132, 0, 0.69%, 15, 0, 8, 1465.32
1639449175, 3, 166, 288, 129, 0, 0.69%, 15, 0, 8, 1459.38
1639449180, 3, 175, 288, 127, 0, 0.69%, 15, 0, 8, 1456.31
1639449185, 3, 288, 290, 128, 1, 0.69%, 15, 0, 8, 1451.70
1639449190, 4, 26, 291, 127, 0, 0.69%, 15, 0, 8, 1453.06
1639449196, 4, 48, 291, 120, 0, 0.69%, 15, 0, 8, 1372.55
1639449201, 4, 66, 291, 119, 0, 0.69%, 15, 0, 8, 1352.50
1639449206, 4, 291, 292, 119, 1, 0.69%, 15, 0, 8, 1406.72
1639449211, 4, 292, 295, 121, 1, 0.72%, 15, 0, 8, 1410.92
1639449216, 4, 292, 296, 122, 1, 0.75%, 15, 0, 8, 1452.24
1639449221, 4, 295, 298, 123, 1, 0.75%, 15, 0, 8, 1467.44
1639449226, 4, 296, 298, 122, 2, 0.75%, 15, 0, 8, 1467.79
1639449236, 4, 297, 300, 123, 1, 0.75%, 15, 0, 8, 1449.95
1639449241, 4, 297, 302, 125, 1, 0.76%, 15, 0, 8, 1435.83
