# unix_time, cycles_done, cur_path, paths_total, pending_total, pending_favs, map_size, unique_crashes, unique_hangs, max_depth, execs_per_sec
1639587014, 0, 0, 1, 1, 1, 0.12%, 0, 0, 1, 1600.00
1639587019, 0, 0, 79, 79, 1, 0.47%, 5, 0, 2, 1494.08
1639587024, 0, 9, 90, 89, 41, 0.48%, 5, 0, 3, 1448.23
1639587029, 0, 15, 115, 111, 40, 0.51%, 6, 0, 3, 1447.80
1639587034, 0, 18, 129, 123, 44, 0.53%, 6, 0, 3, 1426.73
1639587039, 0, 39, 135, 119, 32, 0.53%, 8, 0, 3, 1415.76
1639587044, 0, 49, 141, 119, 27, 0.53%, 8, 0, 3, 1417.14
1639587049, 0, 61, 151, 121, 20, 0.54%, 11, 0, 3, 1382.86
1639587054, 0, 72, 155, 121, 19, 0.54%, 11, 0, 3, 1459.12
1639587060, 0, 116, 164, 124, 14, 0.55%, 11, 0, 4, 1334.71
1639587065, 0, 131, 169, 123, 8, 0.56%, 12, 0, 4, 1388.95
1639587070, 0, 154, 177, 126, 4, 0.56%, 12, 0, 4, 1443.53
1639587075, 0, 168, 187, 134, 2, 0.58%, 12, 0, 5, 1452.91
1639587080, 0, 168, 211, 158, 2, 0.63%, 12, 0, 5, 1451.52
1639587085, 0, 179, 214, 158, 13, 0.63%, 12, 0, 6, 1471.95
1639587090, 0, 183, 219, 160, 10, 0.63%, 12, 0, 6, 1405.61
1639587095, 0, 199, 223, 160, 8, 0.64%, 13, 0, 6, 1433.93
1639587100, 0, 207, 230, 164, 5, 0.65%, 13, 0, 6, 1434.26
1639587105, 0, 208, 234, 167, 6, 0.65%, 13, 0, 6, 1488.88
1639587110, 0, 209, 240, 172, 6, 0.65%, 13, 0, 6, 1434.35
1639587115, 0, 228, 242, 172, 4, 0.65%, 13, 0, 7, 1440.94
1639587120, 0, 236, 246, 175, 3, 0.65%, 13, 0, 7, 1440.33
1639587125, 0, 241, 248, 175, 2, 0.65%, 13, 0, 7, 1462.99
1639587130, 1, 9, 250, 172, 0, 0.65%, 13, 0, 8, 1479.85
1639587135, 1, 32, 251, 170, 0, 0.65%, 13, 0, 8, 1487.00
1639587140, 1, 54, 253, 169, 0, 0.65%, 13, 0, 8, 1478.81
1639587145, 1, 71, 254, 167, 0, 0.65%, 13, 0, 8, 1489.47
1639587151, 1, 93, 254, 160, 0, 0.65%, 13, 0, 8, 1496.49
1639587156, 1, 113, 254, 154, 0, 0.65%, 13, 0, 8, 1497.31
1639587161, 1, 254, 256, 154, 1, 0.65%, 13, 0, 8, 1493.59
1639587166, 1, 256, 268, 164, 1, 0.70%, 13, 0, 8, 1490.90
1639587171, 1, 258, 269, 164, 8, 0.70%, 13, 0, 8, 1479.73
1639587176, 1, 260, 270, 164, 7, 0.70%, 13, 0, 8, 1510.91
1639587181, 1, 263, 273, 165, 5, 0.70%, 13, 0, 8, 1493.92
1639587186, 1, 265, 275, 165, 3, 0.70%, 13, 0, 8, 1488.22
1639587191, 1, 266, 277, 166, 4, 0.71%, 13, 0, 8, 1494.10
1639587196, 1, 274, 279, 166, 2, 0.71%, 13, 0, 9, 1489.44
1639587201, 1, 274, 280, 167, 2, 0.71%, 13, 0, 9, 1397.90
1639587207, 1, 275, 284, 170, 2, 0.71%, 13, 0, 9, 1413.98
1639587212, 1, 279, 285, 170, 3, 0.71%, 13, 0, 10, 1417.35
1639587217, 1, 280, 288, 172, 2, 0.71%, 13, 0, 10, 1433.40
1639587227, 1, 282, 289, 172, 1, 0.71%, 13, 0, 10, 1455.83
1639587232, 1, 282, 291, 174, 1, 0.71%, 13, 0, 10, 1451.50
1639587237, 1, 288, 292, 173, 0, 0.71%, 13, 0, 11, 1465.73
1639587247, 2, 9, 292, 170, 0, 0.71%, 13, 0, 11, 1451.45
1639587252, 2, 29, 292, 167, 0, 0.71%, 13, 0, 11, 1421.55
1639587257, 2, 195, 293, 166, 1, 0.71%, 13, 0, 11, 1471.38
1639587262, 3, 9, 295, 165, 0, 0.72%, 13, 0, 11, 1467.35
1639587267, 3, 29, 295, 164, 0, 0.72%, 13, 0, 11, 1459.09
1639587272, 3, 54, 295, 162, 0, 0.72%, 13, 0, 11, 1368.84
1639587278, 3, 71, 295, 160, 0, 0.72%, 13, 0, 11, 1439.47
1639587283, 3, 106, 296, 156, 0, 0.72%, 13, 0, 11, 1452.25
1639587288, 3, 120, 297, 154, 0, 0.72%, 13, 0, 11, 1469.97
1639587293, 3, 152, 297, 152, 0, 0.72%, 13, 0, 11, 1456.86
1639587298, 3, 167, 297, 148, 0, 0.72%, 13, 0, 11, 1433.67
1639587303, 3, 178, 297, 146, 0, 0.72%, 13, 0, 11, 1431.32
1639587308, 3, 185, 298, 146, 0, 0.72%, 13, 0, 11, 1472.85
1639587313, 3, 198, 299, 145, 0, 0.72%, 13, 0, 11, 1603.65
