# unix_time, cycles_done, cur_path, paths_total, pending_total, pending_favs, map_size, unique_crashes, unique_hangs, max_depth, execs_per_sec
1639555820, 0, 0, 1228, 1228, 1, 0.01%, 0, 0, 1, 1355.22
1639555825, 0, 527, 1228, 1217, 0, 0.01%, 0, 0, 1, 1574.51
1639555830, 0, 850, 1228, 1206, 0, 0.01%, 0, 0, 1, 1637.28
1639555835, 0, 1168, 1228, 1194, 0, 0.01%, 0, 0, 1, 1632.27
1639555840, 1, 30, 1228, 1182, 0, 0.01%, 0, 0, 1, 1643.56
1639555845, 1, 77, 1228, 1169, 0, 0.01%, 0, 0, 1, 1642.29
1639555850, 1, 132, 1228, 1155, 0, 0.01%, 0, 0, 1, 1636.81
1639555855, 1, 185, 1228, 1144, 0, 0.01%, 0, 0, 1, 1619.11
1639555860, 1, 241, 1228, 1130, 0, 0.01%, 0, 0, 1, 1649.26
1639555865, 1, 278, 1228, 1118, 0, 0.01%, 0, 0, 1, 1622.72
1639555870, 1, 341, 1228, 1104, 0, 0.01%, 0, 0, 1, 1883.87
1639555876, 1, 374, 1228, 1095, 0, 0.01%, 0, 0, 1, 1677.76
1639555881, 1, 417, 1228, 1085, 0, 0.01%, 0, 0, 1, 1661.63
1639555886, 1, 438, 1228, 1071, 0, 0.01%, 0, 0, 1, 1631.69
1639555891, 1, 477, 1228, 1060, 0, 0.01%, 0, 0, 1, 1643.10
1639555896, 1, 511, 1228, 1050, 0, 0.01%, 0, 0, 1, 1646.49
1639555901, 1, 568, 1228, 1038, 0, 0.01%, 0, 0, 1, 1641.69
1639555906, 1, 615, 1228, 1025, 0, 0.01%, 0, 0, 1, 1642.20
1639555912, 1, 686, 1228, 1013, 0, 0.01%, 0, 0, 1, 1638.24
1639555917, 1, 721, 1228, 1004, 0, 0.01%, 0, 0, 1, 1637.23
1639555922, 1, 762, 1228, 993, 0, 0.01%, 0, 0, 1, 1630.88
1639555927, 1, 796, 1228, 982, 0, 0.01%, 0, 0, 1, 1667.28
1639555932, 1, 827, 1228, 970, 0, 0.01%, 0, 0, 1, 1655.82
1639555937, 1, 866, 1228, 958, 0, 0.01%, 0, 0, 1, 1666.35
1639555942, 1, 904, 1228, 947, 0, 0.01%, 0, 0, 1, 1638.08
1639555947, 1, 960, 1228, 937, 0, 0.01%, 0, 0, 1, 1615.70
1639555952, 1, 1020, 1228, 924, 0, 0.01%, 0, 0, 1, 1605.65
1639555958, 1, 1065, 1228, 913, 0, 0.01%, 0, 0, 1, 1625.01
1639555963, 1, 1111, 1228, 902, 0, 0.01%, 0, 0, 1, 1616.27
1639555968, 1, 1190, 1228, 891, 0, 0.01%, 0, 0, 1, 1613.75
1639555973, 2, 30, 1228, 879, 0, 0.01%, 0, 0, 1, 1599.68
1639555978, 2, 104, 1228, 868, 0, 0.01%, 0, 0, 1, 1650.98
1639555983, 2, 152, 1228, 857, 0, 0.01%, 0, 0, 1, 1656.65
1639555988, 2, 193, 1228, 847, 0, 0.01%, 0, 0, 1, 1647.24
1639555993, 2, 273, 1228, 834, 0, 0.01%, 0, 0, 1, 1642.13
1639555998, 2, 358, 1228, 824, 0, 0.01%, 0, 0, 1, 1618.33
1639556003, 2, 405, 1228, 814, 0, 0.01%, 0, 0, 1, 1638.32
1639556008, 2, 456, 1228, 803, 0, 0.01%, 0, 0, 1, 1645.15
1639556013, 2, 514, 1228, 793, 0, 0.01%, 0, 0, 1, 1612.09
1639556018, 2, 560, 1228, 784, 0, 0.01%, 0, 0, 1, 1644.48
1639556024, 2, 615, 1228, 774, 0, 0.01%, 0, 0, 1, 1637.29
1639556029, 2, 652, 1228, 765, 0, 0.01%, 0, 0, 1, 1680.74
1639556034, 2, 711, 1228, 755, 0, 0.01%, 0, 0, 1, 1616.01
1639556039, 2, 757, 1228, 745, 0, 0.01%, 0, 0, 1, 1649.16
1639556044, 2, 838, 1228, 734, 0, 0.01%, 0, 0, 1, 1646.25
1639556049, 2, 928, 1228, 724, 0, 0.01%, 0, 0, 1, 1604.77
1639556054, 2, 978, 1228, 712, 0, 0.01%, 0, 0, 1, 1642.30
1639556059, 2, 1033, 1228, 700, 0, 0.01%, 0, 0, 1, 1644.30
1639556064, 2, 1091, 1228, 689, 0, 0.01%, 0, 0, 1, 1640.55
1639556069, 2, 1143, 1228, 681, 0, 0.01%, 0, 0, 1, 1594.26
1639556074, 2, 1172, 1228, 673, 0, 0.01%, 0, 0, 1, 1602.74
1639556079, 3, 35, 1228, 660, 0, 0.01%, 0, 0, 1, 1622.57
1639556084, 3, 142, 1228, 649, 0, 0.01%, 0, 0, 1, 1643.38
1639556090, 3, 233, 1228, 638, 0, 0.01%, 0, 0, 1, 1636.06
1639556095, 3, 293, 1228, 629, 0, 0.01%, 0, 0, 1, 1661.82
1639556100, 3, 345, 1228, 617, 0, 0.01%, 0, 0, 1, 1603.14
1639556105, 3, 408, 1228, 608, 0, 0.01%, 0, 0, 1, 1655.13
1639556110, 3, 506, 1228, 600, 0, 0.01%, 0, 0, 1, 1665.14
