# unix_time, cycles_done, cur_path, paths_total, pending_total, pending_favs, map_size, unique_crashes, unique_hangs, max_depth, execs_per_sec
1639487306, 0, 0, 899, 899, 99, 0.93%, 0, 0, 1, 1240.86
1639487311, 0, 84, 899, 892, 94, 0.93%, 4, 0, 1, 1389.97
1639487317, 0, 191, 899, 879, 81, 0.93%, 5, 0, 1, 1429.45
1639487322, 0, 292, 899, 869, 71, 0.93%, 5, 0, 1, 1434.30
1639487327, 0, 364, 899, 856, 59, 0.93%, 6, 0, 1, 1410.39
1639487332, 0, 445, 899, 849, 53, 0.93%, 6, 0, 1, 1410.84
1639487337, 0, 521, 899, 838, 42, 0.93%, 7, 0, 1, 1423.28
1639487342, 0, 565, 905, 838, 36, 0.93%, 10, 0, 2, 1241.20
1639487347, 0, 565, 907, 840, 36, 0.93%, 12, 0, 2, 1083.39
1639487352, 0, 604, 907, 834, 31, 0.93%, 12, 0, 2, 1269.54
1639487358, 0, 671, 907, 825, 23, 0.93%, 12, 0, 2, 1399.36
1639487363, 0, 705, 908, 821, 18, 0.93%, 12, 0, 2, 1355.17
1639487368, 0, 777, 909, 814, 12, 0.93%, 12, 0, 2, 1382.60
1639487373, 0, 828, 909, 807, 8, 0.93%, 12, 0, 2, 1425.55
1639487378, 0, 901, 909, 799, 1, 0.93%, 12, 0, 2, 150.47
1639487383, 1, 18, 909, 793, 0, 0.93%, 13, 0, 2, 1344.11
1639487388, 1, 49, 909, 784, 0, 0.93%, 13, 0, 2, 1381.70
1639487393, 1, 66, 909, 775, 0, 0.93%, 13, 0, 2, 1417.34
1639487399, 1, 84, 909, 768, 0, 0.93%, 13, 0, 2, 1422.22
1639487404, 1, 126, 909, 761, 0, 0.93%, 14, 0, 2, 1427.35
1639487409, 1, 154, 909, 753, 0, 0.93%, 15, 0, 2, 1409.43
1639487414, 1, 173, 909, 747, 0, 0.93%, 15, 0, 2, 1347.49
1639487419, 1, 217, 910, 737, 0, 0.93%, 15, 0, 2, 1381.58
1639487424, 1, 239, 910, 731, 0, 0.93%, 15, 0, 2, 1411.19
1639487429, 1, 256, 910, 725, 0, 0.93%, 15, 0, 2, 1410.41
1639487434, 1, 285, 910, 720, 0, 0.93%, 15, 0, 2, 1422.13
1639487439, 1, 320, 910, 715, 0, 0.93%, 15, 0, 2, 1411.14
1639487445, 1, 351, 910, 708, 0, 0.93%, 15, 0, 2, 1308.82
1639487450, 1, 381, 910, 704, 0, 0.93%, 15, 0, 2, 1385.21
1639487455, 1, 402, 910, 698, 0, 0.93%, 15, 0, 2, 1393.73
1639487460, 1, 428, 910, 692, 0, 0.93%, 15, 0, 2, 1413.69
1639487465, 1, 452, 910, 687, 0, 0.93%, 15, 0, 2, 1410.81
1639487470, 1, 479, 910, 681, 0, 0.93%, 16, 0, 2, 1398.79
1639487475, 1, 511, 910, 673, 0, 0.93%, 16, 0, 2, 1403.75
1639487481, 1, 530, 910, 667, 0, 0.93%, 16, 0, 2, 1391.64
1639487486, 1, 562, 910, 660, 0, 0.93%, 16, 0, 2, 1430.60
1639487491, 1, 586, 910, 655, 0, 0.93%, 16, 0, 2, 1426.55
1639487496, 1, 604, 910, 650, 0, 0.93%, 16, 0, 2, 1434.59
1639487501, 1, 620, 910, 644, 0, 0.93%, 16, 0, 2, 1331.22
1639487506, 1, 638, 910, 640, 0, 0.93%, 16, 0, 2, 1402.84
1639487511, 1, 654, 910, 634, 0, 0.93%, 16, 0, 2, 1418.04
1639487516, 1, 689, 910, 628, 0, 0.93%, 18, 0, 2, 1397.31
1639487521, 1, 709, 911, 626, 0, 0.93%, 18, 0, 2, 1425.36
1639487526, 1, 731, 911, 618, 0, 0.93%, 18, 0, 2, 1404.43
1639487531, 1, 759, 911, 611, 0, 0.93%, 18, 0, 2, 1417.96
1639487536, 1, 790, 911, 607, 0, 0.93%, 19, 0, 2, 1388.88
1639487542, 1, 822, 911, 602, 0, 0.93%, 19, 0, 2, 1413.81
1639487547, 1, 839, 911, 598, 0, 0.93%, 21, 0, 2, 1408.48
1639487552, 1, 872, 912, 592, 0, 0.93%, 21, 0, 2, 1415.13
1639487557, 1, 897, 912, 584, 0, 0.93%, 21, 0, 2, 1413.96
1639487562, 1, 911, 912, 582, 0, 0.93%, 22, 0, 2, 1411.92
1639487567, 2, 26, 912, 577, 0, 0.93%, 22, 0, 2, 1406.05
1639487572, 2, 68, 912, 571, 0, 0.93%, 22, 0, 2, 1409.43
1639487577, 2, 94, 912, 565, 0, 0.93%, 22, 0, 2, 1413.91
1639487583, 2, 144, 912, 558, 0, 0.93%, 22, 0, 2, 1427.60
1639487588, 2, 205, 912, 553, 0, 0.93%, 22, 0, 2, 1433.59
1639487593, 2, 243, 912, 545, 0, 0.93%, 22, 0, 2, 1628.60
1639487598, 2, 275, 912, 543, 0, 0.93%, 22, 0, 2, 1452.20
