# unix_time, cycles_done, cur_path, paths_total, pending_total, pending_favs, map_size, unique_crashes, unique_hangs, max_depth, execs_per_sec
1639591392, 0, 0, 606, 606, 98, 0.90%, 0, 0, 1, 1058.05
1639591397, 0, 59, 608, 602, 92, 0.90%, 5, 0, 2, 1268.97
1639591402, 0, 93, 608, 595, 85, 0.90%, 6, 0, 2, 1364.47
1639591407, 0, 128, 609, 589, 80, 0.90%, 6, 0, 2, 1393.70
1639591412, 0, 143, 609, 582, 74, 0.90%, 7, 0, 2, 1419.00
1639591417, 0, 219, 609, 570, 62, 0.90%, 7, 0, 2, 1449.21
1639591422, 0, 284, 609, 561, 52, 0.90%, 8, 0, 2, 1438.94
1639591428, 0, 338, 609, 551, 43, 0.90%, 9, 0, 2, 1422.62
1639591433, 0, 393, 609, 540, 32, 0.90%, 9, 0, 2, 1316.81
1639591438, 0, 458, 609, 532, 24, 0.90%, 9, 0, 2, 1355.07
1639591443, 0, 504, 609, 523, 15, 0.90%, 10, 0, 2, 1343.51
1639591448, 0, 575, 609, 514, 6, 0.90%, 10, 0, 2, 1322.56
1639591453, 1, 2, 609, 506, 0, 0.90%, 11, 0, 2, 1317.89
1639591458, 1, 21, 609, 501, 0, 0.90%, 11, 0, 2, 1323.69
1639591463, 1, 59, 609, 495, 0, 0.90%, 13, 0, 2, 1318.40
1639591468, 1, 77, 609, 490, 0, 0.90%, 14, 0, 2, 1326.25
1639591473, 1, 93, 609, 486, 0, 0.90%, 14, 0, 2, 1337.99
1639591478, 1, 123, 609, 482, 0, 0.90%, 14, 0, 2, 1365.43
1639591483, 1, 135, 609, 478, 0, 0.90%, 14, 0, 2, 1369.50
1639591488, 1, 143, 611, 478, 0, 0.90%, 15, 0, 2, 1373.89
1639591494, 1, 165, 611, 472, 0, 0.90%, 15, 0, 2, 1401.42
1639591499, 1, 192, 611, 466, 0, 0.90%, 15, 0, 2, 1405.63
1639591504, 1, 214, 611, 462, 0, 0.90%, 15, 0, 2, 1392.64
1639591509, 1, 245, 611, 457, 0, 0.90%, 15, 0, 2, 1398.56
1639591514, 1, 276, 611, 453, 0, 0.90%, 15, 0, 2, 1431.84
1639591519, 1, 302, 611, 445, 0, 0.90%, 15, 0, 2, 1378.47
1639591524, 1, 322, 611, 443, 0, 0.90%, 15, 0, 2, 1331.81
1639591529, 1, 346, 611, 439, 0, 0.90%, 15, 0, 2, 1294.56
1639591534, 1, 382, 611, 432, 0, 0.90%, 15, 0, 2, 1470.10
1639591539, 1, 396, 611, 428, 0, 0.90%, 15, 0, 2, 1250.93
1639591545, 1, 408, 611, 422, 0, 0.90%, 15, 0, 2, 1236.60
1639591550, 1, 430, 611, 417, 0, 0.90%, 15, 0, 2, 1216.17
1639591555, 1, 558, 611, 413, 1, 0.90%, 15, 0, 2, 1190.15
1639591560, 2, 351, 611, 407, 0, 0.90%, 15, 0, 2, 1127.75
1639591565, 2, 382, 611, 405, 0, 0.90%, 15, 0, 2, 1088.71
1639591570, 2, 405, 611, 402, 0, 0.90%, 15, 0, 2, 1082.65
1639591575, 2, 426, 611, 399, 0, 0.90%, 15, 0, 2, 1066.25
1639591580, 2, 447, 611, 397, 0, 0.90%, 15, 0, 2, 1040.36
1639591585, 2, 462, 612, 394, 0, 0.90%, 15, 0, 2, 1021.07
1639591590, 2, 491, 612, 391, 0, 0.90%, 15, 0, 2, 1034.78
1639591595, 2, 518, 612, 386, 0, 0.90%, 15, 0, 2, 1084.12
1639591600, 2, 552, 612, 382, 0, 0.90%, 15, 0, 2, 1122.24
1639591605, 2, 584, 612, 380, 0, 0.90%, 15, 0, 2, 1185.11
1639591611, 2, 607, 612, 376, 0, 0.90%, 15, 0, 2, 1187.09
1639591616, 3, 17, 612, 374, 0, 0.90%, 15, 0, 2, 1238.63
1639591621, 3, 47, 612, 369, 0, 0.90%, 15, 0, 2, 1291.71
1639591626, 3, 79, 612, 365, 0, 0.90%, 15, 0, 2, 1316.94
1639591631, 3, 97, 612, 362, 0, 0.90%, 15, 0, 2, 1384.71
1639591636, 3, 125, 612, 357, 0, 0.90%, 17, 0, 2, 1393.20
1639591641, 3, 142, 612, 356, 0, 0.90%, 17, 0, 2, 1325.00
1639591646, 3, 179, 612, 352, 0, 0.90%, 17, 0, 2, 1320.83
1639591651, 3, 215, 612, 350, 0, 0.90%, 17, 0, 2, 1323.34
1639591657, 3, 239, 612, 345, 0, 0.90%, 17, 0, 2, 1314.97
1639591662, 3, 279, 612, 340, 0, 0.90%, 17, 0, 2, 1368.18
1639591667, 3, 308, 612, 336, 0, 0.90%, 17, 0, 2, 1371.30
1639591672, 3, 330, 612, 334, 0, 0.90%, 17, 0, 2, 1391.43
1639591677, 3, 362, 612, 329, 0, 0.90%, 17, 0, 2, 1356.31
1639591682, 3, 398, 612, 326, 0, 0.90%, 18, 0, 2, 1359.96
