# unix_time, cycles_done, cur_path, paths_total, pending_total, pending_favs, map_size, unique_crashes, unique_hangs, max_depth, execs_per_sec
1639439593, 0, 0, 1, 1, 1, 0.12%, 0, 0, 1, 1600.00
1639439598, 0, 0, 87, 87, 1, 0.38%, 3, 0, 2, 1460.47
1639439603, 0, 11, 119, 114, 40, 0.42%, 6, 0, 3, 1413.65
1639439608, 0, 38, 126, 109, 28, 0.42%, 7, 0, 3, 1414.60
1639439613, 0, 55, 136, 111, 21, 0.43%, 8, 0, 3, 1458.45
1639439618, 0, 63, 145, 117, 20, 0.44%, 9, 0, 3, 1465.48
1639439623, 0, 83, 149, 118, 19, 0.44%, 10, 0, 3, 1464.87
1639439628, 0, 115, 158, 120, 13, 0.45%, 10, 0, 4, 1443.18
1639439633, 0, 141, 160, 113, 6, 0.45%, 11, 0, 4, 1451.12
1639439638, 0, 147, 168, 119, 6, 0.45%, 12, 0, 4, 1457.43
1639439643, 0, 156, 175, 123, 3, 0.45%, 12, 0, 5, 1443.23
1639439648, 0, 165, 180, 127, 5, 0.46%, 12, 0, 5, 1430.27
1639439653, 0, 173, 190, 136, 5, 0.48%, 13, 0, 6, 1427.27
1639439658, 0, 176, 194, 138, 9, 0.51%, 13, 0, 6, 1427.04
1639439663, 0, 186, 200, 141, 10, 0.51%, 13, 0, 7, 1432.06
1639439668, 0, 188, 207, 147, 11, 0.51%, 13, 0, 7, 1356.80
1639439673, 0, 192, 212, 149, 8, 0.52%, 13, 0, 7, 1388.95
1639439678, 0, 192, 218, 155, 8, 0.53%, 14, 0, 7, 1437.33
1639439683, 0, 193, 226, 162, 14, 0.54%, 14, 0, 7, 1431.41
1639439688, 0, 194, 228, 163, 17, 0.54%, 14, 0, 7, 1431.77
1639439693, 0, 204, 232, 164, 15, 0.54%, 14, 0, 8, 1459.58
1639439698, 0, 210, 233, 164, 14, 0.54%, 14, 0, 8, 1472.44
1639439704, 0, 213, 238, 167, 12, 0.55%, 14, 0, 8, 1452.91
1639439709, 0, 217, 241, 167, 9, 0.55%, 14, 0, 8, 1470.77
1639439714, 0, 223, 246, 168, 6, 0.55%, 14, 0, 8, 1440.34
1639439719, 0, 233, 250, 170, 5, 0.55%, 14, 0, 9, 1442.69
1639439724, 0, 241, 252, 171, 7, 0.56%, 14, 0, 9, 1458.42
1639439729, 0, 247, 257, 174, 6, 0.57%, 14, 0, 10, 1452.60
1639439734, 0, 249, 264, 180, 7, 0.58%, 14, 0, 10, 1457.18
1639439739, 0, 252, 275, 190, 6, 0.61%, 14, 0, 10, 1441.60
1639439744, 0, 262, 276, 189, 14, 0.61%, 14, 0, 11, 1434.39
1639439749, 0, 266, 278, 189, 11, 0.62%, 14, 0, 11, 1430.38
1639439754, 0, 269, 278, 186, 8, 0.62%, 14, 0, 11, 1454.93
1639439759, 0, 272, 282, 187, 5, 0.62%, 14, 0, 11, 1490.17
1639439764, 0, 277, 285, 188, 4, 0.62%, 14, 0, 12, 1453.27
1639439769, 0, 282, 286, 188, 5, 0.62%, 14, 0, 12, 1459.11
1639439774, 1, 14, 286, 186, 3, 0.62%, 14, 0, 12, 1424.34
1639439780, 1, 96, 286, 179, 0, 0.62%, 14, 0, 12, 1451.00
1639439785, 1, 135, 286, 176, 0, 0.62%, 14, 0, 12, 1464.52
1639439790, 1, 286, 290, 177, 1, 0.64%, 14, 0, 12, 1469.28
1639439795, 1, 287, 291, 177, 0, 0.64%, 14, 0, 12, 1457.09
1639439800, 1, 288, 291, 176, 0, 0.64%, 14, 0, 12, 1452.83
1639439805, 1, 291, 292, 176, 1, 0.65%, 14, 0, 12, 1440.03
1639439810, 2, 21, 292, 173, 0, 0.65%, 14, 0, 12, 1445.84
1639439815, 2, 43, 292, 169, 0, 0.65%, 14, 0, 12, 1437.32
1639439820, 2, 69, 292, 167, 0, 0.65%, 14, 0, 12, 1472.70
1639439825, 2, 279, 292, 163, 1, 0.65%, 14, 0, 12, 1465.35
1639439830, 3, 70, 294, 161, 0, 0.65%, 14, 0, 12, 1471.44
1639439835, 3, 90, 296, 157, 0, 0.65%, 14, 0, 12, 1457.86
1639439840, 3, 117, 297, 153, 0, 0.65%, 14, 0, 12, 1428.65
1639439845, 3, 150, 298, 149, 0, 0.65%, 14, 0, 12, 1439.08
1639439851, 3, 161, 299, 148, 0, 0.65%, 14, 0, 12, 1424.02
1639439856, 3, 174, 299, 145, 0, 0.65%, 14, 0, 12, 1449.16
1639439861, 3, 182, 300, 145, 0, 0.65%, 14, 0, 12, 1443.70
1639439866, 3, 188, 301, 144, 0, 0.65%, 14, 0, 12, 1440.81
1639439871, 3, 301, 302, 144, 1, 0.65%, 14, 0, 12, 1577.45
1639439876, 4, 42, 302, 140, 0, 0.65%, 14, 0, 12, 1859.10
1639439881, 4, 62, 302, 137, 0, 0.65%, 14, 0, 12, 1496.31
1639439886, 4, 287, 303, 138, 1, 0.65%, 14, 0, 12, 1458.16
1639439891, 5, 9, 303, 136, 0, 0.65%, 14, 0, 12, 1474.58
