# unix_time, cycles_done, cur_path, paths_total, pending_total, pending_favs, map_size, unique_crashes, unique_hangs, max_depth, execs_per_sec
1639597185, 0, 0, 1320, 1320, 1, 0.01%, 0, 0, 1, 1172.68
1639597190, 0, 311, 1320, 1310, 0, 0.01%, 0, 0, 1, 1463.25
1639597195, 0, 530, 1320, 1299, 0, 0.01%, 0, 0, 1, 1604.73
1639597200, 0, 693, 1320, 1288, 0, 0.01%, 0, 0, 1, 1629.32
1639597205, 0, 884, 1320, 1278, 0, 0.01%, 0, 0, 1, 1650.86
1639597210, 0, 1167, 1320, 1265, 0, 0.01%, 0, 0, 1, 1636.91
1639597215, 1, 11, 1320, 1253, 0, 0.01%, 0, 0, 1, 1615.25
1639597220, 1, 59, 1320, 1242, 0, 0.01%, 0, 0, 1, 1601.09
1639597225, 1, 101, 1320, 1232, 0, 0.01%, 0, 0, 1, 1597.25
1639597230, 1, 145, 1320, 1220, 0, 0.01%, 0, 0, 1, 1634.66
1639597236, 1, 204, 1320, 1209, 0, 0.01%, 0, 0, 1, 1650.88
1639597241, 1, 228, 1320, 1199, 0, 0.01%, 0, 0, 1, 1645.70
1639597246, 1, 263, 1320, 1190, 0, 0.01%, 0, 0, 1, 1594.45
1639597251, 1, 301, 1320, 1180, 0, 0.01%, 0, 0, 1, 1599.74
1639597256, 1, 325, 1320, 1171, 0, 0.01%, 0, 0, 1, 1618.78
1639597261, 1, 376, 1320, 1156, 0, 0.01%, 0, 0, 1, 1649.72
1639597266, 1, 422, 1320, 1142, 0, 0.01%, 0, 0, 1, 2035.73
1639597271, 1, 455, 1320, 1132, 0, 0.01%, 0, 0, 1, 1732.44
1639597276, 1, 498, 1320, 1122, 0, 0.01%, 0, 0, 1, 1659.07
1639597281, 1, 541, 1320, 1111, 0, 0.01%, 0, 0, 1, 1630.73
1639597287, 1, 601, 1320, 1100, 0, 0.01%, 0, 0, 1, 1633.05
1639597292, 1, 673, 1320, 1088, 0, 0.01%, 0, 0, 1, 1623.27
1639597297, 1, 707, 1320, 1078, 0, 0.01%, 0, 0, 1, 1622.79
1639597302, 1, 747, 1320, 1067, 0, 0.01%, 0, 0, 1, 1632.85
1639597307, 1, 794, 1320, 1055, 0, 0.01%, 0, 0, 1, 1630.30
1639597312, 1, 834, 1320, 1044, 0, 0.01%, 0, 0, 1, 1630.82
1639597317, 1, 876, 1320, 1033, 0, 0.01%, 0, 0, 1, 1642.29
1639597322, 1, 926, 1320, 1023, 0, 0.01%, 0, 0, 1, 1631.34
1639597327, 1, 982, 1320, 1011, 0, 0.01%, 0, 0, 1, 1610.41
1639597332, 1, 1017, 1320, 1000, 0, 0.01%, 0, 0, 1, 1610.38
1639597337, 1, 1056, 1320, 988, 0, 0.01%, 0, 0, 1, 1647.11
1639597342, 1, 1087, 1320, 978, 0, 0.01%, 0, 0, 1, 1625.32
1639597347, 1, 1127, 1320, 966, 0, 0.01%, 0, 0, 1, 1637.38
1639597352, 1, 1162, 1320, 957, 0, 0.01%, 0, 0, 1, 1650.20
1639597357, 1, 1195, 1320, 945, 0, 0.01%, 0, 0, 1, 1647.59
1639597362, 1, 1219, 1320, 934, 0, 0.01%, 0, 0, 1, 1651.46
1639597368, 1, 1266, 1320, 923, 0, 0.01%, 0, 0, 1, 1630.81
1639597373, 2, 24, 1320, 910, 0, 0.01%, 0, 0, 1, 1628.91
1639597378, 2, 95, 1320, 900, 0, 0.01%, 0, 0, 1, 1650.50
1639597383, 2, 146, 1320, 889, 0, 0.01%, 0, 0, 1, 1650.40
1639597388, 2, 180, 1320, 879, 0, 0.01%, 0, 0, 1, 1644.12
1639597393, 2, 223, 1320, 870, 0, 0.01%, 0, 0, 1, 1659.18
1639597398, 2, 279, 1320, 863, 0, 0.01%, 0, 0, 1, 1655.75
1639597403, 2, 334, 1320, 853, 0, 0.01%, 0, 0, 1, 1637.03
1639597408, 2, 389, 1320, 844, 0, 0.01%, 0, 0, 1, 1644.45
1639597413, 2, 440, 1320, 834, 0, 0.01%, 0, 0, 1, 1646.29
1639597418, 2, 504, 1320, 825, 0, 0.01%, 0, 0, 1, 1652.51
1639597423, 2, 555, 1320, 814, 0, 0.01%, 0, 0, 1, 1635.35
1639597428, 2, 596, 1320, 803, 0, 0.01%, 0, 0, 1, 1650.46
1639597433, 2, 647, 1320, 793, 0, 0.01%, 0, 0, 1, 1650.71
1639597438, 2, 681, 1320, 783, 0, 0.01%, 0, 0, 1, 1654.85
1639597444, 2, 744, 1320, 773, 0, 0.01%, 0, 0, 1, 1651.96
1639597449, 2, 823, 1320, 764, 0, 0.01%, 0, 0, 1, 1638.34
1639597454, 2, 912, 1320, 752, 0, 0.01%, 0, 0, 1, 1639.62
1639597459, 2, 970, 1320, 741, 0, 0.01%, 0, 0, 1, 1639.53
1639597464, 2, 1028, 1320, 729, 0, 0.01%, 0, 0, 1, 1641.07
1639597469, 2, 1116, 1320, 721, 0, 0.01%, 0, 0, 1, 1599.01
1639597474, 2, 1181, 1320, 710, 0, 0.01%, 0, 0, 1, 1598.08
