# unix_time, cycles_done, cur_path, paths_total, pending_total, pending_favs, map_size, unique_crashes, unique_hangs, max_depth, execs_per_sec
1639598705, 0, 0, 880, 880, 94, 0.91%, 0, 0, 1, 1175.88
1639598711, 0, 139, 880, 867, 81, 0.91%, 5, 0, 1, 1378.92
1639598716, 0, 210, 880, 857, 71, 0.91%, 6, 0, 1, 1449.95
1639598721, 0, 299, 880, 849, 63, 0.91%, 6, 0, 1, 1440.00
1639598726, 0, 397, 880, 840, 56, 0.91%, 6, 0, 1, 1450.08
1639598731, 0, 476, 880, 830, 48, 0.91%, 7, 0, 1, 1455.74
1639598736, 0, 588, 880, 819, 37, 0.91%, 8, 0, 1, 1455.52
1639598741, 0, 653, 880, 810, 28, 0.91%, 9, 0, 1, 1445.76
1639598746, 0, 775, 880, 800, 21, 0.91%, 9, 0, 1, 1467.98
1639598751, 0, 833, 880, 790, 12, 0.91%, 9, 0, 1, 1441.38
1639598756, 0, 859, 880, 781, 3, 0.91%, 9, 0, 1, 1453.51
1639598761, 1, 20, 880, 772, 0, 0.91%, 10, 0, 1, 1452.86
1639598766, 1, 50, 880, 765, 0, 0.91%, 11, 0, 1, 1447.06
1639598771, 1, 84, 880, 756, 0, 0.91%, 12, 0, 1, 1596.71
1639598776, 1, 130, 880, 747, 0, 0.91%, 13, 0, 1, 1570.59
1639598782, 1, 157, 880, 743, 0, 0.91%, 13, 0, 1, 1446.72
1639598787, 1, 177, 880, 733, 0, 0.91%, 14, 0, 1, 1452.74
1639598792, 1, 207, 880, 729, 0, 0.91%, 14, 0, 1, 1449.79
1639598797, 1, 226, 880, 723, 0, 0.91%, 14, 0, 1, 1457.95
1639598802, 1, 256, 880, 716, 0, 0.91%, 14, 0, 1, 1457.79
1639598807, 1, 273, 880, 709, 0, 0.91%, 14, 0, 1, 1458.92
1639598813, 1, 305, 880, 702, 0, 0.91%, 14, 0, 1, 1427.57
1639598818, 1, 336, 880, 694, 0, 0.91%, 14, 0, 1, 1449.53
1639598823, 1, 364, 880, 687, 0, 0.91%, 14, 0, 1, 1460.90
1639598828, 1, 391, 880, 678, 0, 0.91%, 14, 0, 1, 1453.62
1639598833, 1, 418, 880, 672, 0, 0.91%, 14, 0, 1, 1462.78
1639598838, 1, 455, 880, 667, 0, 0.91%, 14, 0, 1, 1463.05
1639598843, 1, 467, 880, 661, 0, 0.91%, 14, 0, 1, 1449.97
1639598848, 1, 497, 880, 652, 0, 0.91%, 14, 0, 1, 1441.15
1639598854, 1, 512, 880, 646, 0, 0.91%, 15, 0, 1, 1430.16
1639598859, 1, 536, 880, 639, 0, 0.91%, 15, 0, 1, 1404.70
1639598864, 1, 564, 880, 633, 0, 0.91%, 15, 0, 1, 1378.25
1639598869, 1, 594, 880, 628, 0, 0.91%, 15, 0, 1, 1416.00
1639598874, 1, 631, 880, 622, 0, 0.91%, 15, 0, 1, 1436.69
1639598879, 1, 653, 880, 618, 0, 0.91%, 15, 0, 1, 1452.90
1639598884, 1, 675, 880, 612, 0, 0.91%, 16, 0, 1, 1448.71
1639598889, 1, 724, 880, 602, 0, 0.91%, 16, 0, 1, 1408.27
1639598894, 1, 773, 880, 595, 0, 0.91%, 16, 0, 1, 1417.60
1639598900, 1, 803, 880, 591, 0, 0.91%, 16, 0, 1, 1414.08
1639598905, 1, 827, 880, 584, 0, 0.91%, 16, 0, 1, 1444.17
1639598910, 1, 844, 880, 581, 0, 0.91%, 16, 0, 1, 1394.12
1639598915, 1, 863, 880, 577, 0, 0.91%, 16, 0, 1, 1412.63
1639598920, 2, 21, 880, 572, 0, 0.91%, 16, 0, 1, 1399.43
1639598926, 2, 52, 880, 567, 0, 0.91%, 16, 0, 1, 1389.22
1639598931, 2, 106, 880, 558, 0, 0.91%, 16, 0, 1, 1401.43
1639598936, 2, 150, 880, 552, 0, 0.91%, 17, 0, 1, 1442.70
1639598941, 2, 188, 880, 543, 0, 0.91%, 17, 0, 1, 1442.91
1639598946, 2, 240, 880, 538, 0, 0.91%, 17, 0, 1, 1440.10
1639598951, 2, 278, 880, 534, 0, 0.91%, 17, 0, 1, 1441.67
1639598956, 2, 299, 880, 526, 0, 0.91%, 17, 0, 1, 1438.02
1639598961, 2, 336, 880, 520, 0, 0.91%, 17, 0, 1, 1425.86
1639598966, 2, 385, 880, 516, 0, 0.91%, 17, 0, 1, 1449.41
1639598972, 2, 434, 880, 509, 0, 0.91%, 17, 0, 1, 1438.14
1639598977, 2, 454, 880, 503, 0, 0.91%, 17, 0, 1, 1453.59
1639598982, 2, 475, 880, 501, 0, 0.91%, 17, 0, 1, 1444.90
1639598987, 2, 502, 880, 493, 0, 0.91%, 17, 0, 1, 1451.34
1639598992, 2, 532, 880, 489, 0, 0.91%, 18, 0, 1, 1446.21
1639598997, 2, 568, 881, 485, 0, 0.91%, 18, 0, 2, 1450.91
