# unix_time, cycles_done, cur_path, paths_total, pending_total, pending_favs, map_size, unique_crashes, unique_hangs, max_depth, execs_per_sec
1639587611, 0, 0, 1, 1, 1, 0.12%, 0, 0, 1, 2000.00
1639587616, 0, 0, 92, 92, 1, 0.47%, 4, 0, 2, 1595.74
1639587621, 0, 10, 114, 111, 39, 0.48%, 5, 0, 3, 1586.60
1639587626, 0, 18, 120, 112, 35, 0.48%, 5, 0, 3, 1329.13
1639587631, 0, 48, 132, 109, 20, 0.49%, 7, 0, 3, 1335.72
1639587636, 0, 52, 140, 116, 21, 0.49%, 7, 0, 3, 1340.06
1639587641, 0, 70, 152, 122, 18, 0.51%, 7, 0, 3, 1335.91
1639587646, 0, 81, 162, 130, 19, 0.53%, 7, 0, 3, 1338.14
1639587651, 0, 94, 168, 132, 15, 0.53%, 7, 0, 3, 1359.44
1639587657, 0, 152, 175, 130, 8, 0.54%, 7, 0, 4, 1361.45
1639587662, 0, 169, 184, 134, 7, 0.55%, 8, 0, 4, 1356.87
1639587667, 0, 169, 192, 142, 7, 0.56%, 8, 0, 4, 1347.83
1639587672, 0, 175, 197, 144, 10, 0.57%, 8, 0, 5, 1242.82
1639587677, 0, 177, 202, 148, 9, 0.57%, 8, 0, 5, 1266.33
1639587682, 0, 185, 206, 149, 8, 0.58%, 8, 0, 5, 1349.24
1639587687, 0, 186, 212, 154, 8, 0.58%, 8, 0, 5, 1241.37
1639587692, 0, 189, 217, 158, 9, 0.59%, 8, 0, 5, 1245.80
1639587698, 0, 198, 219, 158, 8, 0.59%, 8, 0, 6, 1324.96
1639587703, 0, 202, 226, 164, 8, 0.60%, 8, 0, 6, 1360.77
1639587708, 0, 211, 231, 167, 8, 0.60%, 8, 0, 6, 1252.22
1639587713, 0, 211, 233, 169, 8, 0.60%, 8, 0, 6, 1228.06
1639587718, 0, 217, 237, 171, 6, 0.60%, 8, 0, 7, 1236.20
1639587723, 0, 222, 239, 171, 4, 0.60%, 8, 0, 7, 1183.50
1639587728, 0, 228, 244, 174, 3, 0.63%, 9, 0, 7, 1269.07
1639587733, 0, 240, 246, 174, 4, 0.63%, 10, 0, 8, 1376.50
1639587738, 0, 242, 253, 180, 5, 0.64%, 10, 0, 8, 1430.04
1639587743, 0, 244, 255, 181, 4, 0.64%, 10, 0, 9, 1416.80
1639587749, 0, 256, 257, 180, 2, 0.64%, 10, 0, 9, 1372.15
1639587754, 1, 55, 257, 178, 0, 0.64%, 10, 0, 9, 1339.08
1639587759, 1, 81, 258, 178, 0, 0.64%, 10, 0, 9, 1384.28
1639587764, 1, 107, 260, 177, 0, 0.64%, 10, 0, 9, 1413.53
1639587769, 1, 134, 262, 174, 0, 0.64%, 10, 0, 9, 1423.28
1639587774, 1, 234, 264, 175, 1, 0.64%, 10, 0, 9, 1260.18
1639587780, 2, 11, 266, 172, 0, 0.64%, 10, 0, 9, 1421.26
1639587785, 2, 30, 267, 170, 0, 0.64%, 10, 0, 9, 1445.11
1639587790, 2, 201, 268, 166, 1, 0.64%, 10, 0, 9, 1460.17
1639587795, 3, 11, 269, 163, 0, 0.65%, 10, 0, 9, 1455.48
1639587800, 3, 269, 270, 161, 0, 0.65%, 10, 0, 9, 1432.42
1639587805, 4, 17, 270, 160, 0, 0.65%, 11, 0, 9, 1415.67
1639587810, 4, 34, 270, 158, 0, 0.65%, 11, 0, 9, 1402.57
1639587815, 4, 148, 272, 156, 2, 0.65%, 11, 0, 9, 1433.05
1639587820, 4, 272, 276, 157, 1, 0.65%, 11, 0, 9, 1448.90
1639587825, 4, 272, 279, 160, 1, 0.65%, 11, 0, 9, 1446.60
1639587830, 4, 272, 280, 161, 1, 0.65%, 11, 0, 9, 1438.08
1639587836, 4, 273, 281, 161, 0, 0.65%, 11, 0, 9, 1447.71
1639587841, 4, 274, 282, 161, 0, 0.69%, 11, 0, 9, 1416.73
1639587856, 4, 281, 292, 170, 1, 0.70%, 11, 0, 10, 1438.99
1639587866, 4, 282, 296, 173, 10, 0.70%, 11, 0, 11, 1256.28
1639587871, 4, 283, 297, 173, 10, 0.71%, 11, 0, 11, 1245.10
1639587881, 4, 284, 298, 173, 9, 0.71%, 11, 0, 11, 1437.70
1639587886, 4, 284, 300, 175, 9, 0.71%, 11, 0, 11, 1437.89
1639587891, 4, 285, 300, 174, 8, 0.71%, 11, 0, 11, 1434.22
1639587896, 4, 286, 300, 173, 7, 0.71%, 11, 0, 11, 1462.06
1639587902, 4, 288, 300, 172, 6, 0.71%, 11, 0, 11, 1464.05
1639587907, 4, 291, 302, 173, 6, 0.72%, 11, 0, 11, 1438.74
