# unix_time, cycles_done, cur_path, paths_total, pending_total, pending_favs, map_size, unique_crashes, unique_hangs, max_depth, execs_per_sec
1639518988, 0, 0, 885, 885, 103, 0.94%, 0, 0, 1, 1169.47
1639518993, 0, 132, 885, 874, 94, 0.94%, 2, 0, 1, 1382.50
1639518998, 0, 196, 885, 865, 85, 0.94%, 4, 0, 1, 1425.06
1639519003, 0, 286, 885, 855, 75, 0.94%, 4, 0, 1, 1425.10
1639519009, 0, 368, 885, 847, 68, 0.94%, 7, 0, 1, 1373.03
1639519014, 0, 467, 885, 839, 60, 0.94%, 7, 0, 1, 1359.35
1639519019, 0, 529, 885, 830, 51, 0.94%, 8, 0, 1, 1324.08
1639519024, 0, 599, 885, 820, 42, 0.94%, 8, 0, 1, 1329.15
1639519029, 0, 659, 885, 809, 33, 0.94%, 8, 0, 1, 1377.67
1639519034, 0, 714, 885, 801, 27, 0.94%, 8, 0, 1, 1399.23
1639519039, 0, 748, 885, 796, 22, 0.94%, 11, 0, 1, 1368.49
1639519044, 0, 793, 885, 787, 13, 0.94%, 11, 0, 1, 1367.22
1639519049, 0, 852, 885, 777, 4, 0.94%, 11, 0, 1, 1402.78
1639519054, 1, 22, 885, 768, 0, 0.94%, 11, 0, 1, 1434.43
1639519059, 1, 51, 885, 762, 0, 0.94%, 13, 0, 1, 1432.98
1639519064, 1, 72, 885, 753, 0, 0.94%, 13, 0, 1, 1441.68
1639519070, 1, 109, 885, 741, 0, 0.94%, 13, 0, 1, 1652.95
1639519075, 1, 146, 885, 735, 0, 0.94%, 13, 0, 1, 1545.04
1639519080, 1, 170, 885, 727, 0, 0.94%, 13, 0, 1, 1430.19
1639519085, 1, 188, 885, 721, 0, 0.94%, 13, 0, 1, 1441.08
1639519090, 1, 205, 886, 715, 0, 0.94%, 13, 0, 2, 1413.22
1639519095, 1, 234, 886, 712, 0, 0.94%, 13, 0, 2, 1406.21
1639519101, 1, 270, 886, 705, 0, 0.94%, 13, 0, 2, 1393.40
1639519106, 1, 298, 886, 699, 0, 0.94%, 13, 0, 2, 1427.09
1639519111, 1, 322, 886, 693, 0, 0.94%, 13, 0, 2, 1441.52
1639519116, 1, 352, 886, 685, 0, 0.94%, 13, 0, 2, 1440.91
1639519121, 1, 369, 886, 679, 0, 0.94%, 13, 0, 2, 1448.62
1639519126, 1, 395, 886, 673, 0, 0.94%, 13, 0, 2, 1437.66
1639519131, 1, 436, 886, 665, 0, 0.94%, 14, 0, 2, 1434.74
1639519136, 1, 476, 886, 661, 0, 0.94%, 14, 0, 2, 1445.72
1639519141, 1, 500, 886, 654, 0, 0.94%, 14, 0, 2, 1443.94
1639519146, 1, 518, 886, 646, 0, 0.94%, 14, 0, 2, 1439.33
1639519151, 1, 551, 886, 640, 0, 0.94%, 14, 0, 2, 1434.83
1639519157, 1, 563, 886, 635, 0, 0.94%, 14, 0, 2, 1434.43
1639519162, 1, 597, 886, 631, 0, 0.94%, 14, 0, 2, 1431.39
1639519167, 1, 618, 886, 624, 0, 0.94%, 14, 0, 2, 1447.95
1639519172, 1, 648, 887, 620, 0, 0.94%, 14, 0, 2, 1427.02
1639519177, 1, 662, 887, 617, 0, 0.94%, 14, 0, 2, 1428.64
1639519182, 1, 677, 887, 612, 0, 0.94%, 14, 0, 2, 1436.25
1639519187, 1, 699, 887, 605, 0, 0.94%, 14, 0, 2, 1423.31
1639519192, 1, 723, 887, 598, 0, 0.94%, 14, 0, 2, 1418.59
1639519198, 1, 747, 887, 593, 0, 0.94%, 14, 0, 2, 1422.86
1639519203, 1, 765, 887, 589, 0, 0.94%, 14, 0, 2, 1411.99
1639519208, 1, 790, 887, 584, 0, 0.94%, 14, 0, 2, 1432.45
1639519213, 1, 813, 887, 574, 0, 0.94%, 14, 0, 2, 1442.10
1639519218, 1, 837, 887, 568, 0, 0.94%, 14, 0, 2, 1449.40
1639519223, 1, 863, 887, 564, 0, 0.94%, 14, 0, 2, 1432.40
1639519229, 2, 147, 887, 556, 1, 0.94%, 14, 0, 2, 1445.36
1639519234, 2, 776, 887, 551, 0, 0.94%, 15, 0, 2, 1433.24
1639519239, 2, 805, 887, 547, 0, 0.94%, 15, 0, 2, 1440.04
1639519244, 2, 844, 887, 543, 0, 0.94%, 15, 0, 2, 1434.37
1639519249, 2, 885, 888, 538, 0, 0.94%, 15, 0, 3, 1422.05
1639519254, 3, 16, 888, 534, 0, 0.94%, 15, 0, 3, 1436.56
1639519259, 3, 43, 889, 529, 0, 0.94%, 16, 0, 3, 1425.44
1639519264, 3, 72, 889, 522, 0, 0.94%, 16, 0, 3, 1437.77
1639519269, 3, 134, 889, 516, 0, 0.94%, 16, 0, 3, 1426.64
1639519274, 3, 172, 889, 512, 0, 0.94%, 16, 0, 3, 1430.85
1639519279, 3, 208, 889, 507, 0, 0.94%, 16, 0, 3, 1371.18
