# unix_time, cycles_done, cur_path, paths_total, pending_total, pending_favs, map_size, unique_crashes, unique_hangs, max_depth, execs_per_sec
1639436837, 0, 0, 335, 335, 80, 0.68%, 0, 0, 1, 1229.92
1639436842, 0, 39, 335, 325, 69, 0.68%, 3, 0, 1, 1409.68
1639436847, 0, 62, 335, 320, 64, 0.68%, 6, 3, 1, 101.36
1639436853, 0, 81, 338, 319, 59, 0.68%, 9, 6, 2, 115.72
1639436858, 0, 112, 338, 314, 54, 0.68%, 10, 8, 2, 1375.58
1639436863, 0, 156, 339, 307, 46, 0.68%, 11, 8, 2, 1408.42
1639436869, 0, 196, 339, 298, 37, 0.68%, 11, 9, 2, 159.83
1639436874, 0, 218, 339, 293, 32, 0.68%, 15, 9, 2, 1093.85
1639436879, 0, 249, 340, 284, 22, 0.68%, 18, 9, 2, 1419.73
1639436884, 0, 290, 340, 273, 11, 0.68%, 19, 9, 2, 1425.66
1639436889, 0, 320, 342, 270, 6, 0.68%, 21, 9, 2, 965.52
1639436894, 1, 7, 342, 262, 0, 0.68%, 23, 9, 2, 848.00
1639436899, 1, 16, 343, 258, 0, 0.68%, 25, 10, 2, 1335.52
1639436904, 1, 33, 344, 255, 0, 0.68%, 25, 10, 2, 1319.46
1639436909, 1, 62, 344, 253, 0, 0.68%, 26, 10, 2, 1164.04
1639436915, 1, 75, 344, 250, 0, 0.68%, 26, 11, 2, 126.56
1639436920, 1, 101, 345, 248, 0, 0.68%, 26, 11, 2, 1451.92
1639436925, 1, 131, 345, 246, 0, 0.68%, 26, 11, 2, 1403.93
1639436930, 1, 150, 345, 241, 0, 0.68%, 26, 11, 2, 1436.52
1639436935, 1, 177, 345, 237, 0, 0.68%, 26, 11, 2, 1046.70
1639436940, 1, 196, 345, 233, 0, 0.68%, 27, 11, 2, 102.90
1639436945, 1, 214, 345, 230, 0, 0.68%, 27, 11, 2, 1211.86
1639436951, 1, 222, 345, 228, 0, 0.68%, 27, 12, 2, 1091.34
1639436956, 1, 229, 345, 223, 0, 0.68%, 27, 12, 2, 1309.62
1639436961, 1, 242, 345, 221, 0, 0.68%, 28, 12, 2, 1324.12
1639436966, 1, 256, 346, 220, 0, 0.68%, 28, 12, 2, 1247.39
1639436971, 1, 279, 346, 213, 0, 0.68%, 28, 12, 2, 1338.92
1639436976, 1, 292, 346, 209, 0, 0.68%, 28, 12, 2, 1397.13
1639436981, 1, 313, 346, 204, 0, 0.68%, 30, 12, 2, 1371.41
1639436986, 2, 198, 346, 200, 0, 0.68%, 30, 12, 2, 1213.99
1639436992, 2, 218, 346, 197, 0, 0.68%, 30, 12, 2, 452.81
1639436997, 2, 229, 346, 196, 0, 0.68%, 30, 12, 2, 1284.60
1639437002, 2, 250, 346, 196, 0, 0.68%, 31, 12, 2, 1288.40
1639437007, 2, 285, 346, 193, 0, 0.68%, 31, 12, 2, 1381.81
1639437012, 2, 299, 346, 190, 0, 0.68%, 31, 12, 2, 1396.46
1639437017, 2, 346, 347, 187, 1, 0.69%, 31, 13, 2, 1125.91
1639437022, 3, 32, 347, 184, 0, 0.69%, 31, 13, 2, 1401.98
1639437027, 3, 54, 347, 181, 0, 0.69%, 31, 13, 2, 1324.80
1639437032, 3, 77, 347, 178, 0, 0.69%, 31, 13, 2, 1236.00
1639437037, 3, 114, 347, 174, 0, 0.69%, 31, 13, 2, 1339.15
1639437042, 3, 145, 347, 170, 0, 0.69%, 31, 13, 2, 1430.10
1639437048, 3, 168, 347, 168, 0, 0.69%, 31, 13, 2, 1453.68
1639437053, 3, 187, 347, 165, 0, 0.69%, 31, 13, 2, 1356.15
1639437058, 3, 210, 347, 162, 0, 0.69%, 33, 13, 2, 1406.23
1639437063, 3, 221, 347, 159, 0, 0.69%, 33, 13, 2, 65.10
1639437068, 3, 236, 347, 156, 0, 0.69%, 33, 13, 2, 1263.30
1639437073, 3, 255, 347, 154, 0, 0.69%, 34, 13, 2, 1355.93
1639437078, 3, 278, 347, 149, 0, 0.69%, 34, 13, 2, 1244.65
1639437083, 3, 294, 347, 148, 0, 0.69%, 34, 13, 2, 1375.83
1639437089, 3, 322, 348, 148, 0, 0.69%, 34, 14, 2, 11.94
1639437094, 3, 347, 348, 147, 2, 0.69%, 34, 14, 2, 238.96
1639437105, 4, 242, 348, 143, 0, 0.69%, 35, 14, 2, 1358.97
1639437110, 4, 275, 349, 143, 0, 0.69%, 35, 14, 2, 1398.97
1639437115, 4, 349, 353, 145, 1, 0.69%, 35, 14, 3, 1387.49
1639437120, 4, 349, 354, 146, 1, 0.69%, 35, 14, 3, 234.32
1639437125, 4, 353, 356, 147, 1, 0.69%, 35, 14, 4, 924.29
