# unix_time, cycles_done, cur_path, paths_total, pending_total, pending_favs, map_size, unique_crashes, unique_hangs, max_depth, execs_per_sec
1639591834, 0, 0, 1, 1, 1, 0.12%, 0, 0, 1, 1600.00
1639591839, 0, 0, 70, 70, 1, 0.43%, 4, 0, 2, 1363.20
1639591844, 0, 7, 91, 87, 42, 0.48%, 4, 0, 3, 1319.05
1639591849, 0, 19, 114, 104, 38, 0.51%, 4, 0, 3, 1318.40
1639591854, 0, 22, 124, 111, 36, 0.52%, 4, 0, 3, 1355.04
1639591859, 0, 34, 143, 121, 31, 0.55%, 4, 0, 3, 1314.56
1639591865, 0, 64, 160, 131, 25, 0.56%, 4, 0, 3, 1305.23
1639591870, 0, 86, 173, 137, 20, 0.57%, 6, 0, 3, 1317.63
1639591875, 0, 122, 180, 140, 16, 0.57%, 6, 0, 4, 1313.21
1639591880, 0, 133, 190, 147, 15, 0.59%, 6, 0, 4, 1344.83
1639591885, 0, 134, 194, 150, 19, 0.59%, 6, 0, 4, 1375.08
1639591890, 0, 148, 201, 152, 16, 0.59%, 6, 0, 4, 1376.60
1639591895, 0, 175, 209, 156, 14, 0.62%, 6, 0, 5, 1404.65
1639591900, 0, 182, 213, 158, 13, 0.62%, 6, 0, 5, 1434.75
1639591905, 0, 184, 215, 158, 12, 0.65%, 6, 0, 5, 1430.10
1639591910, 0, 186, 231, 173, 15, 0.67%, 9, 0, 5, 1361.82
1639591916, 0, 195, 234, 171, 16, 0.67%, 9, 0, 5, 1376.51
1639591921, 0, 213, 234, 167, 12, 0.67%, 9, 0, 5, 1385.85
1639591926, 0, 216, 234, 164, 9, 0.67%, 9, 0, 5, 1367.21
1639591931, 0, 226, 235, 162, 6, 0.67%, 9, 0, 6, 1323.60
1639591936, 0, 228, 242, 167, 4, 0.68%, 10, 0, 6, 1310.31
1639591941, 0, 230, 245, 168, 6, 0.68%, 11, 0, 6, 1332.64
1639591946, 0, 236, 247, 169, 5, 0.68%, 11, 0, 7, 1299.06
1639591951, 0, 239, 250, 170, 3, 0.68%, 11, 0, 7, 1311.70
1639591956, 0, 250, 254, 172, 2, 0.68%, 12, 0, 8, 1343.72
1639591961, 1, 63, 254, 170, 0, 0.68%, 12, 0, 8, 1380.89
1639591966, 1, 89, 255, 168, 0, 0.68%, 12, 0, 8, 1381.81
1639591971, 1, 120, 255, 163, 0, 0.68%, 12, 0, 8, 1371.02
1639591976, 1, 141, 257, 158, 0, 0.68%, 12, 0, 8, 1373.22
1639591982, 1, 161, 258, 155, 0, 0.68%, 12, 0, 8, 1327.29
1639591987, 1, 177, 259, 150, 0, 0.68%, 12, 0, 8, 1278.51
1639591992, 1, 187, 259, 148, 0, 0.68%, 12, 0, 8, 1629.81
1639591997, 1, 200, 261, 148, 0, 0.68%, 12, 0, 8, 1589.42
1639592002, 1, 261, 264, 150, 1, 0.72%, 13, 0, 8, 1280.31
1639592012, 1, 262, 266, 151, 2, 0.72%, 13, 0, 8, 1334.86
1639592017, 1, 264, 268, 152, 3, 0.73%, 14, 0, 8, 1376.50
1639592022, 1, 266, 270, 153, 3, 0.73%, 15, 0, 8, 1424.12
1639592027, 1, 267, 273, 155, 2, 0.74%, 15, 0, 8, 1429.82
1639592032, 1, 267, 282, 164, 2, 0.75%, 15, 0, 8, 1423.55
1639592037, 1, 275, 286, 167, 4, 0.75%, 15, 0, 9, 1401.27
1639592042, 1, 275, 287, 168, 4, 0.75%, 15, 0, 9, 1396.79
1639592048, 1, 276, 291, 171, 4, 0.76%, 15, 0, 9, 1399.05
1639592053, 1, 276, 295, 175, 4, 0.76%, 15, 0, 9, 1402.97
1639592058, 1, 280, 297, 176, 6, 0.76%, 15, 0, 9, 1376.89
1639592063, 1, 280, 304, 183, 6, 0.77%, 15, 0, 9, 1375.95
1639592068, 1, 280, 305, 184, 6, 0.77%, 15, 0, 9, 1328.84
1639592073, 1, 282, 308, 186, 7, 0.77%, 15, 0, 9, 1372.24
1639592078, 1, 283, 314, 191, 6, 0.77%, 15, 0, 10, 1367.19
1639592083, 1, 283, 316, 193, 6, 0.77%, 15, 0, 10, 1371.87
1639592088, 1, 290, 318, 194, 7, 0.78%, 15, 0, 10, 1401.59
1639592093, 1, 290, 319, 195, 7, 0.78%, 15, 0, 10, 1448.45
1639592098, 1, 297, 325, 200, 6, 0.78%, 15, 0, 10, 1455.77
1639592108, 1, 299, 325, 199, 5, 0.78%, 15, 0, 10, 1446.07
1639592113, 1, 315, 328, 201, 4, 0.78%, 15, 0, 11, 1412.19
1639592118, 1, 317, 335, 207, 5, 0.78%, 15, 0, 11, 1435.99
1639592123, 1, 321, 335, 206, 6, 0.78%, 15, 0, 11, 1435.26
1639592133, 1, 326, 344, 214, 5, 0.78%, 15, 0, 12, 1375.19
