# unix_time, cycles_done, cur_path, paths_total, pending_total, pending_favs, map_size, unique_crashes, unique_hangs, max_depth, execs_per_sec
1639443539, 0, 0, 1288, 1288, 1, 0.01%, 0, 0, 1, 1341.84
1639443544, 0, 847, 1288, 1277, 0, 0.01%, 0, 0, 1, 1557.69
1639443549, 0, 1033, 1288, 1267, 0, 0.01%, 0, 0, 1, 1614.50
1639443554, 1, 10, 1288, 1255, 0, 0.01%, 0, 0, 1, 1658.23
1639443559, 1, 65, 1288, 1243, 0, 0.01%, 0, 0, 1, 1658.68
1639443564, 1, 106, 1288, 1231, 0, 0.01%, 0, 0, 1, 1661.54
1639443570, 1, 164, 1288, 1218, 0, 0.01%, 0, 0, 1, 1653.90
1639443575, 1, 225, 1288, 1204, 0, 0.01%, 0, 0, 1, 1659.96
1639443580, 1, 275, 1288, 1193, 0, 0.01%, 0, 0, 1, 1669.49
1639443585, 1, 306, 1288, 1182, 0, 0.01%, 0, 0, 1, 1661.31
1639443590, 1, 343, 1288, 1172, 0, 0.01%, 0, 0, 1, 1641.70
1639443595, 1, 400, 1288, 1159, 0, 0.01%, 0, 0, 1, 1647.97
1639443600, 1, 447, 1288, 1149, 0, 0.01%, 0, 0, 1, 1650.16
1639443605, 1, 496, 1288, 1138, 0, 0.01%, 0, 0, 1, 1664.37
1639443610, 1, 538, 1288, 1127, 0, 0.01%, 0, 0, 1, 1631.29
1639443615, 1, 568, 1288, 1115, 0, 0.01%, 0, 0, 1, 1640.71
1639443620, 1, 614, 1288, 1104, 0, 0.01%, 0, 0, 1, 1651.52
1639443626, 1, 669, 1288, 1094, 0, 0.01%, 0, 0, 1, 1668.28
1639443631, 1, 755, 1288, 1078, 0, 0.01%, 0, 0, 1, 1654.43
1639443636, 1, 801, 1288, 1068, 0, 0.01%, 0, 0, 1, 1629.63
1639443641, 1, 835, 1288, 1057, 0, 0.01%, 0, 0, 1, 1662.62
1639443646, 1, 863, 1288, 1047, 0, 0.01%, 0, 0, 1, 1658.54
1639443651, 1, 917, 1288, 1036, 0, 0.01%, 0, 0, 1, 1654.65
1639443656, 1, 945, 1288, 1026, 0, 0.01%, 0, 0, 1, 1670.23
1639443661, 1, 979, 1288, 1016, 0, 0.01%, 0, 0, 1, 1673.69
1639443666, 1, 1010, 1288, 1007, 0, 0.01%, 0, 0, 1, 1661.47
1639443672, 1, 1050, 1288, 996, 0, 0.01%, 0, 0, 1, 1676.16
1639443677, 1, 1082, 1288, 984, 0, 0.01%, 0, 0, 1, 1651.83
1639443682, 1, 1111, 1288, 973, 0, 0.01%, 0, 0, 1, 1636.69
1639443687, 1, 1150, 1288, 962, 0, 0.01%, 0, 0, 1, 1661.58
1639443692, 1, 1194, 1288, 952, 0, 0.01%, 0, 0, 1, 1660.10
1639443697, 1, 1241, 1288, 941, 0, 0.01%, 0, 0, 1, 1650.39
1639443702, 1, 1282, 1288, 930, 0, 0.01%, 0, 0, 1, 1671.38
1639443707, 2, 27, 1288, 919, 0, 0.01%, 0, 0, 1, 1668.60
1639443713, 2, 96, 1288, 906, 0, 0.01%, 0, 0, 1, 1652.14
1639443718, 2, 148, 1288, 894, 0, 0.01%, 0, 0, 1, 1664.50
1639443723, 2, 201, 1288, 882, 0, 0.01%, 0, 0, 1, 1654.66
1639443728, 2, 252, 1288, 871, 0, 0.01%, 0, 0, 1, 1652.78
1639443733, 2, 341, 1288, 860, 0, 0.01%, 0, 0, 1, 1657.50
1639443738, 2, 398, 1288, 848, 0, 0.01%, 0, 0, 1, 1658.86
1639443743, 2, 457, 1288, 837, 0, 0.01%, 0, 0, 1, 1659.06
1639443748, 2, 537, 1288, 827, 0, 0.01%, 0, 0, 1, 1668.58
1639443753, 2, 579, 1288, 816, 0, 0.01%, 0, 0, 1, 1657.70
1639443758, 2, 646, 1288, 806, 0, 0.01%, 0, 0, 1, 1665.68
1639443763, 2, 697, 1288, 795, 0, 0.01%, 0, 0, 1, 1660.00
1639443768, 2, 746, 1288, 785, 0, 0.01%, 0, 0, 1, 1652.27
1639443773, 2, 806, 1288, 773, 0, 0.01%, 0, 0, 1, 1648.65
1639443778, 2, 852, 1288, 766, 0, 0.01%, 0, 0, 1, 1642.20
1639443783, 2, 883, 1288, 756, 0, 0.01%, 0, 0, 1, 1631.24
1639443789, 2, 938, 1288, 746, 0, 0.01%, 0, 0, 1, 1666.68
1639443794, 2, 989, 1288, 737, 0, 0.01%, 0, 0, 1, 1665.38
1639443799, 2, 1019, 1288, 729, 0, 0.01%, 0, 0, 1, 1646.25
1639443804, 2, 1064, 1288, 719, 0, 0.01%, 0, 0, 1, 1658.39
1639443809, 2, 1123, 1288, 712, 0, 0.01%, 0, 0, 1, 1672.18
1639443814, 2, 1155, 1288, 702, 0, 0.01%, 0, 0, 1, 1776.71
1639443819, 2, 1226, 1288, 690, 0, 0.01%, 0, 0, 1, 1791.02
1639443825, 2, 1277, 1288, 679, 0, 0.01%, 0, 0, 1, 1683.99
1639443830, 3, 86, 1288, 668, 0, 0.01%, 0, 0, 1, 1637.04
