# unix_time, cycles_done, cur_path, paths_total, pending_total, pending_favs, map_size, unique_crashes, unique_hangs, max_depth, execs_per_sec
1639594247, 0, 0, 1, 1, 1, 0.12%, 0, 0, 1, 1600.00
1639594252, 0, 0, 80, 80, 1, 0.46%, 3, 0, 2, 1270.10
1639594257, 0, 9, 103, 100, 35, 0.47%, 5, 0, 3, 1270.02
1639594262, 0, 11, 111, 106, 33, 0.50%, 6, 0, 3, 1358.73
1639594267, 0, 31, 118, 101, 26, 0.50%, 8, 0, 3, 1368.09
1639594272, 0, 34, 128, 108, 28, 0.51%, 8, 0, 3, 1391.30
1639594277, 0, 64, 134, 105, 19, 0.51%, 8, 0, 3, 1395.48
1639594282, 0, 76, 146, 114, 19, 0.53%, 8, 0, 3, 1436.28
1639594287, 0, 108, 154, 114, 13, 0.54%, 8, 0, 4, 1451.00
1639594293, 0, 117, 158, 116, 13, 0.55%, 8, 0, 4, 1412.15
1639594298, 0, 124, 164, 120, 11, 0.55%, 8, 0, 4, 1420.53
1639594303, 0, 146, 167, 118, 8, 0.55%, 8, 0, 5, 1410.33
1639594308, 0, 148, 174, 123, 8, 0.56%, 8, 0, 5, 1399.29
1639594313, 0, 163, 181, 126, 7, 0.57%, 8, 0, 5, 1435.09
1639594318, 0, 170, 189, 131, 5, 0.58%, 8, 0, 6, 1382.98
1639594323, 0, 170, 190, 132, 5, 0.58%, 8, 0, 6, 1396.83
1639594328, 0, 172, 194, 135, 7, 0.58%, 8, 0, 6, 1427.15
1639594333, 0, 179, 198, 137, 7, 0.59%, 8, 0, 6, 1448.81
1639594338, 0, 185, 202, 139, 7, 0.59%, 8, 0, 7, 1445.84
1639594343, 0, 195, 205, 139, 4, 0.60%, 8, 0, 7, 1457.46
1639594348, 0, 202, 209, 140, 3, 0.61%, 8, 0, 8, 1439.20
1639594353, 0, 207, 215, 144, 4, 0.62%, 8, 0, 9, 1442.10
1639594359, 0, 210, 218, 145, 2, 0.62%, 8, 0, 9, 1452.11
1639594364, 0, 217, 221, 147, 1, 0.63%, 8, 0, 10, 1440.49
1639594369, 0, 218, 224, 149, 2, 0.63%, 8, 0, 11, 1450.83
1639594374, 1, 89, 226, 149, 1, 0.63%, 8, 0, 12, 1452.96
1639594379, 1, 102, 230, 149, 0, 0.63%, 9, 0, 12, 1424.28
1639594384, 1, 124, 230, 145, 0, 0.63%, 10, 0, 12, 1409.20
1639594389, 1, 147, 232, 146, 0, 0.63%, 11, 0, 12, 1383.51
1639594394, 1, 152, 233, 146, 0, 0.63%, 11, 0, 12, 1435.73
1639594399, 1, 209, 236, 147, 2, 0.68%, 11, 0, 12, 1455.02
1639594404, 1, 234, 238, 148, 3, 0.68%, 11, 0, 12, 1427.83
1639594409, 1, 236, 243, 152, 2, 0.68%, 12, 0, 12, 1408.62
1639594415, 1, 236, 248, 157, 2, 0.68%, 12, 0, 12, 1384.06
1639594420, 1, 241, 250, 158, 4, 0.68%, 12, 0, 12, 1414.26
1639594425, 1, 247, 252, 158, 2, 0.68%, 13, 0, 12, 2040.37
1639594430, 1, 247, 257, 163, 2, 0.69%, 13, 0, 12, 1733.86
1639594435, 1, 250, 260, 165, 5, 0.70%, 14, 0, 12, 1391.70
1639594440, 1, 250, 261, 166, 5, 0.70%, 14, 0, 12, 1376.62
1639594445, 1, 252, 262, 166, 5, 0.70%, 14, 0, 12, 1350.55
1639594450, 1, 252, 265, 169, 5, 0.70%, 14, 0, 12, 1415.19
1639594455, 1, 253, 265, 168, 4, 0.70%, 15, 0, 12, 1408.29
1639594460, 1, 254, 267, 169, 3, 0.70%, 16, 0, 12, 1403.27
1639594465, 1, 254, 269, 171, 3, 0.70%, 16, 0, 12, 1408.14
1639594470, 1, 256, 270, 171, 3, 0.70%, 16, 0, 12, 1365.65
1639594476, 1, 257, 271, 171, 2, 0.70%, 16, 0, 13, 1393.41
1639594481, 1, 273, 277, 176, 1, 0.70%, 16, 0, 13, 1419.29
1639594486, 1, 273, 281, 180, 1, 0.71%, 16, 0, 14, 1427.70
1639594491, 1, 279, 282, 180, 1, 0.71%, 16, 0, 14, 1420.06
1639594496, 1, 279, 283, 181, 1, 0.71%, 17, 0, 15, 1416.39
1639594501, 1, 280, 288, 185, 0, 0.71%, 17, 0, 15, 1413.64
1639594506, 1, 280, 292, 189, 0, 0.71%, 17, 0, 15, 1421.85
1639594511, 1, 282, 295, 191, 0, 0.71%, 17, 0, 16, 1431.41
1639594516, 1, 293, 296, 191, 1, 0.71%, 17, 0, 16, 1423.46
1639594526, 2, 14, 296, 189, 0, 0.71%, 17, 0, 16, 1362.95
1639594531, 2, 41, 297, 186, 0, 0.71%, 17, 0, 16, 1338.18
1639594536, 2, 65, 299, 186, 0, 0.71%, 17, 0, 16, 1351.28
1639594541, 2, 99, 299, 180, 0, 0.71%, 17, 0, 16, 1392.27
1639594546, 2, 126, 299, 177, 0, 0.71%, 17, 0, 16, 1423.08
