# unix_time, cycles_done, cur_path, paths_total, pending_total, pending_favs, map_size, unique_crashes, unique_hangs, max_depth, execs_per_sec
1639590478, 0, 0, 316, 316, 78, 0.68%, 0, 0, 1, 954.32
1639590483, 0, 50, 316, 308, 70, 0.68%, 3, 1, 1, 1363.16
1639590488, 0, 81, 317, 299, 60, 0.68%, 7, 1, 2, 1431.30
1639590493, 0, 106, 318, 291, 51, 0.68%, 8, 1, 2, 1447.30
1639590499, 0, 157, 318, 283, 42, 0.68%, 8, 1, 2, 1421.25
1639590504, 0, 193, 318, 273, 32, 0.68%, 10, 1, 2, 1345.29
1639590509, 0, 238, 318, 262, 22, 0.68%, 12, 1, 2, 1385.67
1639590514, 0, 257, 318, 257, 17, 0.68%, 13, 3, 2, 1287.89
1639590520, 0, 274, 318, 250, 10, 0.68%, 13, 5, 2, 179.36
1639590525, 0, 306, 318, 243, 3, 0.68%, 13, 5, 2, 1357.09
1639590530, 1, 8, 319, 239, 0, 0.68%, 13, 5, 2, 256.91
1639590535, 1, 23, 319, 235, 0, 0.68%, 13, 5, 2, 1818.20
1639590540, 1, 45, 319, 230, 0, 0.68%, 13, 5, 2, 1379.50
1639590546, 1, 60, 319, 226, 0, 0.68%, 14, 5, 2, 1307.12
1639590551, 1, 87, 319, 226, 0, 0.68%, 14, 5, 2, 1250.31
1639590556, 1, 103, 319, 223, 0, 0.68%, 15, 5, 2, 1221.95
1639590561, 1, 125, 319, 219, 0, 0.68%, 15, 5, 2, 1207.51
1639590566, 1, 146, 319, 214, 0, 0.68%, 16, 6, 2, 1160.79
1639590571, 1, 161, 319, 210, 0, 0.68%, 16, 6, 2, 1222.58
1639590576, 1, 181, 319, 205, 0, 0.68%, 16, 6, 2, 1253.21
1639590581, 1, 197, 319, 203, 0, 0.68%, 16, 6, 2, 1254.27
1639590586, 1, 209, 319, 199, 0, 0.68%, 16, 7, 2, 1266.21
1639590591, 1, 233, 321, 196, 0, 0.68%, 16, 7, 2, 1241.31
1639590596, 1, 256, 321, 194, 0, 0.68%, 16, 8, 2, 1348.27
1639590602, 1, 274, 321, 193, 0, 0.68%, 16, 8, 2, 1327.98
1639590607, 1, 293, 321, 190, 0, 0.68%, 16, 8, 2, 1347.19
1639590612, 1, 316, 321, 188, 0, 0.68%, 16, 8, 2, 275.86
1639590617, 2, 35, 321, 183, 0, 0.68%, 16, 8, 2, 1170.16
1639590622, 2, 63, 321, 181, 0, 0.68%, 16, 8, 2, 1368.96
1639590627, 2, 233, 322, 180, 1, 0.68%, 16, 8, 2, 1443.01
1639590632, 3, 21, 322, 175, 0, 0.68%, 16, 8, 2, 1456.68
1639590637, 3, 59, 322, 170, 0, 0.68%, 17, 8, 2, 1389.01
1639590642, 3, 82, 322, 168, 0, 0.68%, 17, 8, 2, 1436.25
1639590647, 3, 101, 322, 165, 0, 0.68%, 17, 8, 2, 1423.07
1639590652, 3, 113, 322, 163, 0, 0.68%, 17, 8, 2, 1292.37
1639590657, 3, 144, 323, 155, 0, 0.68%, 17, 8, 2, 1353.43
1639590663, 3, 170, 323, 150, 0, 0.68%, 17, 8, 2, 1329.67
1639590668, 3, 185, 323, 148, 0, 0.68%, 17, 8, 2, 1313.43
1639590673, 3, 215, 323, 146, 0, 0.68%, 17, 8, 2, 1288.33
1639590678, 3, 222, 323, 144, 0, 0.68%, 17, 8, 2, 777.99
1639590683, 3, 229, 323, 142, 0, 0.68%, 17, 8, 2, 424.26
1639590688, 3, 235, 323, 141, 0, 0.68%, 17, 8, 2, 381.72
1639590693, 3, 241, 323, 141, 0, 0.68%, 17, 8, 2, 409.68
1639590698, 3, 250, 323, 139, 0, 0.68%, 17, 8, 2, 501.48
1639590704, 3, 264, 323, 138, 0, 0.68%, 17, 8, 2, 555.04
1639590709, 3, 271, 323, 138, 0, 0.68%, 18, 8, 2, 690.71
1639590714, 3, 282, 323, 135, 0, 0.68%, 18, 8, 2, 883.51
1639590719, 3, 306, 323, 133, 0, 0.68%, 18, 8, 2, 1096.44
1639590724, 3, 319, 324, 132, 0, 0.68%, 18, 8, 2, 536.14
1639590729, 4, 6, 324, 129, 0, 0.68%, 18, 8, 2, 1203.86
1639590734, 4, 51, 324, 127, 0, 0.68%, 18, 8, 2, 1378.79
1639590739, 4, 81, 324, 124, 0, 0.68%, 18, 8, 2, 1428.37
1639590744, 4, 105, 325, 123, 0, 0.68%, 18, 8, 2, 1458.03
1639590750, 4, 141, 325, 119, 0, 0.68%, 18, 8, 2, 1459.22
1639590755, 4, 172, 325, 116, 0, 0.68%, 18, 8, 2, 1366.12
1639590760, 4, 193, 325, 113, 0, 0.68%, 18, 8, 2, 1353.22
1639590765, 4, 221, 325, 112, 0, 0.68%, 19, 8, 2, 1285.06
1639590770, 4, 242, 325, 112, 0, 0.68%, 19, 9, 2, 1278.38
1639590775, 4, 264, 325, 107, 0, 0.68%, 19, 9, 2, 1265.84
