# unix_time, cycles_done, cur_path, paths_total, pending_total, pending_favs, map_size, unique_crashes, unique_hangs, max_depth, execs_per_sec
1639487922, 0, 0, 938, 938, 99, 0.93%, 0, 0, 1, 1255.48
1639487927, 0, 104, 938, 930, 91, 0.93%, 3, 0, 1, 1379.29
1639487932, 0, 182, 938, 921, 82, 0.93%, 3, 0, 1, 1406.19
1639487937, 0, 268, 938, 910, 72, 0.93%, 4, 0, 1, 1433.74
1639487943, 0, 334, 938, 898, 62, 0.93%, 4, 0, 1, 1432.61
1639487948, 0, 414, 938, 886, 51, 0.93%, 4, 0, 1, 1417.78
1639487953, 0, 475, 938, 878, 43, 0.93%, 5, 0, 1, 1413.93
1639487958, 0, 549, 938, 866, 32, 0.93%, 5, 0, 1, 1359.31
1639487963, 0, 675, 938, 857, 23, 0.93%, 6, 0, 1, 1414.83
1639487968, 0, 745, 938, 849, 15, 0.93%, 6, 0, 1, 1394.93
1639487973, 0, 867, 938, 842, 8, 0.93%, 6, 0, 1, 1411.77
1639487978, 1, 3, 938, 834, 0, 0.93%, 6, 0, 1, 1419.10
1639487984, 1, 33, 938, 828, 0, 0.93%, 6, 0, 1, 1427.65
1639487989, 1, 70, 938, 822, 0, 0.93%, 6, 0, 1, 1437.99
1639487994, 1, 916, 938, 814, 1, 0.93%, 6, 0, 1, 1432.23
1639487999, 2, 17, 938, 806, 0, 0.93%, 6, 0, 1, 1426.69
1639488004, 2, 57, 938, 801, 0, 0.93%, 6, 0, 1, 1442.58
1639488009, 2, 86, 938, 795, 0, 0.93%, 6, 0, 1, 1442.69
1639488014, 2, 120, 938, 789, 0, 0.93%, 6, 0, 1, 1447.28
1639488019, 2, 152, 938, 783, 0, 0.93%, 6, 0, 1, 1423.24
1639488024, 2, 182, 938, 777, 0, 0.93%, 6, 0, 1, 1436.97
1639488029, 2, 221, 938, 770, 0, 0.93%, 6, 0, 1, 1443.03
1639488034, 2, 254, 938, 762, 0, 0.93%, 6, 0, 1, 1433.89
1639488040, 2, 290, 938, 753, 0, 0.93%, 7, 0, 1, 1437.39
1639488045, 2, 311, 938, 748, 0, 0.93%, 7, 0, 1, 1445.14
1639488050, 2, 345, 938, 743, 0, 0.93%, 7, 0, 1, 1408.01
1639488055, 2, 378, 938, 737, 0, 0.93%, 8, 0, 1, 1414.60
1639488060, 2, 406, 938, 732, 0, 0.93%, 8, 0, 1, 1426.12
1639488065, 2, 426, 938, 724, 0, 0.93%, 8, 0, 1, 1430.68
1639488070, 2, 453, 938, 719, 0, 0.93%, 8, 0, 1, 1420.91
1639488075, 2, 474, 938, 713, 0, 0.93%, 8, 0, 1, 1396.37
1639488080, 2, 499, 938, 711, 0, 0.93%, 9, 0, 1, 1409.87
1639488085, 2, 545, 938, 703, 0, 0.93%, 9, 0, 1, 1442.03
1639488090, 2, 586, 938, 695, 0, 0.93%, 9, 0, 1, 1391.61
1639488096, 2, 612, 938, 686, 0, 0.93%, 9, 0, 1, 1429.90
1639488101, 2, 644, 939, 679, 0, 0.93%, 9, 0, 2, 1438.88
1639488106, 2, 671, 939, 672, 0, 0.93%, 10, 0, 2, 1405.44
1639488111, 2, 690, 939, 669, 0, 0.93%, 10, 0, 2, 1409.37
1639488116, 2, 709, 939, 661, 0, 0.93%, 10, 0, 2, 1441.01
1639488121, 2, 739, 939, 654, 0, 0.93%, 10, 0, 2, 1369.49
1639488126, 2, 761, 939, 647, 0, 0.93%, 10, 0, 2, 1431.50
1639488131, 2, 796, 939, 642, 0, 0.93%, 10, 0, 2, 1427.52
1639488136, 2, 839, 939, 636, 0, 0.93%, 10, 0, 2, 1416.80
1639488141, 2, 868, 939, 631, 0, 0.93%, 14, 0, 2, 1412.35
1639488147, 2, 897, 939, 624, 0, 0.93%, 15, 0, 2, 1432.03
1639488152, 3, 12, 939, 619, 0, 0.93%, 15, 0, 2, 1446.86
1639488157, 3, 52, 939, 614, 0, 0.93%, 15, 0, 2, 1445.21
1639488162, 3, 86, 939, 607, 0, 0.93%, 15, 0, 2, 1436.87
1639488167, 3, 120, 939, 601, 0, 0.93%, 15, 0, 2, 1404.75
1639488172, 3, 141, 939, 598, 0, 0.93%, 15, 0, 2, 1432.61
1639488178, 3, 171, 939, 592, 0, 0.93%, 15, 0, 2, 1451.90
1639488183, 3, 210, 939, 587, 0, 0.93%, 15, 0, 2, 1427.81
1639488188, 3, 241, 939, 581, 0, 0.93%, 15, 0, 2, 1392.13
1639488193, 3, 284, 939, 574, 0, 0.93%, 15, 0, 2, 1516.91
1639488198, 3, 309, 939, 570, 0, 0.93%, 15, 0, 2, 1314.42
1639488203, 3, 346, 939, 566, 0, 0.93%, 15, 0, 2, 1257.13
1639488208, 3, 392, 939, 560, 0, 0.93%, 15, 0, 2, 1256.98
1639488214, 3, 421, 939, 556, 0, 0.93%, 15, 0, 2, 1234.52
