# unix_time, cycles_done, cur_path, paths_total, pending_total, pending_favs, map_size, unique_crashes, unique_hangs, max_depth, execs_per_sec
1639559184, 0, 0, 1, 1, 1, 0.12%, 0, 0, 1, 2000.00
1639559189, 0, 0, 78, 78, 1, 0.45%, 3, 0, 2, 1551.48
1639559194, 0, 15, 106, 100, 41, 0.49%, 4, 0, 3, 1447.43
1639559199, 0, 25, 121, 113, 39, 0.51%, 4, 0, 3, 1448.29
1639559204, 0, 54, 130, 105, 25, 0.52%, 5, 0, 3, 1449.65
1639559209, 0, 56, 141, 115, 24, 0.52%, 5, 0, 3, 1436.25
1639559215, 0, 63, 154, 123, 23, 0.54%, 5, 0, 3, 1422.73
1639559220, 0, 77, 172, 137, 21, 0.55%, 5, 0, 3, 1431.73
1639559225, 0, 91, 175, 134, 17, 0.55%, 5, 0, 3, 1424.68
1639559230, 0, 143, 182, 132, 9, 0.55%, 6, 0, 4, 1430.48
1639559235, 0, 177, 193, 136, 3, 0.56%, 6, 0, 5, 1411.39
1639559240, 0, 181, 201, 143, 5, 0.56%, 6, 0, 5, 1413.28
1639559245, 0, 183, 205, 146, 4, 0.57%, 6, 0, 5, 1423.47
1639559250, 0, 190, 212, 152, 5, 0.58%, 6, 0, 6, 1429.52
1639559256, 0, 197, 223, 162, 7, 0.60%, 6, 0, 6, 1432.06
1639559261, 0, 208, 224, 159, 7, 0.60%, 8, 0, 6, 1426.83
1639559266, 0, 211, 229, 162, 5, 0.60%, 9, 0, 7, 1415.90
1639559271, 0, 217, 233, 164, 4, 0.61%, 9, 0, 7, 1438.38
1639559276, 0, 229, 241, 169, 6, 0.64%, 9, 0, 8, 1442.95
1639559281, 0, 233, 246, 171, 3, 0.65%, 9, 0, 8, 1406.55
1639559286, 0, 233, 248, 173, 3, 0.65%, 9, 0, 8, 1433.54
1639559291, 0, 244, 251, 172, 3, 0.65%, 9, 0, 9, 1433.51
1639559296, 0, 249, 253, 172, 1, 0.68%, 9, 0, 9, 1455.17
1639559301, 0, 252, 266, 183, 1, 0.70%, 9, 0, 10, 1453.12
1639559306, 0, 256, 268, 182, 8, 0.71%, 9, 0, 11, 1460.62
1639559311, 0, 259, 269, 180, 6, 0.71%, 9, 0, 11, 1457.74
1639559316, 0, 266, 272, 180, 3, 0.71%, 9, 0, 11, 1445.56
1639559321, 0, 267, 275, 182, 3, 0.71%, 10, 0, 12, 1445.84
1639559326, 0, 271, 278, 183, 1, 0.71%, 11, 0, 12, 1429.54
1639559331, 1, 18, 279, 179, 0, 0.71%, 11, 0, 12, 1453.05
1639559336, 1, 36, 280, 175, 0, 0.71%, 11, 0, 12, 1459.92
1639559342, 1, 67, 280, 172, 0, 0.71%, 11, 0, 12, 1433.28
1639559347, 1, 88, 280, 167, 0, 0.71%, 11, 0, 12, 1415.97
1639559352, 1, 112, 281, 163, 0, 0.71%, 11, 0, 12, 1464.20
1639559357, 1, 153, 283, 161, 0, 0.71%, 11, 0, 12, 1476.26
1639559362, 1, 181, 284, 157, 0, 0.71%, 11, 0, 12, 1441.32
1639559367, 1, 184, 285, 157, 0, 0.71%, 11, 0, 12, 1455.29
1639559372, 1, 201, 285, 154, 0, 0.71%, 11, 0, 12, 1303.35
1639559377, 1, 208, 287, 153, 0, 0.71%, 11, 0, 12, 1351.39
1639559383, 1, 214, 287, 152, 0, 0.71%, 13, 0, 12, 1405.20
1639559388, 1, 220, 287, 149, 0, 0.71%, 13, 0, 12, 1427.18
1639559393, 1, 229, 288, 148, 0, 0.71%, 13, 0, 12, 1399.19
1639559398, 1, 241, 290, 150, 0, 0.71%, 13, 0, 12, 1443.86
1639559403, 1, 244, 290, 148, 0, 0.71%, 13, 0, 12, 1429.05
1639559408, 1, 252, 293, 151, 0, 0.71%, 13, 0, 12, 1388.92
1639559413, 1, 257, 293, 151, 0, 0.71%, 13, 0, 12, 1395.56
1639559419, 1, 265, 293, 151, 0, 0.71%, 13, 0, 12, 1411.31
1639559424, 1, 267, 294, 152, 0, 0.71%, 13, 0, 12, 1432.04
1639559429, 1, 271, 294, 151, 0, 0.71%, 13, 0, 12, 1379.27
1639559434, 1, 273, 297, 154, 0, 0.71%, 13, 0, 12, 1377.95
1639559439, 1, 294, 298, 154, 1, 0.71%, 13, 0, 13, 1385.52
1639559444, 1, 294, 299, 155, 1, 0.72%, 13, 0, 13, 1427.45
1639559449, 1, 298, 306, 161, 1, 0.73%, 13, 0, 14, 1446.80
1639559454, 1, 301, 306, 160, 3, 0.73%, 13, 0, 14, 1468.38
1639559459, 1, 303, 307, 160, 2, 0.73%, 13, 0, 15, 1398.04
1639559464, 1, 307, 309, 161, 1, 0.73%, 13, 0, 16, 1428.66
1639559469, 1, 309, 311, 162, 0, 0.73%, 13, 0, 17, 2249.70
1639559475, 1, 311, 312, 162, 1, 0.73%, 13, 0, 17, 1600.73
1639559480, 2, 5, 312, 161, 0, 0.73%, 14, 0, 17, 1450.57
