# unix_time, cycles_done, cur_path, paths_total, pending_total, pending_favs, map_size, unique_crashes, unique_hangs, max_depth, execs_per_sec
1639548050, 0, 0, 523, 523, 102, 0.90%, 0, 0, 1, 1008.44
1639548055, 0, 27, 523, 514, 95, 0.90%, 1, 0, 1, 1301.99
1639548060, 0, 77, 523, 504, 85, 0.90%, 2, 0, 1, 1355.74
1639548065, 0, 114, 523, 494, 75, 0.90%, 4, 0, 1, 1403.72
1639548071, 0, 173, 523, 485, 67, 0.90%, 4, 0, 1, 1408.57
1639548076, 0, 227, 523, 477, 59, 0.90%, 6, 0, 1, 1407.51
1639548081, 0, 270, 523, 468, 50, 0.90%, 6, 0, 1, 1396.03
1639548086, 0, 310, 524, 459, 40, 0.90%, 6, 0, 2, 1398.63
1639548091, 0, 329, 524, 452, 34, 0.90%, 6, 0, 2, 1399.39
1639548096, 0, 381, 524, 441, 23, 0.90%, 6, 0, 2, 1403.12
1639548101, 0, 454, 524, 432, 14, 0.90%, 7, 0, 2, 1401.33
1639548106, 0, 482, 524, 425, 7, 0.90%, 8, 0, 2, 1392.33
1639548111, 1, 6, 524, 416, 0, 0.90%, 8, 0, 2, 1392.74
1639548117, 1, 26, 524, 413, 0, 0.90%, 8, 0, 2, 1409.75
1639548122, 1, 53, 524, 407, 0, 0.90%, 8, 0, 2, 1408.55
1639548127, 1, 67, 524, 399, 0, 0.90%, 8, 0, 2, 1415.97
1639548132, 1, 90, 524, 396, 0, 0.90%, 8, 0, 2, 1411.50
1639548137, 1, 107, 524, 392, 0, 0.90%, 8, 0, 2, 1378.08
1639548142, 1, 145, 524, 386, 0, 0.90%, 8, 0, 2, 1356.97
1639548147, 1, 165, 524, 382, 0, 0.90%, 8, 0, 2, 1326.70
1639548152, 1, 190, 524, 377, 0, 0.90%, 8, 0, 2, 1344.78
1639548157, 1, 203, 524, 373, 0, 0.90%, 8, 0, 2, 1333.64
1639548163, 1, 236, 524, 365, 0, 0.90%, 8, 0, 2, 1372.76
1639548168, 1, 258, 524, 361, 0, 0.90%, 8, 0, 2, 1409.46
1639548173, 1, 281, 524, 356, 0, 0.90%, 8, 0, 2, 1405.49
1639548178, 1, 312, 524, 352, 0, 0.90%, 8, 0, 2, 1409.91
1639548183, 1, 328, 524, 350, 0, 0.90%, 8, 0, 2, 1408.51
1639548188, 1, 353, 524, 346, 0, 0.90%, 8, 0, 2, 1412.62
1639548193, 1, 374, 524, 339, 0, 0.90%, 8, 0, 2, 1418.47
1639548198, 1, 397, 524, 335, 0, 0.90%, 8, 0, 2, 1405.79
1639548204, 1, 420, 524, 331, 0, 0.90%, 8, 0, 2, 1399.77
1639548209, 1, 445, 524, 324, 0, 0.90%, 8, 0, 2, 1432.35
1639548214, 1, 462, 524, 320, 0, 0.90%, 8, 0, 2, 1424.49
1639548219, 1, 480, 525, 317, 0, 0.90%, 8, 0, 2, 1408.02
1639548224, 1, 507, 525, 310, 0, 0.90%, 8, 0, 2, 1397.16
1639548229, 2, 18, 525, 307, 0, 0.90%, 9, 0, 2, 1387.89
1639548234, 2, 38, 525, 304, 0, 0.90%, 9, 0, 2, 1410.10
1639548240, 2, 74, 525, 298, 0, 0.90%, 9, 0, 2, 1412.23
1639548245, 2, 101, 525, 296, 0, 0.90%, 9, 0, 2, 1424.04
1639548250, 2, 130, 525, 290, 0, 0.90%, 9, 0, 2, 1425.03
1639548255, 2, 161, 525, 286, 0, 0.90%, 9, 0, 2, 1413.18
1639548260, 2, 181, 525, 282, 0, 0.90%, 9, 0, 2, 1410.45
1639548265, 2, 194, 525, 276, 0, 0.90%, 9, 0, 2, 1415.93
1639548270, 2, 215, 527, 273, 0, 0.90%, 9, 0, 2, 1361.29
1639548276, 2, 251, 527, 266, 0, 0.90%, 9, 0, 2, 1423.81
1639548281, 2, 275, 527, 264, 0, 0.90%, 9, 0, 2, 1417.08
1639548286, 2, 312, 527, 264, 0, 0.90%, 9, 0, 2, 1422.54
1639548291, 2, 329, 527, 263, 0, 0.90%, 9, 0, 2, 1415.79
1639548296, 2, 354, 527, 259, 0, 0.90%, 9, 0, 2, 1411.52
1639548301, 2, 385, 527, 256, 0, 0.90%, 9, 0, 2, 1387.65
1639548306, 2, 418, 527, 249, 0, 0.90%, 9, 0, 2, 1373.36
1639548311, 2, 444, 527, 246, 0, 0.90%, 9, 0, 2, 1347.40
1639548317, 2, 475, 527, 244, 0, 0.90%, 9, 0, 2, 1367.54
1639548322, 2, 503, 527, 242, 0, 0.90%, 9, 0, 2, 1390.54
1639548327, 2, 526, 527, 237, 0, 0.90%, 9, 0, 2, 1806.79
1639548332, 3, 21, 527, 235, 0, 0.90%, 9, 0, 2, 1490.17
1639548337, 3, 55, 527, 231, 0, 0.90%, 10, 0, 2, 1373.82
1639548342, 3, 80, 527, 230, 0, 0.90%, 10, 0, 2, 1405.86
