# unix_time, cycles_done, cur_path, paths_total, pending_total, pending_favs, map_size, unique_crashes, unique_hangs, max_depth, execs_per_sec
1639438990, 0, 0, 1, 1, 1, 0.12%, 0, 0, 1, 1600.00
1639438995, 0, 0, 78, 78, 1, 0.47%, 3, 0, 2, 1432.94
1639439000, 0, 15, 108, 104, 38, 0.49%, 4, 0, 3, 1388.41
1639439005, 0, 33, 135, 122, 35, 0.53%, 4, 0, 3, 1437.82
1639439010, 0, 44, 147, 127, 34, 0.55%, 4, 0, 3, 1471.62
1639439015, 0, 67, 156, 125, 24, 0.56%, 6, 0, 3, 1443.61
1639439021, 0, 108, 166, 129, 19, 0.57%, 6, 0, 4, 1453.78
1639439026, 0, 136, 170, 126, 14, 0.57%, 6, 0, 4, 1438.32
1639439031, 0, 146, 181, 131, 11, 0.63%, 7, 0, 4, 1453.03
1639439036, 0, 167, 185, 130, 10, 0.64%, 7, 0, 5, 1449.72
1639439041, 0, 170, 188, 132, 9, 0.64%, 9, 0, 5, 1461.19
1639439046, 0, 171, 194, 137, 11, 0.65%, 9, 0, 5, 1427.51
1639439051, 0, 175, 204, 146, 13, 0.66%, 10, 0, 5, 1438.23
1639439056, 0, 175, 209, 151, 13, 0.69%, 10, 0, 5, 1447.03
1639439061, 0, 185, 212, 149, 13, 0.69%, 10, 0, 6, 1463.15
1639439066, 0, 186, 219, 155, 15, 0.71%, 10, 0, 6, 1460.51
1639439071, 0, 193, 220, 153, 13, 0.71%, 11, 0, 6, 1430.10
1639439076, 0, 199, 226, 157, 11, 0.71%, 12, 0, 6, 1433.09
1639439081, 0, 206, 229, 158, 10, 0.71%, 12, 0, 6, 1444.36
1639439086, 0, 214, 234, 160, 7, 0.71%, 12, 0, 7, 1441.44
1639439091, 0, 215, 234, 159, 6, 0.71%, 12, 0, 7, 1447.72
1639439096, 0, 225, 238, 160, 3, 0.71%, 12, 0, 7, 1454.71
1639439101, 0, 229, 241, 161, 2, 0.71%, 12, 0, 7, 1461.43
1639439106, 1, 33, 244, 161, 0, 0.71%, 12, 0, 7, 1453.56
1639439112, 1, 52, 245, 161, 0, 0.71%, 12, 0, 7, 1472.16
1639439117, 1, 80, 246, 156, 0, 0.71%, 12, 0, 7, 1453.35
1639439122, 1, 108, 248, 155, 0, 0.71%, 12, 0, 7, 1449.21
1639439127, 1, 124, 250, 156, 0, 0.71%, 12, 0, 7, 1463.42
1639439132, 1, 150, 250, 152, 0, 0.71%, 13, 0, 7, 1470.69
1639439137, 1, 165, 251, 150, 0, 0.71%, 13, 0, 7, 1466.14
1639439142, 1, 167, 254, 151, 0, 0.71%, 13, 0, 7, 1450.86
1639439147, 2, 12, 254, 149, 0, 0.71%, 13, 0, 7, 1424.30
1639439152, 2, 254, 255, 148, 1, 0.71%, 13, 0, 7, 1452.12
1639439157, 3, 29, 255, 143, 0, 0.71%, 13, 0, 7, 1452.16
1639439162, 3, 49, 256, 142, 0, 0.71%, 13, 0, 7, 1469.26
1639439167, 3, 78, 259, 141, 0, 0.71%, 13, 0, 7, 1465.12
1639439173, 3, 105, 259, 136, 0, 0.71%, 13, 0, 7, 1451.93
1639439178, 3, 119, 259, 133, 0, 0.71%, 13, 0, 7, 1226.67
1639439183, 3, 154, 259, 129, 0, 0.71%, 13, 0, 7, 1384.20
1639439188, 3, 163, 259, 126, 0, 0.71%, 13, 0, 7, 1435.19
1639439193, 3, 175, 260, 124, 0, 0.71%, 13, 0, 7, 1462.82
1639439198, 3, 185, 261, 125, 0, 0.71%, 13, 0, 7, 1458.41
1639439203, 3, 188, 261, 125, 0, 0.71%, 13, 0, 7, 1434.17
1639439208, 3, 194, 262, 124, 0, 0.71%, 13, 0, 7, 1425.59
1639439213, 3, 206, 262, 122, 0, 0.71%, 13, 0, 7, 1469.14
1639439218, 3, 215, 262, 121, 0, 0.71%, 13, 0, 7, 1449.95
1639439223, 3, 227, 265, 124, 0, 0.71%, 14, 0, 7, 1461.43
1639439228, 3, 240, 266, 121, 0, 0.71%, 14, 0, 8, 1450.02
1639439233, 3, 248, 267, 119, 0, 0.71%, 14, 0, 8, 1449.63
1639439238, 3, 251, 269, 120, 0, 0.71%, 14, 0, 8, 1438.14
1639439243, 3, 254, 272, 122, 0, 0.71%, 14, 0, 8, 1448.08
1639439248, 3, 260, 274, 121, 0, 0.71%, 14, 0, 8, 1464.28
1639439254, 3, 262, 275, 121, 0, 0.71%, 14, 0, 8, 1457.56
1639439259, 3, 270, 275, 119, 0, 0.71%, 14, 0, 8, 1446.26
1639439264, 4, 2, 275, 116, 0, 0.71%, 14, 0, 8, 1997.62
1639439269, 4, 40, 275, 112, 0, 0.71%, 15, 0, 8, 1694.70
1639439274, 4, 65, 275, 112, 0, 0.71%, 15, 0, 8, 1456.53
1639439279, 4, 108, 275, 109, 0, 0.71%, 15, 0, 8, 1457.03
1639439284, 4, 129, 275, 106, 0, 0.71%, 15, 0, 8, 1460.16
1639439289, 4, 163, 275, 104, 0, 0.71%, 15, 0, 8, 1478.76
