# unix_time, cycles_done, cur_path, paths_total, pending_total, pending_favs, map_size, unique_crashes, unique_hangs, max_depth, execs_per_sec
1639486383, 0, 0, 1, 1, 1, 0.12%, 0, 0, 1, 1600.00
1639486388, 0, 0, 72, 72, 1, 0.46%, 2, 0, 2, 1500.42
1639486393, 0, 5, 86, 84, 40, 0.47%, 2, 0, 3, 1468.27
1639486398, 0, 32, 113, 102, 34, 0.51%, 4, 0, 3, 1435.08
1639486403, 0, 51, 129, 106, 25, 0.53%, 4, 0, 3, 1429.91
1639486408, 0, 67, 144, 112, 19, 0.54%, 6, 0, 3, 1428.97
1639486413, 0, 68, 156, 123, 20, 0.54%, 8, 0, 3, 1434.52
1639486418, 0, 100, 163, 121, 10, 0.54%, 9, 0, 4, 1390.99
1639486424, 0, 129, 169, 123, 9, 0.55%, 9, 0, 4, 1416.71
1639486429, 0, 163, 189, 140, 12, 0.57%, 11, 0, 5, 1318.83
1639486434, 0, 163, 194, 145, 12, 0.57%, 12, 0, 5, 838.73
1639486439, 0, 163, 197, 148, 12, 0.57%, 12, 0, 5, 721.78
1639486444, 0, 165, 198, 147, 11, 0.57%, 12, 0, 5, 1017.02
1639486449, 0, 178, 213, 160, 11, 0.59%, 12, 0, 5, 1374.27
1639486454, 0, 183, 220, 164, 15, 0.62%, 13, 0, 5, 1428.00
1639486460, 0, 198, 223, 164, 12, 0.62%, 13, 0, 5, 678.61
1639486465, 0, 202, 230, 168, 9, 0.62%, 13, 0, 6, 1310.65
1639486470, 0, 211, 241, 177, 9, 0.63%, 13, 0, 6, 1408.06
1639486475, 0, 214, 243, 178, 8, 0.63%, 13, 0, 6, 1407.39
1639486480, 0, 215, 250, 184, 7, 0.67%, 13, 0, 6, 1452.39
1639486485, 0, 228, 254, 185, 10, 0.67%, 14, 0, 7, 1424.78
1639486490, 0, 248, 256, 182, 5, 0.67%, 14, 0, 7, 1459.96
1639486495, 0, 250, 269, 193, 13, 0.71%, 14, 0, 7, 1465.55
1639486500, 0, 262, 271, 190, 9, 0.71%, 14, 0, 8, 1459.73
1639486505, 0, 268, 275, 189, 4, 0.71%, 14, 0, 8, 1459.11
1639486510, 0, 270, 279, 191, 4, 0.71%, 14, 0, 9, 1463.95
1639486515, 0, 271, 283, 194, 4, 0.71%, 14, 0, 9, 1466.47
1639486520, 0, 279, 286, 196, 3, 0.71%, 14, 0, 10, 1447.53
1639486525, 1, 44, 290, 195, 0, 0.71%, 14, 0, 10, 1433.98
1639486531, 1, 67, 293, 196, 0, 0.71%, 14, 0, 10, 1381.04
1639486536, 1, 94, 293, 192, 0, 0.71%, 14, 0, 10, 1443.23
1639486541, 1, 129, 295, 186, 0, 0.71%, 14, 0, 10, 1454.65
1639486546, 1, 295, 298, 185, 1, 0.71%, 14, 0, 10, 1455.33
1639486551, 1, 296, 298, 184, 0, 0.71%, 14, 0, 10, 1466.87
1639486556, 2, 34, 298, 181, 0, 0.71%, 14, 0, 10, 1442.13
1639486561, 3, 6, 302, 179, 0, 0.72%, 14, 0, 10, 1447.72
1639486566, 3, 35, 304, 178, 0, 0.72%, 14, 0, 10, 1455.48
1639486571, 3, 65, 305, 179, 0, 0.72%, 14, 0, 10, 1414.07
1639486576, 3, 88, 306, 177, 0, 0.72%, 14, 0, 10, 1453.80
1639486581, 3, 137, 306, 173, 0, 0.72%, 14, 0, 10, 1447.74
1639486586, 3, 165, 308, 171, 0, 0.72%, 14, 0, 10, 1459.77
1639486591, 3, 175, 308, 168, 0, 0.72%, 14, 0, 10, 1479.78
1639486596, 3, 186, 308, 166, 0, 0.72%, 14, 0, 10, 1468.12
1639486602, 3, 189, 308, 166, 0, 0.72%, 14, 0, 10, 860.72
1639486607, 3, 198, 308, 164, 0, 0.72%, 14, 0, 10, 1178.55
1639486612, 3, 214, 308, 163, 0, 0.72%, 14, 0, 10, 1412.19
1639486617, 3, 225, 310, 164, 0, 0.72%, 14, 0, 10, 1451.68
1639486622, 3, 230, 312, 163, 0, 0.72%, 14, 0, 10, 1487.70
1639486627, 3, 248, 313, 162, 0, 0.72%, 14, 0, 10, 1489.14
1639486632, 3, 261, 313, 161, 0, 0.72%, 14, 0, 10, 1484.74
1639486637, 3, 270, 313, 161, 0, 0.72%, 14, 0, 10, 1486.63
1639486642, 3, 277, 313, 161, 0, 0.72%, 14, 0, 10, 1480.67
1639486647, 3, 282, 313, 159, 0, 0.72%, 14, 0, 10, 1477.53
1639486652, 3, 290, 316, 159, 0, 0.72%, 14, 0, 11, 1470.34
1639486657, 3, 301, 316, 157, 0, 0.72%, 14, 0, 11, 1465.31
1639486662, 3, 304, 319, 159, 0, 0.72%, 14, 0, 11, 912.41
1639486672, 3, 312, 319, 155, 0, 0.72%, 14, 0, 11, 1317.53
1639486678, 3, 313, 319, 154, 0, 0.72%, 14, 0, 11, 1456.52
1639486683, 4, 9, 319, 151, 0, 0.72%, 15, 0, 11, 1495.83
