# unix_time, cycles_done, cur_path, paths_total, pending_total, pending_favs, map_size, unique_crashes, unique_hangs, max_depth, execs_per_sec
1639445926, 0, 0, 1, 1, 1, 0.12%, 0, 0, 1, 1600.00
1639445931, 0, 0, 95, 95, 1, 0.49%, 5, 0, 2, 1476.08
1639445936, 0, 5, 110, 108, 51, 0.50%, 5, 0, 3, 1491.28
1639445941, 0, 17, 128, 119, 47, 0.52%, 5, 0, 3, 1473.82
1639445946, 0, 41, 136, 115, 36, 0.56%, 6, 0, 3, 1457.04
1639445951, 0, 56, 146, 113, 24, 0.56%, 6, 0, 3, 1464.15
1639445956, 0, 91, 157, 115, 17, 0.57%, 7, 0, 3, 1441.06
1639445961, 0, 110, 175, 128, 18, 0.60%, 8, 0, 4, 1444.34
1639445966, 0, 152, 183, 129, 12, 0.60%, 10, 0, 4, 1940.72
1639445972, 0, 165, 186, 126, 8, 0.60%, 11, 0, 5, 1890.90
1639445977, 0, 174, 189, 126, 5, 0.60%, 11, 0, 5, 1520.95
1639445982, 0, 185, 192, 125, 2, 0.60%, 11, 0, 6, 1455.52
1639445987, 0, 191, 204, 134, 1, 0.62%, 11, 0, 7, 1466.51
1639445992, 0, 195, 212, 141, 6, 0.63%, 12, 0, 8, 1445.60
1639445997, 0, 197, 220, 148, 8, 0.64%, 12, 0, 8, 1452.23
1639446002, 0, 208, 224, 150, 7, 0.65%, 12, 0, 9, 1424.82
1639446007, 0, 209, 228, 153, 8, 0.65%, 13, 0, 9, 1425.44
1639446012, 0, 209, 232, 157, 8, 0.66%, 13, 0, 9, 1462.06
1639446017, 0, 218, 235, 158, 9, 0.66%, 13, 0, 9, 1453.39
1639446022, 0, 221, 240, 161, 12, 0.69%, 13, 0, 10, 1400.48
1639446028, 0, 225, 245, 164, 10, 0.69%, 15, 0, 10, 1340.94
1639446033, 0, 228, 251, 169, 9, 0.69%, 15, 0, 10, 1416.43
1639446038, 0, 229, 255, 172, 8, 0.69%, 15, 0, 10, 1438.45
1639446043, 0, 229, 256, 173, 8, 0.69%, 15, 0, 10, 1458.75
1639446048, 0, 236, 260, 175, 6, 0.70%, 15, 0, 11, 1464.20
1639446053, 0, 239, 261, 174, 6, 0.70%, 15, 0, 11, 1470.67
1639446058, 0, 243, 263, 174, 4, 0.70%, 15, 0, 11, 1446.76
1639446063, 0, 257, 263, 173, 4, 0.70%, 15, 0, 11, 1453.27
1639446068, 0, 258, 266, 175, 3, 0.70%, 15, 0, 12, 1465.52
1639446073, 0, 262, 270, 177, 2, 0.70%, 16, 0, 12, 1438.16
1639446078, 0, 263, 275, 181, 1, 0.70%, 16, 0, 13, 1437.84
1639446083, 0, 273, 280, 184, 2, 0.71%, 16, 0, 14, 1456.66
1639446088, 0, 275, 287, 190, 2, 0.72%, 16, 0, 14, 1455.45
1639446094, 0, 276, 291, 193, 4, 0.72%, 16, 0, 15, 1434.95
1639446099, 0, 286, 294, 195, 4, 0.72%, 16, 0, 15, 1452.59
1639446104, 0, 287, 297, 197, 4, 0.72%, 16, 0, 15, 1459.82
1639446109, 0, 290, 299, 198, 5, 0.72%, 16, 0, 16, 1444.53
1639446114, 0, 290, 303, 202, 5, 0.72%, 16, 0, 16, 1468.94
1639446119, 0, 291, 305, 203, 5, 0.72%, 16, 0, 16, 1464.56
1639446124, 0, 292, 307, 204, 4, 0.72%, 16, 0, 16, 1461.51
1639446129, 0, 296, 308, 204, 4, 0.73%, 16, 0, 16, 1470.65
1639446134, 0, 306, 308, 201, 2, 0.73%, 16, 0, 16, 1447.18
1639446139, 0, 307, 310, 202, 1, 0.73%, 16, 0, 17, 1448.07
1639446144, 0, 309, 310, 200, 1, 0.73%, 16, 0, 17, 1474.21
1639446149, 1, 29, 312, 201, 0, 0.73%, 16, 0, 17, 1479.44
1639446154, 1, 55, 315, 203, 0, 0.74%, 16, 0, 17, 1468.36
1639446159, 2, 10, 316, 200, 0, 0.74%, 16, 0, 17, 1464.28
1639446164, 2, 217, 318, 200, 1, 0.78%, 16, 0, 17, 1431.74
1639446170, 3, 5, 318, 197, 0, 0.78%, 16, 0, 17, 1440.09
1639446175, 3, 37, 318, 196, 0, 0.78%, 16, 0, 17, 1478.76
1639446180, 3, 56, 318, 195, 0, 0.78%, 16, 0, 17, 1428.03
1639446185, 3, 168, 320, 190, 1, 0.78%, 16, 0, 17, 1468.81
1639446190, 3, 291, 320, 188, 1, 0.78%, 17, 0, 17, 1467.41
1639446195, 4, 14, 321, 186, 0, 0.78%, 17, 0, 17, 1477.83
1639446200, 4, 42, 321, 184, 0, 0.78%, 17, 0, 17, 1460.69
1639446205, 4, 67, 321, 182, 0, 0.78%, 17, 0, 17, 1464.40
1639446210, 4, 99, 322, 178, 0, 0.78%, 17, 0, 17, 1427.74
1639446215, 4, 117, 322, 174, 0, 0.78%, 17, 0, 17, 1459.70
1639446220, 4, 145, 323, 170, 0, 0.78%, 17, 0, 17, 1465.57
1639446225, 4, 155, 327, 172, 0, 0.78%, 17, 0, 17, 1460.16
