# unix_time, cycles_done, cur_path, paths_total, pending_total, pending_favs, map_size, unique_crashes, unique_hangs, max_depth, execs_per_sec
1639599676, 0, 0, 1, 1, 1, 0.12%, 0, 0, 1, 1600.00
1639599681, 0, 0, 93, 93, 1, 0.48%, 3, 0, 2, 1422.87
1639599686, 0, 7, 118, 115, 49, 0.51%, 4, 0, 3, 1433.12
1639599691, 0, 21, 126, 115, 43, 0.51%, 4, 0, 3, 1445.80
1639599696, 0, 31, 141, 127, 41, 0.56%, 5, 0, 3, 1434.06
1639599701, 0, 37, 150, 134, 42, 0.56%, 5, 0, 3, 1433.23
1639599706, 0, 66, 159, 129, 29, 0.56%, 9, 0, 3, 1438.64
1639599711, 0, 87, 171, 132, 24, 0.58%, 10, 0, 3, 1422.05
1639599716, 0, 105, 181, 136, 18, 0.58%, 10, 0, 4, 1441.39
1639599721, 0, 129, 211, 160, 20, 0.62%, 10, 0, 4, 1437.83
1639599726, 0, 137, 218, 165, 21, 0.63%, 10, 0, 4, 1419.27
1639599731, 0, 168, 230, 169, 16, 0.63%, 12, 0, 4, 1429.68
1639599737, 0, 183, 239, 177, 16, 0.65%, 12, 0, 5, 1450.40
1639599742, 0, 187, 248, 185, 21, 0.68%, 12, 0, 5, 1435.70
1639599747, 0, 200, 252, 187, 20, 0.68%, 12, 0, 5, 1451.90
1639599752, 0, 204, 256, 190, 20, 0.68%, 12, 0, 5, 1456.34
1639599757, 0, 210, 258, 189, 18, 0.68%, 12, 0, 5, 1442.26
1639599762, 0, 213, 260, 189, 16, 0.68%, 12, 0, 5, 1427.27
1639599767, 0, 232, 265, 191, 14, 0.68%, 12, 0, 6, 1406.94
1639599772, 0, 233, 269, 194, 12, 0.69%, 12, 0, 6, 1425.28
1639599777, 0, 241, 279, 199, 9, 0.70%, 12, 0, 6, 1460.13
1639599782, 0, 241, 286, 206, 9, 0.71%, 12, 0, 6, 1463.52
1639599787, 0, 253, 291, 209, 16, 0.71%, 12, 0, 6, 1447.60
1639599792, 0, 259, 292, 208, 14, 0.71%, 12, 0, 6, 1447.26
1639599797, 0, 272, 294, 207, 12, 0.71%, 12, 0, 7, 1438.37
1639599802, 0, 277, 298, 208, 8, 0.71%, 12, 0, 7, 1407.95
1639599807, 0, 283, 301, 208, 6, 0.71%, 12, 0, 7, 1424.99
1639599812, 0, 297, 306, 210, 3, 0.73%, 12, 0, 8, 1411.72
1639599817, 0, 304, 310, 212, 3, 0.73%, 12, 0, 9, 1411.43
1639599823, 0, 304, 313, 215, 3, 0.73%, 12, 0, 9, 1438.87
1639599828, 0, 305, 316, 217, 2, 0.73%, 12, 0, 9, 1434.63
1639599833, 0, 314, 319, 219, 2, 0.73%, 12, 0, 10, 1422.87
1639599838, 1, 52, 320, 218, 0, 0.73%, 12, 0, 10, 1447.02
1639599843, 1, 78, 321, 218, 0, 0.73%, 12, 0, 10, 1453.71
1639599848, 2, 7, 322, 213, 0, 0.73%, 12, 0, 10, 1432.35
1639599853, 2, 42, 322, 209, 0, 0.73%, 12, 0, 10, 1435.29
1639599858, 2, 67, 322, 205, 0, 0.73%, 12, 0, 10, 1435.38
1639599863, 2, 322, 326, 207, 1, 0.75%, 12, 0, 10, 1432.03
1639599868, 2, 327, 329, 209, 1, 0.78%, 12, 0, 10, 1431.75
1639599873, 3, 6, 331, 209, 0, 0.79%, 12, 0, 10, 1446.13
1639599878, 3, 39, 331, 205, 0, 0.79%, 12, 0, 10, 1443.30
1639599883, 3, 279, 332, 203, 1, 0.79%, 13, 0, 10, 1447.93
1639599888, 4, 30, 334, 201, 0, 0.79%, 13, 0, 10, 1428.88
1639599893, 4, 334, 335, 198, 1, 0.79%, 13, 0, 10, 1434.78
1639599898, 4, 335, 340, 202, 0, 0.79%, 13, 0, 10, 1453.91
1639599904, 4, 337, 340, 201, 1, 0.79%, 13, 0, 10, 1468.60
1639599914, 4, 339, 341, 201, 0, 0.79%, 13, 0, 10, 1459.68
1639599919, 5, 39, 343, 201, 0, 0.79%, 13, 0, 10, 2212.67
1639599924, 5, 67, 344, 201, 0, 0.79%, 13, 0, 10, 1635.98
1639599929, 5, 95, 344, 199, 0, 0.79%, 13, 0, 10, 1461.39
1639599934, 5, 118, 344, 197, 0, 0.79%, 13, 0, 10, 1438.88
1639599939, 5, 146, 344, 193, 0, 0.79%, 13, 0, 10, 1447.15
1639599944, 5, 161, 344, 185, 0, 0.79%, 13, 0, 10, 1456.72
1639599949, 5, 175, 344, 181, 0, 0.79%, 13, 0, 10, 1448.00
1639599954, 5, 187, 344, 176, 0, 0.79%, 13, 0, 10, 1424.25
1639599959, 5, 200, 344, 175, 0, 0.79%, 13, 0, 10, 1427.86
1639599964, 5, 212, 344, 175, 0, 0.79%, 13, 0, 10, 1447.08
1639599969, 5, 344, 345, 174, 1, 0.79%, 13, 0, 10, 1433.49
1639599974, 6, 30, 345, 173, 0, 0.79%, 13, 0, 10, 1445.39
