# unix_time, cycles_done, cur_path, paths_total, pending_total, pending_favs, map_size, unique_crashes, unique_hangs, max_depth, execs_per_sec
1639551042, 0, 0, 1, 1, 1, 0.12%, 0, 0, 1, 1600.00
1639551047, 0, 0, 74, 74, 1, 0.45%, 2, 0, 2, 1460.49
1639551052, 0, 5, 95, 94, 37, 0.47%, 4, 0, 3, 1444.83
1639551057, 0, 19, 114, 105, 34, 0.47%, 5, 0, 3, 1454.16
1639551062, 0, 42, 125, 103, 22, 0.50%, 5, 0, 3, 1475.03
1639551067, 0, 56, 142, 113, 16, 0.50%, 5, 0, 3, 1485.08
1639551072, 0, 69, 157, 124, 14, 0.52%, 6, 0, 3, 1469.22
1639551077, 0, 114, 162, 123, 12, 0.52%, 7, 0, 4, 1444.05
1639551082, 0, 124, 176, 134, 15, 0.55%, 7, 0, 4, 1466.06
1639551087, 0, 146, 179, 133, 14, 0.56%, 7, 0, 4, 1469.58
1639551092, 0, 164, 180, 127, 9, 0.56%, 7, 0, 5, 1473.96
1639551097, 0, 164, 190, 137, 9, 0.60%, 7, 0, 5, 1453.64
1639551102, 0, 168, 194, 138, 14, 0.60%, 7, 0, 5, 1476.83
1639551107, 0, 170, 198, 141, 13, 0.60%, 7, 0, 5, 1473.12
1639551112, 0, 175, 201, 141, 10, 0.60%, 7, 0, 5, 1473.70
1639551117, 0, 178, 204, 143, 9, 0.61%, 7, 0, 5, 1468.35
1639551122, 0, 180, 211, 149, 9, 0.62%, 7, 0, 6, 1497.44
1639551127, 0, 187, 216, 150, 10, 0.62%, 8, 0, 6, 1470.71
1639551132, 0, 192, 223, 156, 12, 0.62%, 8, 0, 6, 1450.80
1639551137, 0, 196, 228, 160, 11, 0.62%, 8, 0, 6, 1471.04
1639551142, 0, 205, 228, 157, 8, 0.62%, 8, 0, 6, 1484.98
1639551148, 0, 216, 231, 155, 4, 0.63%, 8, 0, 7, 1443.67
1639551153, 0, 218, 241, 164, 7, 0.64%, 8, 0, 7, 1453.26
1639551158, 0, 219, 245, 167, 6, 0.64%, 8, 0, 7, 1453.87
1639551163, 0, 230, 249, 169, 6, 0.64%, 8, 0, 8, 1461.36
1639551168, 0, 235, 254, 173, 6, 0.64%, 8, 0, 8, 1422.93
1639551173, 0, 238, 257, 174, 5, 0.65%, 9, 0, 8, 1445.81
1639551178, 0, 248, 261, 175, 4, 0.65%, 10, 0, 9, 1451.81
1639551183, 0, 253, 263, 176, 3, 0.65%, 11, 0, 9, 1461.37
1639551188, 0, 256, 265, 177, 3, 0.65%, 12, 0, 9, 1456.20
1639551193, 0, 263, 267, 177, 1, 0.66%, 12, 0, 10, 1454.18
1639551198, 1, 10, 268, 174, 0, 0.66%, 12, 0, 10, 1446.08
1639551203, 1, 268, 273, 176, 1, 0.66%, 13, 0, 10, 1459.93
1639551209, 1, 271, 275, 177, 1, 0.66%, 13, 0, 10, 1469.37
1639551214, 2, 17, 275, 175, 0, 0.66%, 13, 0, 10, 1469.76
1639551219, 2, 42, 276, 172, 0, 0.66%, 13, 0, 10, 1449.60
1639551224, 2, 57, 278, 172, 0, 0.66%, 13, 0, 10, 1471.90
1639551229, 2, 78, 280, 168, 0, 0.66%, 13, 0, 10, 1458.53
1639551234, 2, 106, 281, 163, 0, 0.66%, 13, 0, 10, 1459.24
1639551239, 2, 260, 283, 163, 1, 0.66%, 13, 0, 10, 1462.78
1639551244, 3, 20, 284, 161, 0, 0.66%, 13, 0, 10, 2137.74
1639551249, 3, 45, 285, 161, 0, 0.66%, 14, 0, 10, 1590.09
1639551254, 3, 68, 285, 159, 0, 0.66%, 14, 0, 10, 1450.68
1639551259, 3, 202, 288, 157, 1, 0.67%, 14, 0, 10, 1412.79
1639551264, 3, 287, 291, 158, 1, 0.67%, 14, 0, 10, 1458.92
1639551269, 3, 289, 291, 157, 0, 0.67%, 14, 0, 10, 1375.18
1639551274, 4, 21, 292, 155, 0, 0.67%, 14, 0, 10, 1428.76
1639551279, 4, 202, 293, 155, 1, 0.67%, 14, 0, 10, 1456.40
1639551284, 4, 293, 295, 154, 1, 0.67%, 14, 0, 10, 1463.41
1639551289, 4, 293, 299, 158, 1, 0.67%, 14, 0, 10, 1461.88
1639551294, 4, 295, 301, 159, 1, 0.68%, 14, 0, 10, 1453.97
1639551300, 4, 295, 305, 163, 1, 0.68%, 14, 0, 10, 1454.97
1639551305, 4, 299, 305, 162, 1, 0.68%, 14, 0, 10, 1469.75
1639551310, 4, 299, 306, 163, 1, 0.68%, 14, 0, 11, 1451.31
1639551315, 4, 300, 309, 165, 0, 0.68%, 14, 0, 11, 1465.57
1639551320, 4, 304, 311, 166, 0, 0.68%, 14, 0, 11, 1436.79
1639551330, 4, 309, 311, 165, 1, 0.68%, 14, 0, 11, 1441.56
1639551340, 5, 34, 311, 162, 0, 0.68%, 14, 0, 11, 1466.08
