# unix_time, cycles_done, cur_path, paths_total, pending_total, pending_favs, map_size, unique_crashes, unique_hangs, max_depth, execs_per_sec
1639588835, 0, 0, 495, 495, 91, 0.86%, 0, 0, 1, 993.48
1639588840, 0, 58, 495, 487, 83, 0.86%, 1, 0, 1, 1245.08
1639588845, 0, 93, 495, 478, 75, 0.86%, 3, 0, 1, 1301.13
1639588851, 0, 133, 495, 470, 67, 0.86%, 5, 0, 1, 1295.74
1639588856, 0, 201, 495, 461, 57, 0.86%, 5, 0, 1, 1263.81
1639588861, 0, 230, 495, 453, 49, 0.86%, 6, 0, 1, 1310.71
1639588866, 0, 264, 495, 446, 43, 0.86%, 6, 0, 1, 1265.65
1639588871, 0, 303, 496, 440, 36, 0.86%, 6, 0, 2, 1258.82
1639588876, 0, 334, 496, 433, 29, 0.86%, 6, 0, 2, 1257.76
1639588881, 0, 386, 496, 423, 20, 0.86%, 6, 0, 2, 1301.39
1639588886, 0, 407, 496, 415, 12, 0.86%, 6, 0, 2, 1349.20
1639588891, 0, 470, 496, 408, 5, 0.86%, 6, 0, 2, 1356.09
1639588896, 1, 15, 496, 399, 0, 0.86%, 6, 0, 2, 1254.73
1639588901, 1, 39, 496, 394, 0, 0.86%, 6, 0, 2, 1267.92
1639588906, 1, 62, 496, 389, 0, 0.86%, 7, 0, 2, 1271.35
1639588911, 1, 77, 497, 387, 0, 0.86%, 8, 0, 2, 1245.59
1639588916, 1, 188, 498, 386, 1, 0.86%, 8, 0, 2, 1296.98
1639588921, 1, 428, 498, 381, 1, 0.86%, 8, 0, 2, 1211.65
1639588926, 2, 249, 500, 378, 1, 0.86%, 8, 0, 2, 1285.18
1639588931, 3, 1, 500, 374, 0, 0.86%, 8, 0, 2, 1274.03
1639588936, 3, 19, 500, 369, 0, 0.86%, 8, 0, 2, 1151.49
1639588942, 3, 47, 500, 367, 0, 0.86%, 8, 0, 2, 1061.96
1639588947, 3, 67, 500, 364, 0, 0.86%, 8, 0, 2, 1078.25
1639588952, 3, 83, 500, 362, 0, 0.86%, 9, 0, 2, 1114.48
1639588957, 3, 115, 501, 361, 0, 0.86%, 9, 0, 2, 1120.27
1639588962, 3, 126, 501, 358, 0, 0.86%, 9, 0, 2, 1091.79
1639588967, 3, 141, 501, 354, 0, 0.86%, 9, 0, 2, 1113.71
1639588972, 3, 183, 501, 351, 0, 0.86%, 9, 0, 2, 1183.15
1639588977, 3, 217, 501, 347, 0, 0.86%, 9, 0, 2, 1233.06
1639588983, 3, 241, 501, 344, 0, 0.86%, 9, 0, 2, 1299.22
1639588988, 3, 266, 502, 342, 0, 0.86%, 9, 0, 2, 1299.26
1639588993, 3, 288, 502, 338, 0, 0.86%, 9, 0, 2, 1270.22
1639588998, 3, 308, 502, 333, 0, 0.86%, 9, 0, 2, 1348.04
1639589003, 3, 331, 502, 328, 0, 0.86%, 9, 0, 2, 1372.71
1639589008, 3, 352, 502, 321, 0, 0.86%, 9, 0, 2, 1413.01
1639589013, 3, 371, 502, 316, 0, 0.86%, 9, 0, 2, 1378.23
1639589018, 3, 502, 505, 316, 1, 0.87%, 9, 0, 3, 1389.14
1639589023, 3, 502, 508, 319, 1, 0.87%, 11, 0, 3, 1389.39
1639589028, 3, 503, 510, 320, 1, 0.87%, 11, 0, 4, 1397.92
1639589034, 3, 508, 513, 321, 4, 0.87%, 12, 0, 4, 1402.51
1639589039, 3, 509, 513, 320, 3, 0.87%, 12, 0, 4, 1359.84
1639589044, 3, 511, 513, 319, 2, 0.87%, 13, 0, 4, 1375.85
1639589049, 4, 71, 513, 316, 0, 0.87%, 13, 0, 4, 1383.88
1639589054, 4, 93, 513, 314, 0, 0.87%, 13, 0, 4, 1272.44
1639589059, 4, 113, 513, 308, 0, 0.87%, 13, 0, 4, 1333.94
1639589064, 4, 133, 513, 307, 0, 0.87%, 13, 0, 4, 1362.93
1639589069, 4, 159, 513, 301, 0, 0.87%, 13, 0, 4, 1294.58
1639589074, 4, 201, 513, 293, 0, 0.87%, 13, 0, 4, 1242.26
1639589080, 4, 233, 513, 291, 0, 0.87%, 13, 0, 4, 1276.69
1639589085, 4, 258, 515, 288, 0, 0.87%, 13, 0, 4, 1291.29
1639589090, 4, 276, 515, 285, 0, 0.87%, 13, 0, 4, 1321.82
1639589095, 4, 303, 515, 281, 0, 0.87%, 13, 0, 4, 1365.21
1639589100, 4, 319, 515, 278, 0, 0.87%, 13, 0, 4, 1349.22
1639589105, 4, 365, 515, 273, 0, 0.87%, 13, 0, 4, 1373.40
1639589110, 4, 391, 515, 271, 0, 0.87%, 13, 0, 4, 1345.90
1639589115, 4, 412, 515, 268, 0, 0.87%, 13, 0, 4, 1367.99
1639589120, 4, 449, 515, 263, 0, 0.87%, 13, 0, 4, 1629.26
1639589125, 4, 466, 516, 258, 0, 0.87%, 13, 0, 4, 1222.18
1639589130, 4, 492, 516, 253, 0, 0.87%, 13, 0, 4, 1261.30
