# unix_time, cycles_done, cur_path, paths_total, pending_total, pending_favs, map_size, unique_crashes, unique_hangs, max_depth, execs_per_sec
1639447734, 0, 0, 1, 1, 1, 0.12%, 0, 0, 1, 800.00
1639447739, 0, 0, 79, 79, 1, 0.46%, 3, 0, 2, 1291.84
1639447744, 0, 5, 97, 95, 40, 0.48%, 4, 0, 3, 1400.76
1639447749, 0, 20, 122, 114, 38, 0.51%, 4, 0, 3, 1428.77
1639447754, 0, 21, 131, 122, 38, 0.52%, 5, 0, 3, 1448.88
1639447759, 0, 48, 151, 130, 31, 0.54%, 6, 0, 3, 1432.67
1639447764, 0, 59, 162, 138, 29, 0.55%, 6, 0, 3, 1435.93
1639447769, 0, 80, 165, 134, 24, 0.55%, 6, 0, 3, 1408.77
1639447775, 0, 99, 170, 133, 18, 0.55%, 6, 0, 4, 1422.88
1639447780, 0, 112, 180, 140, 16, 0.56%, 6, 0, 4, 1433.48
1639447785, 0, 128, 181, 137, 13, 0.57%, 6, 0, 4, 1433.95
1639447790, 0, 147, 189, 139, 9, 0.58%, 6, 0, 4, 1440.82
1639447795, 0, 177, 192, 139, 7, 0.58%, 6, 0, 5, 1456.05
1639447800, 0, 187, 199, 141, 7, 0.61%, 6, 0, 5, 2262.86
1639447805, 0, 196, 204, 141, 2, 0.63%, 6, 0, 6, 2460.90
1639447810, 0, 206, 209, 140, 1, 0.63%, 6, 0, 8, 2071.62
1639447815, 2, 9, 212, 137, 0, 0.63%, 7, 0, 8, 1535.15
1639447820, 2, 39, 214, 134, 0, 0.63%, 7, 0, 8, 1467.51
1639447825, 3, 215, 228, 142, 1, 0.65%, 7, 0, 8, 1427.49
1639447830, 3, 221, 235, 148, 4, 0.66%, 7, 0, 8, 1438.22
1639447835, 3, 221, 239, 152, 4, 0.66%, 7, 0, 8, 1423.70
1639447840, 3, 228, 243, 155, 3, 0.66%, 7, 0, 8, 1457.47
1639447846, 3, 230, 245, 156, 2, 0.66%, 7, 0, 8, 1437.21
1639447851, 3, 234, 249, 159, 1, 0.66%, 8, 0, 8, 1466.24
1639447856, 3, 236, 250, 159, 0, 0.66%, 8, 0, 8, 1468.84
1639447861, 3, 237, 251, 159, 0, 0.66%, 8, 0, 8, 1468.59
1639447866, 3, 238, 252, 159, 0, 0.66%, 8, 0, 8, 1441.95
1639447871, 3, 243, 253, 158, 0, 0.66%, 8, 0, 8, 1437.19
1639447876, 3, 251, 254, 158, 0, 0.66%, 8, 0, 8, 1445.84
1639447881, 4, 25, 255, 157, 0, 0.66%, 8, 0, 8, 1451.43
1639447886, 4, 116, 256, 153, 1, 0.66%, 8, 0, 8, 1449.34
1639447891, 4, 255, 256, 148, 1, 0.66%, 8, 0, 8, 1459.18
1639447896, 5, 31, 259, 149, 0, 0.66%, 8, 0, 8, 1447.71
1639447902, 5, 56, 259, 146, 0, 0.66%, 8, 0, 8, 1412.90
1639447907, 5, 65, 262, 145, 0, 0.66%, 8, 0, 8, 1448.26
1639447912, 5, 81, 263, 144, 0, 0.66%, 8, 0, 8, 1469.52
1639447917, 5, 104, 264, 140, 0, 0.66%, 8, 0, 8, 1459.86
1639447922, 5, 264, 270, 145, 1, 0.66%, 8, 0, 8, 1460.04
1639447927, 5, 265, 272, 146, 0, 0.66%, 8, 0, 8, 1442.18
1639447937, 5, 266, 272, 145, 0, 0.66%, 8, 0, 8, 1441.63
1639447942, 5, 267, 272, 144, 0, 0.66%, 8, 0, 8, 1440.94
1639447947, 5, 269, 272, 143, 0, 0.66%, 8, 0, 8, 1375.74
1639447952, 5, 270, 273, 143, 0, 0.66%, 8, 0, 8, 1413.38
1639447957, 6, 25, 274, 141, 0, 0.66%, 8, 0, 8, 1435.83
1639447962, 6, 56, 274, 139, 0, 0.66%, 8, 0, 8, 1443.89
1639447968, 6, 72, 276, 141, 0, 0.66%, 9, 0, 8, 1446.20
1639447973, 6, 99, 276, 137, 0, 0.66%, 9, 0, 8, 1443.30
1639447978, 6, 128, 276, 134, 0, 0.66%, 9, 0, 8, 1439.77
1639447983, 6, 234, 280, 137, 1, 0.66%, 9, 0, 8, 1438.40
1639447988, 6, 272, 280, 137, 1, 0.66%, 9, 0, 8, 1422.54
1639447993, 6, 276, 280, 136, 1, 0.66%, 9, 0, 8, 1443.02
1639447998, 6, 279, 284, 139, 0, 0.69%, 9, 0, 8, 1428.72
1639448003, 6, 284, 285, 139, 1, 0.69%, 9, 0, 8, 1433.73
1639448008, 6, 284, 286, 140, 1, 0.69%, 9, 0, 8, 1450.74
1639448014, 7, 45, 286, 138, 0, 0.69%, 9, 0, 8, 1453.05
1639448019, 7, 66, 286, 136, 0, 0.69%, 9, 0, 8, 1449.30
1639448024, 7, 94, 286, 136, 0, 0.69%, 9, 0, 8, 1442.43
1639448029, 7, 111, 286, 131, 0, 0.69%, 9, 0, 8, 1445.40
1639448034, 7, 144, 287, 126, 0, 0.69%, 9, 0, 8, 1434.79
