# unix_time, cycles_done, cur_path, paths_total, pending_total, pending_favs, map_size, unique_crashes, unique_hangs, max_depth, execs_per_sec
1639519673, 0, 0, 1, 1, 1, 0.12%, 0, 0, 1, 2000.00
1639519678, 0, 0, 88, 88, 1, 0.43%, 3, 0, 2, 1516.72
1639519683, 0, 11, 106, 103, 36, 0.45%, 3, 0, 3, 1406.47
1639519688, 0, 23, 115, 107, 36, 0.48%, 3, 0, 3, 1380.54
1639519694, 0, 26, 132, 123, 38, 0.51%, 5, 0, 3, 1373.01
1639519699, 0, 38, 155, 139, 36, 0.54%, 5, 0, 3, 1351.69
1639519704, 0, 59, 164, 138, 26, 0.55%, 5, 0, 3, 1379.99
1639519709, 0, 93, 179, 148, 24, 0.56%, 5, 0, 3, 1411.65
1639519714, 0, 110, 184, 148, 20, 0.56%, 5, 0, 4, 1374.00
1639519719, 0, 150, 195, 152, 16, 0.57%, 5, 0, 4, 1366.59
1639519724, 0, 173, 201, 150, 11, 0.59%, 5, 0, 4, 1352.05
1639519729, 0, 186, 206, 150, 8, 0.60%, 5, 0, 5, 1325.28
1639519734, 0, 190, 214, 157, 11, 0.60%, 7, 0, 5, 1271.86
1639519739, 0, 196, 217, 158, 9, 0.60%, 7, 0, 5, 1264.49
1639519744, 0, 199, 224, 162, 10, 0.63%, 7, 0, 5, 1257.85
1639519749, 0, 201, 227, 164, 9, 0.63%, 7, 0, 5, 1294.97
1639519755, 0, 209, 230, 164, 7, 0.63%, 7, 0, 6, 1363.43
1639519760, 0, 217, 236, 168, 7, 0.63%, 8, 0, 6, 1402.11
1639519765, 0, 222, 242, 171, 5, 0.65%, 8, 0, 6, 1428.49
1639519770, 0, 225, 246, 174, 6, 0.67%, 8, 0, 6, 1402.86
1639519775, 0, 227, 251, 178, 6, 0.67%, 8, 0, 7, 1386.00
1639519780, 0, 241, 260, 184, 4, 0.68%, 9, 0, 7, 1367.23
1639519785, 0, 241, 264, 188, 4, 0.69%, 9, 0, 7, 1340.90
1639519790, 0, 250, 268, 191, 12, 0.70%, 9, 0, 8, 1291.70
1639519795, 0, 253, 276, 198, 14, 0.71%, 9, 0, 8, 1315.95
1639519800, 0, 256, 278, 198, 14, 0.71%, 9, 0, 8, 1329.88
1639519805, 0, 260, 279, 195, 11, 0.72%, 9, 0, 8, 1333.16
1639519810, 0, 265, 281, 193, 7, 0.72%, 9, 0, 9, 1286.08
1639519815, 0, 265, 282, 194, 7, 0.72%, 9, 0, 9, 1266.64
1639519820, 0, 266, 285, 196, 6, 0.72%, 9, 0, 9, 1289.35
1639519826, 0, 267, 287, 197, 5, 0.72%, 9, 0, 9, 1412.87
1639519831, 0, 271, 290, 198, 3, 0.72%, 9, 0, 9, 1434.44
1639519836, 0, 278, 292, 198, 1, 0.72%, 9, 0, 9, 1450.58
1639519841, 1, 10, 293, 196, 0, 0.72%, 9, 0, 10, 1444.93
1639519846, 1, 30, 294, 193, 0, 0.72%, 9, 0, 10, 1441.22
1639519851, 1, 59, 295, 191, 0, 0.72%, 9, 0, 10, 1445.72
1639519856, 1, 90, 295, 189, 0, 0.72%, 9, 0, 10, 1439.06
1639519861, 1, 127, 296, 185, 1, 0.72%, 9, 0, 10, 1424.05
1639519866, 2, 17, 296, 178, 0, 0.72%, 9, 0, 10, 1375.79
1639519871, 2, 30, 296, 175, 0, 0.72%, 10, 0, 10, 1314.05
1639519876, 2, 56, 296, 173, 0, 0.72%, 10, 0, 10, 1300.54
1639519881, 2, 81, 299, 173, 0, 0.72%, 10, 0, 10, 1307.17
1639519886, 2, 95, 300, 170, 0, 0.72%, 11, 0, 10, 1339.41
1639519892, 2, 121, 300, 165, 0, 0.72%, 12, 0, 10, 1539.52
1639519897, 2, 156, 300, 156, 0, 0.72%, 12, 0, 10, 2007.20
1639519902, 2, 174, 300, 154, 0, 0.72%, 12, 0, 10, 1378.93
1639519907, 2, 188, 300, 153, 0, 0.72%, 12, 0, 10, 1304.39
1639519912, 2, 194, 301, 151, 0, 0.72%, 12, 0, 10, 1375.32
1639519917, 2, 201, 303, 152, 0, 0.72%, 12, 0, 10, 1439.05
1639519922, 2, 217, 304, 151, 0, 0.72%, 13, 0, 10, 1446.59
1639519927, 2, 227, 304, 149, 0, 0.72%, 13, 0, 10, 1430.38
1639519932, 2, 236, 305, 148, 0, 0.72%, 13, 0, 10, 1452.25
1639519937, 2, 255, 305, 147, 0, 0.72%, 13, 0, 10, 1456.24
1639519942, 2, 260, 305, 147, 0, 0.72%, 13, 0, 10, 1455.71
1639519947, 2, 265, 305, 147, 0, 0.72%, 13, 0, 10, 1440.60
1639519952, 2, 269, 306, 148, 0, 0.72%, 13, 0, 10, 1447.23
1639519957, 2, 271, 309, 151, 0, 0.72%, 13, 0, 10, 1443.35
1639519962, 2, 277, 313, 154, 0, 0.72%, 13, 0, 10, 1459.86
1639519967, 2, 281, 315, 155, 0, 0.72%, 13, 0, 10, 1452.97
1639519973, 2, 284, 316, 155, 0, 0.72%, 13, 0, 10, 1450.46
