# unix_time, cycles_done, cur_path, paths_total, pending_total, pending_favs, map_size, unique_crashes, unique_hangs, max_depth, execs_per_sec
1639483670, 0, 0, 1, 1, 1, 0.12%, 0, 0, 1, 2000.00
1639483675, 0, 0, 77, 77, 1, 0.44%, 3, 0, 2, 1557.58
1639483680, 0, 20, 100, 93, 35, 0.47%, 3, 0, 3, 1450.91
1639483685, 0, 20, 109, 102, 35, 0.48%, 3, 0, 3, 1458.73
1639483690, 0, 38, 129, 112, 29, 0.52%, 3, 0, 3, 1432.95
1639483695, 0, 58, 147, 121, 22, 0.53%, 5, 0, 3, 1447.48
1639483700, 0, 82, 152, 119, 15, 0.53%, 6, 0, 4, 1401.06
1639483705, 0, 111, 165, 125, 13, 0.54%, 6, 0, 4, 1426.33
1639483710, 0, 152, 173, 125, 7, 0.55%, 6, 0, 4, 1404.21
1639483715, 0, 168, 180, 129, 5, 0.55%, 6, 0, 5, 1439.56
1639483720, 0, 169, 193, 141, 4, 0.56%, 6, 0, 5, 1436.33
1639483725, 0, 175, 197, 142, 6, 0.58%, 10, 0, 5, 1445.31
1639483731, 0, 193, 205, 146, 5, 0.58%, 10, 0, 6, 1440.62
1639483736, 0, 194, 211, 151, 4, 0.60%, 10, 0, 6, 1430.24
1639483741, 0, 200, 214, 151, 10, 0.62%, 10, 0, 7, 1454.63
1639483746, 0, 210, 218, 150, 6, 0.63%, 10, 0, 7, 1451.09
1639483751, 0, 213, 223, 152, 4, 0.63%, 10, 0, 8, 1427.87
1639483756, 0, 215, 225, 152, 3, 0.63%, 10, 0, 8, 1445.86
1639483761, 0, 222, 230, 155, 1, 0.66%, 10, 0, 9, 1442.29
1639483766, 0, 228, 241, 165, 1, 0.69%, 10, 0, 10, 1447.10
1639483771, 0, 232, 242, 163, 8, 0.69%, 10, 0, 11, 1439.00
1639483776, 0, 236, 242, 160, 5, 0.69%, 10, 0, 11, 1456.23
1639483781, 0, 240, 242, 157, 2, 0.69%, 10, 0, 11, 1445.56
1639483786, 0, 241, 245, 159, 1, 0.69%, 10, 0, 12, 1457.34
1639483791, 1, 21, 246, 155, 0, 0.69%, 10, 0, 12, 1455.79
1639483796, 1, 40, 247, 153, 0, 0.69%, 10, 0, 12, 1458.45
1639483801, 1, 60, 247, 149, 0, 0.69%, 10, 0, 12, 1448.83
1639483807, 1, 80, 247, 143, 0, 0.69%, 10, 0, 12, 1443.47
1639483812, 1, 108, 249, 141, 0, 0.69%, 10, 0, 12, 1462.89
1639483817, 1, 128, 250, 138, 0, 0.69%, 10, 0, 12, 1447.66
1639483822, 1, 157, 250, 134, 0, 0.69%, 10, 0, 12, 1445.70
1639483827, 1, 167, 251, 131, 0, 0.69%, 10, 0, 12, 1435.66
1639483832, 1, 172, 253, 132, 0, 0.71%, 10, 0, 12, 1426.97
1639483837, 2, 10, 253, 130, 0, 0.71%, 10, 0, 12, 1434.39
1639483842, 2, 37, 253, 126, 0, 0.71%, 10, 0, 12, 1431.46
1639483847, 2, 253, 258, 130, 2, 0.72%, 10, 0, 12, 1416.31
1639483852, 2, 255, 262, 132, 1, 0.72%, 10, 0, 12, 1414.02
1639483858, 2, 255, 264, 134, 1, 0.72%, 10, 0, 12, 1442.72
1639483863, 2, 259, 269, 138, 2, 0.72%, 12, 0, 12, 101.15
1639483868, 2, 261, 272, 140, 2, 0.73%, 12, 0, 12, 1514.95
1639483873, 2, 261, 274, 142, 2, 0.73%, 12, 0, 12, 1409.73
1639483878, 2, 267, 277, 144, 4, 0.73%, 12, 0, 12, 1414.40
1639483883, 2, 269, 279, 145, 5, 0.73%, 12, 0, 12, 1410.48
1639483888, 2, 270, 280, 145, 4, 0.73%, 13, 0, 12, 1424.54
1639483893, 2, 271, 283, 147, 4, 0.73%, 13, 0, 12, 1414.71
1639483899, 2, 274, 284, 147, 3, 0.73%, 13, 0, 12, 1407.03
1639483909, 2, 279, 286, 147, 1, 0.73%, 13, 0, 12, 1429.21
1639483919, 2, 284, 287, 147, 1, 0.73%, 13, 0, 13, 1452.03
1639483924, 3, 6, 287, 146, 0, 0.73%, 13, 0, 13, 1475.99
1639483929, 3, 39, 287, 145, 0, 0.73%, 13, 0, 13, 1446.75
1639483934, 3, 62, 288, 143, 0, 0.73%, 13, 0, 13, 1961.46
1639483939, 3, 106, 289, 138, 0, 0.73%, 13, 0, 13, 1811.09
1639483944, 3, 129, 289, 136, 0, 0.73%, 13, 0, 13, 1507.17
1639483949, 3, 153, 292, 136, 0, 0.73%, 13, 0, 13, 1448.87
1639483954, 3, 158, 292, 134, 0, 0.73%, 13, 0, 13, 1435.46
1639483959, 3, 171, 292, 133, 0, 0.73%, 13, 0, 13, 1429.18
1639483964, 3, 189, 293, 131, 0, 0.73%, 13, 0, 13, 1437.48
1639483970, 3, 198, 293, 128, 0, 0.73%, 13, 0, 13, 1443.81
