# unix_time, cycles_done, cur_path, paths_total, pending_total, pending_favs, map_size, unique_crashes, unique_hangs, max_depth, execs_per_sec
1639552768, 0, 0, 799, 799, 83, 0.71%, 0, 0, 1, 1310.37
1639552773, 0, 63, 810, 805, 78, 0.71%, 1, 0, 2, 1231.79
1639552778, 0, 112, 811, 797, 69, 0.71%, 3, 0, 2, 1312.88
1639552783, 0, 202, 814, 789, 58, 0.71%, 6, 0, 2, 1414.72
1639552788, 0, 246, 818, 786, 52, 0.71%, 7, 0, 2, 1437.55
1639552793, 0, 368, 820, 778, 43, 0.72%, 7, 0, 2, 1440.17
1639552799, 0, 455, 821, 771, 36, 0.72%, 7, 0, 2, 1443.60
1639552804, 0, 568, 821, 760, 26, 0.72%, 7, 0, 2, 1439.51
1639552809, 0, 601, 822, 755, 23, 0.72%, 8, 0, 2, 1451.64
1639552814, 0, 664, 822, 746, 16, 0.72%, 8, 0, 2, 1459.14
1639552819, 0, 735, 822, 737, 9, 0.72%, 8, 0, 2, 1429.90
1639552824, 0, 821, 822, 729, 1, 0.72%, 8, 0, 2, 1447.88
1639552829, 1, 17, 823, 723, 0, 0.72%, 8, 0, 2, 1458.32
1639552834, 1, 39, 823, 714, 0, 0.72%, 8, 0, 2, 1459.66
1639552839, 1, 59, 823, 707, 0, 0.72%, 8, 0, 2, 1453.99
1639552844, 1, 86, 823, 700, 0, 0.72%, 9, 0, 2, 1450.87
1639552849, 1, 113, 823, 694, 0, 0.72%, 9, 0, 2, 1675.92
1639552854, 1, 138, 823, 689, 0, 0.72%, 10, 0, 2, 1540.88
1639552859, 1, 186, 824, 683, 1, 0.72%, 11, 0, 2, 1389.06
1639552864, 1, 539, 824, 677, 1, 0.72%, 11, 0, 2, 1414.82
1639552870, 2, 75, 824, 671, 1, 0.72%, 12, 0, 2, 1430.86
1639552875, 2, 450, 824, 666, 0, 0.72%, 12, 0, 2, 1422.62
1639552880, 2, 470, 824, 660, 0, 0.72%, 12, 0, 2, 1408.19
1639552885, 2, 495, 824, 654, 0, 0.72%, 12, 0, 2, 1439.78
1639552890, 2, 533, 824, 649, 0, 0.72%, 12, 0, 2, 1430.74
1639552895, 2, 824, 826, 646, 1, 0.72%, 12, 0, 3, 1431.97
1639552900, 3, 45, 826, 639, 0, 0.72%, 12, 0, 3, 1421.38
1639552905, 3, 75, 826, 634, 0, 0.72%, 12, 0, 3, 1434.34
1639552910, 3, 112, 826, 631, 0, 0.72%, 12, 0, 3, 1443.98
1639552915, 3, 139, 826, 627, 0, 0.72%, 13, 0, 3, 1453.92
1639552920, 3, 178, 826, 620, 0, 0.72%, 13, 0, 3, 1395.27
1639552926, 3, 213, 826, 615, 0, 0.72%, 13, 0, 3, 1434.48
1639552931, 3, 229, 826, 611, 0, 0.72%, 13, 0, 3, 1373.36
1639552936, 3, 272, 826, 606, 0, 0.72%, 13, 0, 3, 1420.06
1639552941, 3, 308, 826, 598, 0, 0.72%, 14, 0, 3, 1423.88
1639552946, 3, 347, 826, 590, 0, 0.72%, 14, 0, 3, 1445.37
1639552951, 3, 377, 826, 586, 0, 0.72%, 14, 0, 3, 1462.84
1639552956, 3, 400, 826, 580, 0, 0.72%, 14, 0, 3, 1462.29
1639552961, 3, 427, 826, 573, 0, 0.72%, 14, 0, 3, 1459.07
1639552966, 3, 455, 826, 568, 0, 0.72%, 14, 0, 3, 1437.82
1639552971, 3, 499, 826, 564, 0, 0.72%, 14, 0, 3, 1434.47
1639552977, 3, 527, 826, 559, 0, 0.72%, 14, 0, 3, 1470.19
1639552982, 3, 566, 826, 551, 0, 0.72%, 14, 0, 3, 1475.65
1639552987, 3, 826, 827, 546, 1, 0.72%, 15, 0, 3, 1456.43
1639552992, 4, 63, 832, 549, 0, 0.72%, 15, 0, 3, 1434.29
1639552997, 4, 122, 832, 548, 0, 0.72%, 15, 0, 3, 1404.99
1639553002, 4, 169, 832, 543, 0, 0.72%, 15, 0, 3, 1394.22
1639553007, 4, 202, 832, 537, 0, 0.72%, 15, 0, 3, 1419.40
1639553012, 4, 223, 832, 533, 0, 0.72%, 15, 0, 3, 1445.84
1639553017, 4, 246, 832, 527, 0, 0.72%, 15, 0, 3, 1447.85
1639553022, 4, 282, 832, 521, 0, 0.72%, 15, 0, 3, 1413.37
1639553027, 4, 314, 832, 513, 0, 0.72%, 15, 0, 3, 1426.47
1639553032, 4, 341, 832, 506, 0, 0.72%, 15, 0, 3, 1427.61
1639553037, 4, 357, 832, 498, 0, 0.72%, 15, 0, 3, 1423.87
1639553043, 4, 371, 832, 493, 0, 0.72%, 15, 0, 3, 1434.43
1639553048, 4, 413, 832, 489, 0, 0.72%, 15, 0, 3, 1428.89
1639553053, 4, 455, 832, 483, 0, 0.72%, 15, 0, 3, 1432.08
1639553058, 4, 497, 832, 478, 0, 0.72%, 15, 0, 3, 1422.93
