# unix_time, cycles_done, cur_path, paths_total, pending_total, pending_favs, map_size, unique_crashes, unique_hangs, max_depth, execs_per_sec
1639483368, 0, 0, 1, 1, 1, 0.12%, 0, 0, 1, 2000.00
1639483373, 0, 0, 78, 78, 1, 0.42%, 4, 0, 2, 1516.23
1639483378, 0, 2, 94, 93, 36, 0.47%, 5, 0, 3, 1448.55
1639483384, 0, 7, 112, 109, 33, 0.47%, 5, 0, 3, 1395.20
1639483389, 0, 32, 121, 111, 27, 0.47%, 5, 0, 3, 1407.74
1639483394, 0, 53, 135, 114, 16, 0.49%, 5, 0, 3, 1431.07
1639483399, 0, 59, 143, 119, 18, 0.51%, 5, 0, 3, 1434.29
1639483404, 0, 87, 158, 128, 15, 0.53%, 5, 0, 4, 1428.41
1639483409, 0, 130, 163, 127, 12, 0.53%, 6, 0, 4, 1430.37
1639483414, 0, 149, 168, 126, 8, 0.54%, 6, 0, 4, 1456.45
1639483419, 0, 161, 176, 130, 4, 0.54%, 6, 0, 5, 1434.89
1639483424, 0, 165, 179, 130, 3, 0.55%, 6, 0, 5, 1423.21
1639483429, 1, 13, 181, 128, 0, 0.55%, 6, 0, 6, 1415.34
1639483434, 1, 42, 182, 125, 0, 0.55%, 6, 0, 6, 1414.96
1639483440, 1, 183, 184, 124, 1, 0.55%, 7, 0, 6, 1421.85
1639483445, 1, 187, 190, 129, 1, 0.55%, 7, 0, 6, 1413.02
1639483450, 1, 188, 192, 130, 1, 0.55%, 7, 0, 6, 1415.96
1639483455, 1, 190, 196, 133, 1, 0.55%, 7, 0, 7, 1399.58
1639483460, 1, 195, 204, 139, 0, 0.55%, 7, 0, 8, 1408.95
1639483465, 2, 5, 206, 139, 0, 0.55%, 7, 0, 8, 1420.66
1639483470, 2, 73, 206, 132, 0, 0.55%, 9, 0, 8, 1399.86
1639483475, 2, 97, 207, 129, 0, 0.55%, 9, 0, 8, 1416.80
1639483480, 2, 207, 213, 131, 1, 0.56%, 9, 0, 8, 1371.56
1639483485, 2, 210, 220, 137, 2, 0.57%, 11, 0, 8, 1388.72
1639483490, 2, 210, 230, 147, 2, 0.59%, 11, 0, 8, 1388.09
1639483495, 2, 220, 237, 152, 7, 0.61%, 11, 0, 8, 1380.01
1639483500, 2, 223, 242, 156, 10, 0.62%, 11, 0, 8, 1380.50
1639483505, 2, 223, 245, 159, 10, 0.62%, 11, 0, 8, 1403.62
1639483510, 2, 231, 248, 160, 10, 0.63%, 11, 0, 8, 1409.52
1639483515, 2, 234, 250, 160, 8, 0.63%, 11, 0, 8, 1401.57
1639483520, 2, 234, 253, 163, 8, 0.66%, 12, 0, 8, 1408.54
1639483525, 2, 236, 253, 162, 7, 0.66%, 13, 0, 8, 1404.19
1639483531, 2, 237, 257, 165, 6, 0.66%, 13, 0, 8, 1408.50
1639483536, 2, 239, 261, 168, 6, 0.66%, 14, 0, 8, 1395.87
1639483541, 2, 240, 265, 171, 7, 0.66%, 14, 0, 8, 1395.82
1639483546, 2, 247, 268, 173, 7, 0.66%, 14, 0, 8, 1403.40
1639483551, 2, 252, 280, 184, 9, 0.67%, 14, 0, 9, 1421.48
1639483556, 2, 254, 283, 186, 12, 0.67%, 14, 0, 9, 1432.03
1639483566, 2, 260, 287, 189, 11, 0.68%, 14, 0, 9, 1436.63
1639483571, 2, 263, 288, 189, 11, 0.68%, 15, 0, 9, 1415.67
1639483576, 2, 266, 288, 188, 10, 0.68%, 15, 0, 9, 1430.25
1639483581, 2, 267, 289, 188, 9, 0.68%, 15, 0, 9, 1387.97
1639483586, 2, 276, 290, 187, 7, 0.68%, 15, 0, 10, 1412.71
1639483591, 2, 279, 292, 188, 6, 0.68%, 15, 0, 10, 1435.82
1639483596, 2, 281, 296, 191, 6, 0.68%, 15, 0, 10, 1439.08
1639483601, 2, 282, 299, 193, 6, 0.68%, 15, 0, 10, 1428.03
1639483611, 2, 286, 300, 193, 5, 0.68%, 16, 0, 10, 1400.68
1639483616, 2, 286, 302, 195, 5, 0.71%, 16, 0, 10, 1411.62
1639483621, 2, 289, 303, 195, 7, 0.71%, 16, 0, 11, 1410.40
1639483626, 2, 292, 303, 194, 7, 0.71%, 16, 0, 11, 1416.74
1639483631, 2, 299, 307, 196, 6, 0.71%, 16, 0, 11, 2239.42
1639483637, 2, 301, 309, 196, 4, 0.71%, 16, 0, 11, 1665.27
1639483642, 2, 301, 319, 206, 4, 0.73%, 16, 0, 11, 1429.13
1639483647, 2, 303, 319, 205, 12, 0.73%, 16, 0, 11, 1421.03
1639483652, 2, 304, 322, 207, 12, 0.73%, 16, 0, 12, 1391.40
1639483657, 2, 309, 323, 207, 12, 0.73%, 16, 0, 12, 1381.53
1639483662, 2, 310, 325, 208, 12, 0.73%, 16, 0, 12, 1400.63
1639483667, 2, 311, 327, 209, 11, 0.74%, 16, 0, 12, 1413.04
