# unix_time, cycles_done, cur_path, paths_total, pending_total, pending_favs, map_size, unique_crashes, unique_hangs, max_depth, execs_per_sec
1639557978, 0, 0, 1, 1, 1, 0.12%, 0, 0, 1, 2000.00
1639557983, 0, 0, 76, 76, 1, 0.46%, 3, 0, 2, 1506.40
1639557988, 0, 1, 95, 94, 37, 0.47%, 3, 0, 3, 1432.80
1639557993, 0, 31, 107, 96, 28, 0.47%, 4, 0, 3, 1424.27
1639557998, 0, 33, 118, 105, 28, 0.48%, 4, 0, 3, 1411.12
1639558003, 0, 54, 141, 119, 22, 0.50%, 4, 0, 3, 1422.18
1639558009, 0, 62, 143, 119, 22, 0.50%, 4, 0, 3, 1433.25
1639558014, 0, 71, 153, 126, 19, 0.51%, 4, 0, 3, 1433.49
1639558019, 0, 93, 160, 127, 14, 0.52%, 4, 0, 3, 1421.72
1639558024, 0, 136, 174, 135, 8, 0.53%, 4, 0, 4, 1393.00
1639558029, 0, 143, 182, 140, 12, 0.55%, 4, 0, 4, 1366.19
1639558034, 0, 169, 187, 141, 8, 0.55%, 4, 0, 5, 1413.41
1639558039, 0, 171, 192, 145, 9, 0.55%, 4, 0, 5, 1389.69
1639558044, 0, 174, 200, 152, 8, 0.58%, 4, 0, 5, 1430.08
1639558049, 0, 176, 207, 158, 13, 0.60%, 5, 0, 5, 1422.35
1639558054, 0, 178, 214, 164, 12, 0.60%, 5, 0, 5, 1358.80
1639558059, 0, 185, 221, 170, 13, 0.60%, 5, 0, 6, 1413.03
1639558064, 0, 192, 223, 170, 12, 0.60%, 5, 0, 6, 1424.82
1639558070, 0, 197, 230, 173, 8, 0.61%, 5, 0, 6, 1416.90
1639558075, 0, 200, 239, 180, 8, 0.63%, 5, 0, 6, 1397.83
1639558080, 0, 201, 240, 180, 13, 0.63%, 5, 0, 6, 1416.96
1639558085, 0, 227, 247, 183, 9, 0.63%, 5, 0, 7, 1400.32
1639558090, 0, 229, 249, 184, 9, 0.63%, 5, 0, 7, 1419.82
1639558095, 0, 235, 251, 182, 6, 0.66%, 5, 0, 7, 1433.80
1639558100, 0, 239, 256, 184, 4, 0.66%, 5, 0, 7, 1409.21
1639558105, 0, 249, 269, 195, 3, 0.69%, 6, 0, 8, 1416.49
1639558110, 0, 257, 271, 195, 12, 0.69%, 6, 0, 8, 1408.34
1639558115, 0, 261, 273, 194, 11, 0.69%, 6, 0, 9, 1390.17
1639558120, 0, 264, 275, 193, 8, 0.70%, 7, 0, 9, 1410.68
1639558125, 0, 266, 277, 193, 6, 0.70%, 7, 0, 9, 1408.74
1639558130, 0, 269, 280, 193, 4, 0.70%, 8, 0, 9, 1419.58
1639558136, 0, 274, 283, 194, 2, 0.70%, 8, 0, 10, 1432.48
1639558141, 0, 276, 286, 196, 3, 0.70%, 8, 0, 10, 1444.31
1639558146, 0, 285, 289, 198, 2, 0.70%, 8, 0, 11, 1431.00
1639558151, 1, 105, 289, 196, 1, 0.70%, 8, 0, 11, 1432.72
1639558156, 1, 290, 293, 198, 1, 0.70%, 8, 0, 11, 1423.73
1639558161, 1, 292, 295, 199, 1, 0.70%, 8, 0, 11, 1380.07
1639558166, 1, 293, 295, 198, 0, 0.70%, 8, 0, 11, 1423.90
1639558171, 2, 16, 295, 193, 0, 0.70%, 8, 0, 11, 1392.70
1639558176, 2, 43, 296, 188, 0, 0.70%, 8, 0, 11, 1434.33
1639558181, 2, 71, 296, 187, 0, 0.70%, 8, 0, 11, 1387.96
1639558186, 2, 86, 299, 189, 0, 0.70%, 8, 0, 11, 1423.09
1639558191, 2, 107, 301, 185, 0, 0.70%, 8, 0, 11, 1321.56
1639558196, 2, 125, 301, 181, 0, 0.70%, 8, 0, 11, 1386.31
1639558201, 2, 145, 301, 175, 0, 0.70%, 8, 0, 11, 1432.38
1639558206, 2, 159, 301, 170, 0, 0.70%, 8, 0, 11, 1435.47
1639558212, 2, 175, 301, 168, 0, 0.70%, 8, 0, 11, 1449.27
1639558217, 2, 189, 301, 166, 0, 0.70%, 8, 0, 11, 1429.25
1639558222, 2, 196, 301, 164, 0, 0.70%, 9, 0, 11, 1420.66
1639558227, 2, 207, 301, 164, 0, 0.70%, 9, 0, 11, 1319.64
1639558232, 2, 220, 301, 161, 0, 0.70%, 9, 0, 11, 1081.53
1639558237, 2, 229, 301, 159, 0, 0.70%, 9, 0, 11, 1228.60
1639558242, 2, 235, 301, 157, 0, 0.70%, 9, 0, 11, 1359.80
1639558247, 2, 247, 301, 157, 0, 0.70%, 10, 0, 11, 2031.58
1639558252, 2, 259, 301, 152, 0, 0.70%, 10, 0, 11, 1783.18
1639558257, 2, 262, 302, 153, 0, 0.70%, 10, 0, 11, 1401.61
1639558262, 2, 266, 302, 153, 0, 0.70%, 10, 0, 11, 1443.12
1639558267, 2, 271, 302, 152, 0, 0.70%, 10, 0, 11, 1437.67
1639558272, 2, 274, 303, 152, 0, 0.70%, 10, 0, 11, 1430.58
1639558277, 2, 276, 303, 151, 0, 0.70%, 11, 0, 11, 1435.99
