# unix_time, cycles_done, cur_path, paths_total, pending_total, pending_favs, map_size, unique_crashes, unique_hangs, max_depth, execs_per_sec
1639595657, 0, 0, 834, 834, 95, 0.91%, 0, 0, 1, 1052.20
1639595662, 0, 58, 838, 831, 88, 0.91%, 1, 0, 2, 1229.73
1639595667, 0, 74, 840, 830, 86, 0.91%, 2, 0, 2, 1275.80
1639595672, 0, 221, 840, 820, 76, 0.91%, 3, 0, 2, 1312.62
1639595677, 0, 267, 840, 812, 68, 0.91%, 3, 0, 2, 1367.37
1639595682, 0, 352, 840, 804, 60, 0.91%, 4, 0, 2, 1371.08
1639595687, 0, 403, 840, 795, 52, 0.91%, 4, 0, 2, 1411.30
1639595692, 0, 481, 840, 782, 41, 0.91%, 5, 0, 2, 1442.71
1639595698, 0, 595, 840, 772, 31, 0.91%, 5, 0, 2, 1453.92
1639595703, 0, 664, 840, 764, 24, 0.91%, 6, 0, 2, 1452.39
1639595708, 0, 740, 840, 752, 13, 0.91%, 6, 0, 2, 1462.76
1639595713, 0, 806, 840, 743, 4, 0.91%, 8, 0, 2, 1296.86
1639595718, 1, 5, 840, 737, 0, 0.91%, 8, 0, 2, 1396.30
1639595723, 1, 42, 840, 730, 0, 0.91%, 9, 0, 2, 1281.01
1639595728, 1, 60, 841, 727, 0, 0.91%, 9, 0, 2, 1146.20
1639595733, 1, 86, 841, 724, 0, 0.91%, 9, 0, 2, 1074.91
1639595738, 1, 103, 841, 719, 0, 0.91%, 9, 0, 2, 1044.90
1639595743, 1, 127, 841, 714, 0, 0.91%, 9, 0, 2, 958.90
1639595749, 1, 140, 841, 710, 0, 0.91%, 9, 0, 2, 788.44
1639595754, 1, 153, 841, 706, 0, 0.91%, 9, 0, 2, 836.53
1639595759, 1, 198, 841, 697, 0, 0.91%, 9, 0, 2, 1410.45
1639595764, 1, 205, 841, 693, 0, 0.91%, 9, 0, 2, 742.72
1639595769, 1, 218, 841, 689, 0, 0.91%, 9, 0, 2, 695.50
1639595774, 1, 223, 841, 686, 0, 0.91%, 9, 0, 2, 727.32
1639595779, 1, 238, 841, 683, 0, 0.91%, 10, 0, 2, 763.87
1639595784, 1, 248, 841, 681, 0, 0.91%, 10, 0, 2, 715.88
1639595789, 1, 257, 841, 677, 0, 0.91%, 10, 0, 2, 763.31
1639595794, 1, 267, 841, 672, 0, 0.91%, 10, 0, 2, 863.32
1639595799, 1, 281, 841, 671, 0, 0.91%, 10, 0, 2, 976.48
1639595805, 1, 312, 841, 664, 0, 0.91%, 10, 0, 2, 1078.56
1639595810, 1, 348, 841, 656, 0, 0.91%, 10, 0, 2, 1212.83
1639595815, 1, 357, 842, 653, 0, 0.91%, 11, 0, 2, 1274.02
1639595820, 1, 376, 842, 647, 0, 0.91%, 11, 0, 2, 1322.53
1639595825, 1, 415, 842, 643, 0, 0.91%, 11, 0, 2, 1307.10
1639595830, 1, 434, 842, 637, 0, 0.91%, 11, 0, 2, 1292.84
1639595835, 1, 454, 842, 632, 0, 0.91%, 12, 0, 2, 1290.01
1639595840, 1, 479, 842, 625, 0, 0.91%, 14, 0, 2, 1247.03
1639595846, 1, 500, 842, 620, 0, 0.91%, 14, 0, 2, 962.68
1639595851, 1, 525, 842, 616, 0, 0.91%, 14, 0, 2, 1099.70
1639595856, 1, 559, 842, 611, 0, 0.91%, 14, 0, 2, 1163.87
1639595861, 1, 594, 842, 603, 0, 0.91%, 14, 0, 2, 1201.33
1639595866, 1, 620, 842, 599, 0, 0.91%, 15, 0, 2, 1196.06
1639595871, 1, 639, 842, 593, 0, 0.91%, 15, 0, 2, 1198.05
1639595876, 1, 676, 842, 587, 0, 0.91%, 16, 0, 2, 1210.28
1639595881, 1, 695, 842, 582, 0, 0.91%, 16, 0, 2, 1121.85
1639595886, 1, 721, 842, 579, 0, 0.91%, 16, 0, 2, 1210.81
1639595891, 1, 747, 842, 573, 0, 0.91%, 16, 0, 2, 1198.74
1639595896, 1, 762, 842, 568, 0, 0.91%, 16, 0, 2, 1188.59
1639595902, 1, 794, 842, 561, 0, 0.91%, 16, 0, 2, 1154.22
1639595907, 1, 806, 843, 557, 0, 0.91%, 16, 0, 2, 1150.47
1639595912, 1, 826, 843, 552, 0, 0.91%, 16, 0, 2, 1110.93
1639595917, 1, 836, 843, 548, 0, 0.91%, 16, 0, 2, 1156.82
1639595922, 1, 843, 846, 548, 0, 0.91%, 16, 0, 4, 1142.84
1639595927, 1, 843, 848, 550, 0, 0.91%, 16, 0, 4, 1174.71
1639595932, 2, 26, 848, 545, 0, 0.91%, 16, 0, 4, 1233.97
1639595937, 2, 58, 848, 538, 0, 0.91%, 16, 0, 4, 1246.12
1639595942, 2, 93, 848, 536, 0, 0.91%, 16, 0, 4, 1283.91
1639595947, 2, 120, 848, 530, 0, 0.91%, 16, 0, 4, 1319.28
