# unix_time, cycles_done, cur_path, paths_total, pending_total, pending_favs, map_size, unique_crashes, unique_hangs, max_depth, execs_per_sec
1639558581, 0, 0, 1, 1, 1, 0.12%, 0, 0, 1, 1600.00
1639558586, 0, 0, 78, 78, 1, 0.44%, 2, 0, 2, 1346.73
1639558591, 0, 8, 102, 99, 37, 0.47%, 3, 0, 3, 1300.66
1639558596, 0, 8, 111, 108, 37, 0.50%, 4, 0, 3, 1304.32
1639558601, 0, 32, 140, 125, 29, 0.52%, 4, 0, 3, 1338.32
1639558606, 0, 33, 148, 132, 28, 0.52%, 4, 0, 3, 1379.08
1639558611, 0, 58, 158, 132, 20, 0.53%, 4, 0, 3, 1430.36
1639558617, 0, 76, 165, 134, 17, 0.53%, 4, 0, 3, 1443.73
1639558622, 0, 128, 173, 133, 11, 0.54%, 4, 0, 4, 1454.51
1639558627, 0, 154, 177, 135, 8, 0.55%, 5, 0, 4, 1442.14
1639558632, 0, 170, 181, 135, 7, 0.55%, 5, 0, 5, 1449.22
1639558637, 0, 172, 185, 138, 8, 0.56%, 5, 0, 5, 1439.43
1639558642, 0, 179, 190, 140, 5, 0.56%, 5, 0, 5, 1445.06
1639558647, 1, 111, 193, 138, 1, 0.56%, 5, 0, 6, 1454.09
1639558652, 1, 139, 195, 133, 0, 0.56%, 5, 0, 6, 1459.76
1639558657, 1, 196, 200, 137, 1, 0.56%, 5, 0, 6, 1465.64
1639558662, 1, 197, 200, 136, 1, 0.56%, 5, 0, 6, 1464.16
1639558667, 1, 201, 203, 137, 1, 0.60%, 7, 0, 8, 1436.49
1639558672, 1, 201, 205, 139, 1, 0.61%, 8, 0, 8, 1463.43
1639558677, 1, 202, 205, 138, 3, 0.61%, 8, 0, 8, 1450.90
1639558682, 1, 203, 213, 145, 7, 0.63%, 8, 0, 9, 1459.76
1639558692, 1, 204, 217, 148, 7, 0.63%, 8, 0, 9, 1453.91
1639558697, 1, 204, 218, 149, 7, 0.63%, 8, 0, 9, 1479.59
1639558703, 1, 207, 222, 152, 6, 0.65%, 8, 0, 10, 1459.10
1639558708, 1, 208, 224, 153, 8, 0.65%, 8, 0, 10, 1484.94
1639558713, 1, 209, 225, 153, 7, 0.65%, 8, 0, 10, 1477.05
1639558718, 1, 209, 237, 165, 7, 0.68%, 8, 0, 10, 1455.05
1639558723, 1, 210, 242, 169, 12, 0.68%, 8, 0, 10, 1470.77
1639558728, 1, 211, 242, 168, 12, 0.68%, 8, 0, 10, 1462.48
1639558733, 1, 212, 245, 170, 11, 0.70%, 8, 0, 10, 1454.34
1639558738, 1, 218, 250, 174, 13, 0.71%, 8, 0, 11, 1429.82
1639558748, 1, 221, 251, 173, 13, 0.71%, 8, 0, 11, 1473.11
1639558753, 1, 228, 251, 172, 12, 0.71%, 8, 0, 11, 1472.23
1639558758, 1, 230, 252, 171, 10, 0.71%, 8, 0, 11, 1470.73
1639558763, 1, 231, 252, 170, 9, 0.71%, 8, 0, 11, 1447.60
1639558768, 1, 232, 253, 170, 8, 0.71%, 8, 0, 11, 1429.19
1639558773, 1, 238, 254, 170, 7, 0.71%, 8, 0, 11, 1451.99
1639558778, 1, 241, 259, 174, 7, 0.71%, 8, 0, 11, 1466.27
1639558783, 1, 242, 260, 174, 7, 0.71%, 8, 0, 11, 1461.25
1639558789, 1, 243, 260, 173, 6, 0.71%, 8, 0, 11, 1450.92
1639558794, 1, 244, 262, 174, 5, 0.72%, 8, 0, 11, 1443.56
1639558799, 1, 244, 262, 174, 5, 0.72%, 9, 0, 11, 1412.90
1639558804, 1, 249, 272, 183, 5, 0.73%, 9, 0, 12, 1417.15
1639558809, 1, 250, 275, 185, 8, 0.73%, 10, 0, 12, 1418.35
1639558814, 1, 253, 278, 187, 7, 0.73%, 10, 0, 12, 1455.81
1639558819, 1, 258, 281, 189, 7, 0.73%, 11, 0, 12, 1391.24
1639558824, 1, 261, 285, 192, 6, 0.75%, 11, 0, 12, 1458.20
1639558829, 1, 264, 285, 191, 8, 0.75%, 11, 0, 12, 1451.39
1639558834, 1, 264, 289, 195, 8, 0.76%, 11, 0, 13, 1444.79
1639558840, 1, 266, 292, 197, 9, 0.76%, 11, 0, 13, 1451.17
1639558845, 1, 268, 295, 199, 8, 0.76%, 11, 0, 13, 1449.03
1639558850, 1, 276, 297, 200, 8, 0.76%, 11, 0, 13, 1448.40
1639558855, 1, 280, 298, 200, 7, 0.76%, 12, 0, 13, 1471.98
1639558860, 1, 282, 301, 202, 7, 0.76%, 12, 0, 13, 2151.85
1639558865, 1, 282, 303, 204, 7, 0.76%, 12, 0, 13, 1538.53
1639558870, 1, 283, 307, 207, 7, 0.77%, 12, 0, 13, 1454.30
1639558875, 1, 283, 312, 212, 7, 0.78%, 12, 0, 13, 1450.29
1639558880, 1, 284, 314, 213, 12, 0.78%, 12, 0, 13, 1438.78
