# unix_time, cycles_done, cur_path, paths_total, pending_total, pending_favs, map_size, unique_crashes, unique_hangs, max_depth, execs_per_sec
1639441704, 0, 0, 1, 1, 1, 0.12%, 0, 0, 1, 1333.33
1639441709, 0, 0, 81, 81, 1, 0.45%, 3, 0, 2, 1410.87
1639441715, 0, 17, 110, 104, 35, 0.46%, 4, 0, 3, 1433.56
1639441720, 0, 24, 127, 118, 33, 0.48%, 6, 0, 3, 1437.55
1639441725, 0, 31, 137, 124, 34, 0.51%, 6, 0, 3, 1429.91
1639441730, 0, 49, 149, 127, 24, 0.52%, 7, 0, 3, 1433.44
1639441735, 0, 63, 155, 129, 26, 0.52%, 8, 0, 3, 1395.24
1639441740, 0, 84, 168, 136, 20, 0.53%, 8, 0, 3, 1410.86
1639441745, 0, 90, 173, 138, 17, 0.53%, 9, 0, 3, 1357.44
1639441750, 0, 129, 183, 143, 14, 0.56%, 9, 0, 4, 1424.99
1639441755, 0, 158, 192, 145, 11, 0.57%, 9, 0, 4, 1451.96
1639441760, 0, 163, 202, 153, 13, 0.57%, 9, 0, 4, 1419.93
1639441765, 0, 178, 204, 152, 10, 0.57%, 9, 0, 5, 1428.08
1639441770, 0, 179, 211, 158, 11, 0.61%, 9, 0, 5, 1389.11
1639441775, 0, 189, 217, 161, 16, 0.62%, 10, 0, 5, 1421.00
1639441780, 0, 191, 220, 162, 15, 0.62%, 10, 0, 5, 1427.26
1639441785, 0, 205, 226, 164, 11, 0.62%, 10, 0, 6, 1435.50
1639441791, 0, 207, 230, 166, 12, 0.63%, 10, 0, 6, 1428.73
1639441796, 0, 211, 232, 164, 8, 0.63%, 10, 0, 6, 1424.24
1639441801, 0, 215, 239, 169, 6, 0.64%, 11, 0, 6, 1441.65
1639441806, 0, 226, 246, 173, 6, 0.65%, 11, 0, 7, 1442.05
1639441811, 0, 233, 247, 173, 8, 0.65%, 11, 0, 7, 1441.87
1639441816, 0, 236, 251, 175, 7, 0.65%, 13, 0, 7, 1387.58
1639441821, 0, 243, 255, 176, 7, 0.65%, 14, 0, 8, 1425.64
1639441826, 0, 245, 261, 181, 7, 0.66%, 14, 0, 8, 1426.41
1639441831, 0, 249, 263, 181, 6, 0.66%, 15, 0, 8, 1419.72
1639441836, 0, 254, 264, 180, 4, 0.66%, 15, 0, 8, 1435.98
1639441841, 0, 256, 267, 182, 4, 0.66%, 15, 0, 9, 1445.97
1639441846, 0, 259, 270, 184, 3, 0.66%, 15, 0, 9, 1443.02
1639441852, 0, 264, 271, 184, 2, 0.66%, 15, 0, 10, 1421.63
1639441857, 1, 88, 272, 181, 0, 0.66%, 15, 0, 10, 1425.06
1639441862, 1, 110, 272, 178, 0, 0.66%, 16, 0, 10, 1447.43
1639441867, 1, 131, 273, 175, 0, 0.66%, 16, 0, 10, 1458.87
1639441872, 1, 273, 274, 173, 1, 0.66%, 16, 0, 10, 1463.49
1639441877, 2, 121, 275, 169, 1, 0.67%, 16, 0, 10, 1441.58
1639441882, 2, 239, 280, 173, 1, 0.67%, 16, 0, 10, 1435.27
1639441887, 2, 277, 282, 173, 1, 0.67%, 16, 0, 10, 1439.54
1639441892, 2, 277, 283, 174, 1, 0.67%, 16, 0, 10, 1449.61
1639441897, 2, 281, 285, 175, 0, 0.67%, 17, 0, 10, 1448.70
1639441902, 3, 19, 285, 173, 0, 0.67%, 17, 0, 10, 1397.27
1639441907, 3, 287, 289, 174, 1, 0.67%, 17, 0, 10, 1361.85
1639441912, 4, 11, 291, 173, 0, 0.67%, 17, 0, 10, 1368.33
1639441918, 4, 45, 292, 173, 0, 0.67%, 17, 0, 10, 1447.31
1639441923, 4, 63, 292, 171, 0, 0.67%, 17, 0, 10, 1455.13
1639441928, 4, 80, 295, 170, 0, 0.67%, 18, 0, 10, 1454.99
1639441933, 4, 96, 296, 168, 0, 0.67%, 18, 0, 10, 1440.32
1639441938, 4, 125, 297, 163, 0, 0.67%, 18, 0, 10, 1410.19
1639441943, 4, 145, 297, 159, 0, 0.67%, 18, 0, 10, 1446.83
1639441948, 4, 178, 297, 151, 0, 0.67%, 18, 0, 10, 1450.93
1639441953, 4, 190, 298, 150, 0, 0.67%, 18, 0, 10, 1446.36
1639441958, 4, 202, 299, 151, 0, 0.67%, 18, 0, 10, 1407.54
1639441963, 4, 209, 300, 151, 0, 0.67%, 18, 0, 10, 1445.21
1639441968, 4, 215, 300, 151, 0, 0.67%, 18, 0, 10, 1412.17
1639441973, 4, 233, 300, 150, 0, 0.67%, 18, 0, 10, 1449.25
1639441978, 4, 249, 300, 149, 0, 0.67%, 18, 0, 10, 1436.45
1639441983, 4, 250, 302, 151, 0, 0.67%, 18, 0, 10, 1437.88
1639441988, 4, 256, 303, 152, 0, 0.67%, 18, 0, 10, 1430.95
1639441993, 4, 260, 303, 152, 0, 0.67%, 18, 0, 10, 1437.93
1639441998, 4, 265, 304, 152, 0, 0.67%, 18, 0, 10, 1418.24
1639442003, 4, 274, 304, 149, 0, 0.67%, 18, 0, 10, 2149.44
