# unix_time, cycles_done, cur_path, paths_total, pending_total, pending_favs, map_size, unique_crashes, unique_hangs, max_depth, execs_per_sec
1639483029, 0, 0, 877, 877, 84, 0.74%, 0, 0, 1, 1282.16
1639483034, 0, 108, 877, 866, 74, 0.74%, 3, 0, 1, 1388.54
1639483039, 0, 177, 877, 854, 62, 0.74%, 3, 0, 1, 1400.42
1639483044, 0, 220, 877, 844, 54, 0.74%, 3, 0, 1, 1408.03
1639483049, 0, 302, 877, 836, 46, 0.74%, 5, 0, 1, 1399.36
1639483054, 0, 384, 877, 827, 37, 0.74%, 7, 0, 1, 1402.43
1639483059, 0, 484, 877, 818, 29, 0.74%, 7, 0, 1, 1401.51
1639483064, 0, 620, 877, 810, 21, 0.74%, 7, 0, 1, 1394.60
1639483070, 0, 714, 878, 800, 11, 0.74%, 8, 0, 2, 1591.15
1639483075, 0, 789, 878, 792, 5, 0.74%, 8, 0, 2, 1450.52
1639483080, 1, 17, 878, 783, 0, 0.74%, 8, 0, 2, 1438.22
1639483085, 1, 50, 879, 777, 0, 0.74%, 8, 0, 2, 1433.72
1639483090, 1, 104, 879, 768, 0, 0.74%, 8, 0, 2, 1431.37
1639483095, 1, 134, 879, 762, 0, 0.74%, 9, 0, 2, 1427.02
1639483101, 1, 159, 879, 757, 0, 0.74%, 9, 0, 2, 1398.38
1639483106, 1, 174, 879, 751, 0, 0.74%, 9, 0, 2, 1424.91
1639483111, 1, 213, 879, 747, 0, 0.74%, 9, 0, 2, 1441.67
1639483116, 1, 242, 879, 741, 0, 0.74%, 9, 0, 2, 1387.22
1639483121, 1, 269, 879, 736, 0, 0.74%, 9, 0, 2, 1411.32
1639483126, 1, 295, 879, 727, 0, 0.74%, 9, 0, 2, 1427.66
1639483131, 1, 321, 879, 723, 0, 0.74%, 9, 0, 2, 1434.49
1639483136, 1, 355, 879, 719, 0, 0.74%, 10, 0, 2, 1434.44
1639483141, 1, 384, 879, 711, 0, 0.74%, 10, 0, 2, 1436.47
1639483147, 1, 408, 879, 704, 0, 0.74%, 10, 0, 2, 1418.81
1639483152, 1, 440, 879, 695, 0, 0.74%, 10, 0, 2, 1431.14
1639483157, 1, 459, 879, 687, 0, 0.74%, 10, 0, 2, 1429.55
1639483162, 1, 498, 879, 681, 0, 0.74%, 10, 0, 2, 1426.17
1639483167, 1, 518, 879, 676, 0, 0.74%, 10, 0, 2, 1430.35
1639483172, 1, 550, 879, 666, 0, 0.74%, 10, 0, 2, 1423.05
1639483177, 1, 572, 879, 659, 0, 0.74%, 10, 0, 2, 1325.33
1639483183, 1, 595, 879, 653, 0, 0.74%, 11, 0, 2, 1394.37
1639483188, 1, 636, 879, 645, 0, 0.74%, 11, 0, 2, 1419.62
1639483193, 1, 661, 879, 638, 0, 0.74%, 11, 0, 2, 1413.81
1639483198, 1, 681, 879, 634, 0, 0.74%, 11, 0, 2, 1429.51
1639483203, 1, 722, 879, 626, 0, 0.74%, 11, 0, 2, 1424.59
1639483208, 1, 740, 879, 621, 0, 0.74%, 11, 0, 2, 1403.00
1639483214, 1, 762, 879, 611, 0, 0.74%, 11, 0, 2, 1429.58
1639483219, 1, 784, 879, 604, 0, 0.74%, 11, 0, 2, 1429.55
1639483224, 1, 812, 879, 598, 0, 0.74%, 11, 0, 2, 1412.17
1639483229, 1, 843, 879, 590, 0, 0.74%, 11, 0, 2, 1404.28
1639483234, 1, 867, 879, 582, 0, 0.74%, 11, 0, 2, 1425.85
1639483239, 2, 17, 879, 578, 0, 0.74%, 11, 0, 2, 1396.04
1639483244, 2, 51, 879, 571, 0, 0.74%, 11, 0, 2, 1388.35
1639483249, 2, 84, 879, 565, 0, 0.74%, 11, 0, 2, 1352.17
1639483254, 2, 136, 879, 562, 0, 0.74%, 11, 0, 2, 1378.95
1639483259, 2, 176, 879, 558, 0, 0.74%, 11, 0, 2, 1418.72
1639483264, 2, 203, 879, 553, 0, 0.74%, 11, 0, 2, 1441.96
1639483269, 2, 223, 879, 549, 0, 0.74%, 11, 0, 2, 1427.60
1639483274, 2, 245, 879, 543, 0, 0.74%, 11, 0, 2, 1422.63
1639483280, 2, 269, 879, 537, 0, 0.74%, 11, 0, 2, 1400.20
1639483285, 2, 300, 879, 532, 0, 0.74%, 11, 0, 2, 1421.00
1639483290, 2, 320, 879, 526, 0, 0.74%, 12, 0, 2, 1422.22
1639483295, 2, 348, 879, 521, 0, 0.74%, 12, 0, 2, 1434.42
1639483300, 2, 397, 879, 517, 0, 0.74%, 12, 0, 2, 1436.48
1639483305, 2, 438, 879, 509, 0, 0.74%, 12, 0, 2, 1423.55
1639483310, 2, 484, 879, 505, 0, 0.74%, 12, 0, 2, 1403.55
1639483315, 2, 510, 879, 499, 0, 0.74%, 12, 0, 2, 1408.09
1639483320, 2, 565, 879, 492, 0, 0.74%, 12, 0, 2, 1410.80
