# unix_time, cycles_done, cur_path, paths_total, pending_total, pending_favs, map_size, unique_crashes, unique_hangs, max_depth, execs_per_sec
1639473717, 0, 0, 1, 1, 1, 0.12%, 0, 0, 1, 2000.00
1639473723, 0, 0, 79, 79, 1, 0.45%, 5, 0, 2, 1524.41
1639473728, 0, 16, 107, 101, 38, 0.51%, 7, 0, 3, 1416.12
1639473733, 0, 16, 111, 105, 38, 0.51%, 7, 0, 3, 1420.04
1639473738, 0, 19, 128, 120, 38, 0.52%, 7, 0, 3, 1404.49
1639473743, 0, 32, 149, 133, 33, 0.53%, 8, 0, 3, 1384.54
1639473748, 0, 54, 156, 131, 25, 0.54%, 8, 0, 3, 1398.45
1639473753, 0, 59, 163, 134, 25, 0.54%, 9, 0, 3, 1885.48
1639473758, 0, 104, 179, 141, 17, 0.55%, 9, 0, 4, 1525.50
1639473763, 0, 139, 190, 146, 16, 0.57%, 10, 0, 4, 1394.59
1639473769, 0, 152, 195, 147, 12, 0.57%, 10, 0, 4, 1367.02
1639473774, 0, 165, 200, 148, 10, 0.58%, 10, 0, 4, 1392.18
1639473779, 0, 179, 204, 150, 8, 0.59%, 11, 0, 5, 1380.79
1639473784, 0, 187, 210, 153, 9, 0.60%, 11, 0, 5, 1397.40
1639473789, 0, 191, 213, 155, 11, 0.61%, 11, 0, 5, 1393.11
1639473794, 0, 199, 216, 156, 9, 0.61%, 11, 0, 5, 1326.53
1639473799, 0, 203, 219, 156, 7, 0.61%, 15, 0, 6, 1252.27
1639473804, 0, 208, 224, 159, 5, 0.61%, 15, 0, 6, 1306.99
1639473809, 0, 212, 235, 167, 7, 0.64%, 15, 0, 6, 1305.24
1639473814, 0, 225, 241, 170, 6, 0.64%, 16, 0, 6, 1374.04
1639473819, 0, 233, 245, 170, 4, 0.65%, 16, 0, 7, 1377.04
1639473824, 0, 245, 251, 173, 3, 0.66%, 16, 0, 8, 1370.25
1639473830, 0, 248, 255, 176, 2, 0.66%, 17, 0, 9, 1351.53
1639473835, 0, 249, 258, 178, 2, 0.66%, 17, 0, 9, 1374.42
1639473840, 0, 254, 265, 184, 2, 0.67%, 17, 0, 10, 1377.66
1639473845, 0, 256, 267, 185, 3, 0.67%, 17, 0, 10, 1392.90
1639473850, 0, 256, 269, 187, 3, 0.67%, 17, 0, 10, 1393.89
1639473855, 0, 259, 272, 189, 2, 0.67%, 17, 0, 11, 1346.22
1639473860, 0, 264, 277, 193, 2, 0.67%, 17, 0, 11, 1329.14
1639473865, 0, 272, 279, 193, 1, 0.67%, 17, 0, 12, 1395.89
1639473870, 1, 20, 280, 192, 0, 0.67%, 17, 0, 12, 1394.24
1639473876, 1, 52, 280, 188, 0, 0.67%, 17, 0, 12, 1282.92
1639473881, 1, 96, 282, 187, 0, 0.67%, 18, 0, 12, 1283.75
1639473886, 1, 123, 282, 181, 0, 0.67%, 18, 0, 12, 1369.89
1639473891, 1, 138, 282, 178, 0, 0.67%, 18, 0, 12, 1347.20
1639473896, 1, 161, 282, 173, 0, 0.67%, 18, 0, 12, 1345.46
1639473901, 1, 179, 282, 170, 0, 0.67%, 18, 0, 12, 1341.56
1639473906, 1, 191, 282, 169, 0, 0.67%, 19, 0, 12, 1352.76
1639473911, 1, 199, 283, 168, 0, 0.67%, 19, 0, 12, 1358.76
1639473916, 1, 208, 283, 168, 0, 0.67%, 20, 0, 12, 1340.49
1639473921, 1, 215, 283, 168, 0, 0.67%, 20, 0, 12, 1302.16
1639473926, 1, 225, 283, 165, 0, 0.67%, 20, 0, 12, 1302.14
1639473931, 1, 241, 283, 165, 0, 0.67%, 20, 0, 12, 1341.48
1639473937, 1, 256, 283, 164, 0, 0.67%, 20, 0, 12, 1340.54
1639473942, 1, 258, 284, 165, 0, 0.67%, 21, 0, 12, 1339.49
1639473947, 1, 259, 285, 165, 0, 0.67%, 21, 0, 12, 1339.99
1639473952, 1, 264, 285, 164, 0, 0.67%, 21, 0, 12, 1304.79
1639473957, 1, 277, 289, 167, 0, 0.67%, 21, 0, 12, 1322.84
1639473967, 1, 282, 289, 165, 0, 0.67%, 21, 0, 12, 1336.26
1639473972, 1, 287, 292, 167, 0, 0.67%, 21, 0, 12, 1346.66
1639473977, 1, 288, 293, 167, 0, 0.67%, 21, 0, 13, 1348.80
1639473982, 2, 10, 293, 162, 0, 0.67%, 21, 0, 13, 1351.30
1639473987, 2, 25, 293, 160, 0, 0.67%, 21, 0, 13, 1349.58
1639473992, 2, 293, 295, 159, 1, 0.67%, 21, 0, 13, 1349.84
1639473997, 3, 19, 295, 156, 0, 0.67%, 21, 0, 13, 1341.95
1639474002, 3, 53, 295, 154, 0, 0.67%, 21, 0, 13, 1357.16
1639474008, 3, 77, 295, 151, 0, 0.67%, 21, 0, 13, 1345.53
1639474013, 4, 14, 297, 151, 0, 0.67%, 21, 0, 13, 1340.71
