# unix_time, cycles_done, cur_path, paths_total, pending_total, pending_favs, map_size, unique_crashes, unique_hangs, max_depth, execs_per_sec
1639475526, 0, 0, 1, 1, 1, 0.12%, 0, 0, 1, 2000.00
1639475531, 0, 0, 70, 70, 1, 0.45%, 4, 0, 2, 1530.75
1639475536, 0, 9, 103, 99, 35, 0.48%, 5, 0, 3, 1386.19
1639475542, 0, 14, 125, 117, 33, 0.49%, 7, 0, 3, 1378.52
1639475547, 0, 25, 128, 115, 32, 0.50%, 7, 0, 3, 1392.45
1639475552, 0, 47, 135, 112, 23, 0.51%, 7, 0, 3, 1411.18
1639475557, 0, 77, 144, 111, 15, 0.52%, 7, 0, 3, 1391.49
1639475562, 0, 104, 154, 116, 12, 0.53%, 8, 0, 4, 1372.75
1639475567, 0, 118, 158, 118, 13, 0.54%, 9, 0, 4, 1376.07
1639475572, 0, 138, 164, 118, 9, 0.54%, 9, 0, 4, 1350.24
1639475577, 0, 151, 170, 120, 6, 0.55%, 9, 0, 5, 1373.99
1639475582, 0, 155, 173, 122, 9, 0.55%, 10, 0, 5, 1401.03
1639475587, 0, 155, 181, 130, 9, 0.57%, 11, 0, 5, 1341.62
1639475593, 0, 159, 192, 139, 12, 0.58%, 11, 0, 5, 1388.07
1639475598, 0, 164, 195, 141, 13, 0.59%, 11, 0, 5, 1377.43
1639475603, 0, 167, 198, 143, 14, 0.59%, 11, 0, 6, 1356.10
1639475608, 0, 168, 205, 149, 14, 0.60%, 11, 0, 6, 1357.64
1639475613, 0, 176, 207, 148, 12, 0.60%, 12, 0, 6, 1371.88
1639475618, 0, 187, 212, 150, 11, 0.61%, 12, 0, 6, 1415.29
1639475623, 0, 194, 214, 148, 7, 0.61%, 12, 0, 6, 1384.02
1639475628, 0, 199, 218, 150, 5, 0.61%, 12, 0, 7, 1373.34
1639475633, 0, 200, 221, 152, 4, 0.61%, 12, 0, 7, 1384.95
1639475638, 0, 208, 224, 154, 3, 0.62%, 12, 0, 7, 1395.03
1639475643, 0, 225, 230, 156, 4, 0.65%, 12, 0, 8, 1397.80
1639475648, 0, 226, 235, 160, 6, 0.65%, 12, 0, 9, 1377.18
1639475653, 0, 232, 237, 160, 5, 0.68%, 12, 0, 9, 1347.34
1639475658, 0, 233, 244, 166, 5, 0.69%, 12, 0, 9, 1350.05
1639475663, 0, 235, 251, 172, 6, 0.70%, 13, 0, 9, 1353.69
1639475668, 0, 236, 263, 183, 5, 0.72%, 13, 0, 10, 1347.46
1639475673, 0, 238, 267, 186, 13, 0.72%, 13, 0, 10, 1364.99
1639475678, 0, 242, 269, 186, 13, 0.72%, 13, 0, 10, 1338.02
1639475684, 0, 253, 271, 186, 10, 0.72%, 13, 0, 10, 1374.71
1639475689, 0, 257, 275, 187, 8, 0.72%, 13, 0, 11, 1392.37
1639475694, 0, 260, 276, 185, 6, 0.72%, 14, 0, 11, 1395.66
1639475699, 0, 262, 282, 189, 8, 0.74%, 14, 0, 11, 1377.40
1639475704, 0, 268, 285, 191, 7, 0.74%, 14, 0, 11, 1382.11
1639475709, 0, 275, 289, 193, 6, 0.74%, 14, 0, 12, 1372.86
1639475714, 0, 277, 292, 194, 5, 0.74%, 14, 0, 12, 1377.08
1639475719, 0, 279, 295, 196, 5, 0.74%, 14, 0, 12, 1772.94
1639475724, 0, 288, 298, 198, 4, 0.74%, 14, 0, 13, 1683.11
1639475729, 1, 107, 299, 196, 1, 0.74%, 14, 0, 13, 1467.44
1639475734, 1, 256, 300, 193, 0, 0.74%, 14, 0, 13, 1398.95
1639475740, 1, 260, 300, 193, 0, 0.74%, 14, 0, 13, 1395.47
1639475745, 1, 266, 301, 194, 0, 0.74%, 14, 0, 13, 1393.93
1639475750, 1, 271, 303, 193, 0, 0.74%, 14, 0, 13, 1496.99
1639475755, 1, 276, 303, 191, 0, 0.74%, 14, 0, 13, 1359.88
1639475760, 1, 284, 304, 191, 0, 0.74%, 14, 0, 13, 1363.13
1639475765, 1, 287, 304, 189, 0, 0.74%, 14, 0, 13, 1369.64
1639475770, 1, 293, 304, 188, 0, 0.74%, 14, 0, 13, 1395.50
1639475775, 1, 294, 309, 193, 0, 0.74%, 14, 0, 13, 1336.00
1639475780, 1, 295, 311, 194, 0, 0.74%, 14, 0, 13, 1358.44
1639475785, 1, 304, 313, 195, 0, 0.74%, 14, 0, 14, 1366.46
1639475795, 1, 308, 313, 194, 0, 0.74%, 14, 0, 14, 1390.54
1639475800, 1, 312, 314, 194, 0, 0.74%, 14, 0, 15, 1371.84
1639475805, 2, 28, 314, 191, 0, 0.74%, 15, 0, 15, 1375.92
1639475810, 2, 50, 317, 192, 0, 0.74%, 15, 0, 15, 1365.41
1639475815, 2, 76, 317, 189, 0, 0.74%, 15, 0, 15, 1377.92
1639475820, 2, 98, 317, 185, 0, 0.74%, 15, 0, 15, 1402.93
1639475826, 2, 124, 317, 182, 0, 0.74%, 15, 0, 15, 1353.46
