# unix_time, cycles_done, cur_path, paths_total, pending_total, pending_favs, map_size, unique_crashes, unique_hangs, max_depth, execs_per_sec
1639446830, 0, 0, 1, 1, 1, 0.12%, 0, 0, 1, 1333.33
1639446835, 0, 0, 82, 82, 1, 0.43%, 1, 0, 2, 1392.65
1639446840, 0, 10, 117, 114, 43, 0.48%, 2, 0, 3, 1405.14
1639446845, 0, 15, 129, 122, 40, 0.48%, 3, 0, 3, 1419.87
1639446850, 0, 18, 136, 128, 39, 0.51%, 6, 0, 3, 1419.21
1639446855, 0, 32, 162, 148, 36, 0.53%, 6, 0, 3, 1399.85
1639446860, 0, 62, 177, 152, 25, 0.53%, 6, 0, 3, 1392.88
1639446865, 0, 105, 182, 146, 16, 0.55%, 7, 0, 3, 1435.76
1639446870, 0, 132, 188, 147, 12, 0.55%, 7, 0, 4, 1403.18
1639446876, 0, 133, 194, 152, 15, 0.56%, 7, 0, 4, 1415.50
1639446881, 0, 174, 202, 153, 13, 0.58%, 8, 0, 4, 1554.63
1639446886, 0, 177, 215, 165, 12, 0.60%, 8, 0, 4, 2089.56
1639446891, 0, 191, 219, 164, 12, 0.62%, 10, 0, 5, 1509.32
1639446896, 0, 191, 223, 168, 12, 0.62%, 10, 0, 5, 1400.66
1639446901, 0, 199, 225, 166, 10, 0.62%, 10, 0, 5, 1426.85
1639446906, 0, 206, 227, 166, 8, 0.62%, 10, 0, 5, 1407.15
1639446911, 0, 217, 235, 170, 4, 0.64%, 10, 0, 6, 1433.01
1639446916, 0, 218, 239, 173, 11, 0.65%, 10, 0, 6, 1420.46
1639446921, 0, 220, 242, 175, 12, 0.65%, 12, 0, 6, 1395.99
1639446926, 0, 223, 244, 176, 11, 0.65%, 13, 0, 6, 1430.93
1639446931, 0, 228, 249, 179, 10, 0.65%, 13, 0, 7, 1419.35
1639446936, 0, 230, 251, 179, 8, 0.66%, 13, 0, 7, 1403.82
1639446941, 0, 236, 253, 178, 6, 0.66%, 13, 0, 7, 1427.24
1639446946, 0, 239, 260, 183, 4, 0.66%, 14, 0, 7, 1379.48
1639446952, 0, 250, 262, 182, 3, 0.66%, 14, 0, 8, 1417.44
1639446957, 1, 14, 262, 177, 0, 0.66%, 14, 0, 8, 1419.67
1639446962, 1, 47, 263, 175, 0, 0.66%, 14, 0, 8, 1415.92
1639446967, 1, 263, 268, 179, 1, 0.67%, 15, 0, 8, 1418.47
1639446972, 1, 265, 270, 180, 1, 0.70%, 15, 0, 8, 1356.02
1639446977, 1, 269, 272, 181, 1, 0.71%, 16, 0, 8, 1382.56
1639446982, 1, 271, 274, 182, 1, 0.72%, 16, 0, 8, 1409.56
1639446992, 1, 274, 277, 183, 0, 0.72%, 16, 0, 9, 1390.53
1639446997, 1, 275, 277, 182, 1, 0.72%, 16, 0, 9, 1411.44
1639447002, 1, 276, 277, 181, 0, 0.72%, 16, 0, 9, 1421.46
1639447007, 2, 29, 277, 176, 0, 0.72%, 16, 0, 9, 1418.42
1639447012, 2, 62, 277, 171, 0, 0.72%, 16, 0, 9, 1426.02
1639447017, 2, 91, 279, 168, 0, 0.72%, 16, 0, 9, 1445.68
1639447022, 2, 114, 280, 164, 0, 0.72%, 16, 0, 9, 1436.81
1639447028, 2, 144, 281, 160, 0, 0.72%, 16, 0, 9, 1433.61
1639447033, 2, 174, 283, 159, 0, 0.72%, 16, 0, 9, 1416.20
1639447038, 2, 189, 283, 157, 0, 0.72%, 16, 0, 9, 1348.60
1639447043, 2, 198, 283, 155, 0, 0.72%, 16, 0, 9, 1414.05
1639447048, 2, 201, 284, 156, 0, 0.72%, 16, 0, 9, 1404.04
1639447053, 2, 212, 286, 157, 0, 0.72%, 16, 0, 9, 1413.56
1639447058, 2, 223, 287, 158, 0, 0.72%, 16, 0, 9, 1419.03
1639447063, 2, 231, 287, 158, 0, 0.72%, 16, 0, 9, 1414.92
1639447068, 2, 236, 291, 161, 0, 0.73%, 16, 0, 9, 1413.32
1639447074, 2, 288, 298, 167, 3, 0.73%, 16, 0, 9, 1416.85
1639447079, 2, 291, 298, 165, 2, 0.73%, 16, 0, 9, 1417.58
1639447084, 2, 297, 300, 166, 1, 0.73%, 17, 0, 9, 1415.44
1639447089, 2, 299, 301, 166, 1, 0.73%, 17, 0, 10, 1416.08
1639447094, 2, 300, 306, 170, 1, 0.73%, 17, 0, 11, 1428.05
1639447104, 2, 302, 307, 170, 0, 0.73%, 17, 0, 12, 1429.95
1639447109, 3, 29, 307, 166, 0, 0.73%, 17, 0, 12, 1435.29
1639447114, 3, 61, 308, 163, 0, 0.73%, 17, 0, 12, 1424.72
1639447119, 3, 89, 308, 158, 0, 0.73%, 17, 0, 12, 1419.46
1639447124, 3, 135, 308, 152, 0, 0.73%, 17, 0, 12, 1422.20
1639447129, 3, 159, 308, 147, 0, 0.73%, 17, 0, 12, 1422.02
