# unix_time, cycles_done, cur_path, paths_total, pending_total, pending_favs, map_size, unique_crashes, unique_hangs, max_depth, execs_per_sec
1639513503, 0, 0, 645, 645, 92, 0.90%, 0, 0, 1, 1200.84
1639513509, 0, 64, 645, 637, 85, 0.90%, 2, 0, 1, 1340.23
1639513514, 0, 127, 645, 629, 77, 0.90%, 4, 0, 1, 1390.57
1639513519, 0, 224, 645, 619, 67, 0.90%, 4, 0, 1, 1389.41
1639513524, 0, 265, 645, 609, 57, 0.90%, 4, 0, 1, 1385.53
1639513529, 0, 319, 645, 600, 48, 0.90%, 4, 0, 1, 1399.29
1639513534, 0, 372, 645, 591, 39, 0.90%, 4, 0, 1, 1336.26
1639513539, 0, 400, 645, 586, 34, 0.90%, 7, 0, 1, 1180.62
1639513544, 0, 435, 645, 580, 28, 0.90%, 7, 0, 1, 1051.12
1639513550, 0, 490, 645, 571, 20, 0.90%, 8, 0, 1, 1079.53
1639513555, 0, 542, 645, 563, 14, 0.90%, 8, 0, 1, 1044.01
1639513560, 0, 585, 645, 557, 8, 0.90%, 9, 0, 1, 1048.51
1639513565, 1, 5, 645, 546, 0, 0.90%, 9, 0, 1, 1081.13
1639513570, 1, 28, 645, 543, 0, 0.90%, 9, 0, 1, 1220.19
1639513575, 1, 54, 645, 536, 0, 0.90%, 9, 0, 1, 1359.34
1639513580, 1, 74, 645, 531, 0, 0.90%, 9, 0, 1, 1422.80
1639513585, 1, 104, 645, 524, 0, 0.90%, 9, 0, 1, 1433.37
1639513590, 1, 135, 645, 519, 0, 0.90%, 9, 0, 1, 1449.35
1639513595, 1, 158, 645, 516, 0, 0.90%, 9, 0, 1, 1447.80
1639513601, 1, 205, 646, 510, 0, 0.90%, 10, 0, 2, 1458.31
1639513606, 1, 230, 646, 504, 0, 0.90%, 10, 0, 2, 1454.30
1639513611, 1, 255, 646, 498, 0, 0.90%, 10, 0, 2, 1457.30
1639513616, 1, 283, 646, 492, 0, 0.90%, 10, 0, 2, 1479.40
1639513621, 1, 296, 646, 489, 0, 0.90%, 10, 0, 2, 1467.91
1639513626, 1, 328, 646, 484, 0, 0.90%, 10, 0, 2, 1455.93
1639513631, 1, 349, 646, 477, 0, 0.90%, 11, 0, 2, 1465.87
1639513636, 1, 372, 646, 471, 0, 0.90%, 11, 0, 2, 1478.78
1639513641, 1, 406, 646, 466, 0, 0.90%, 11, 0, 2, 1793.42
1639513646, 1, 426, 647, 462, 0, 0.90%, 11, 0, 2, 1519.12
1639513651, 2, 8, 647, 456, 0, 0.90%, 12, 0, 2, 1469.12
1639513656, 2, 27, 647, 452, 0, 0.90%, 13, 0, 2, 1443.04
1639513661, 2, 64, 647, 446, 0, 0.90%, 13, 0, 2, 1445.66
1639513666, 2, 341, 648, 441, 1, 0.90%, 13, 0, 2, 1442.94
1639513671, 2, 648, 654, 443, 1, 0.91%, 14, 0, 4, 1420.21
1639513676, 2, 648, 656, 445, 1, 0.91%, 14, 0, 4, 1422.41
1639513682, 2, 650, 656, 443, 5, 0.91%, 14, 0, 4, 1397.07
1639513687, 2, 651, 656, 442, 4, 0.91%, 14, 0, 4, 1363.79
1639513692, 2, 654, 656, 440, 2, 0.91%, 14, 0, 4, 1350.25
1639513697, 2, 655, 657, 440, 2, 0.91%, 14, 0, 5, 1351.21
1639513702, 2, 656, 657, 439, 1, 0.91%, 14, 0, 5, 1331.83
1639513707, 3, 29, 657, 437, 0, 0.91%, 14, 0, 5, 1295.78
1639513712, 3, 66, 657, 432, 0, 0.91%, 14, 0, 5, 1303.43
1639513717, 3, 83, 657, 428, 0, 0.91%, 14, 0, 5, 1247.71
1639513722, 3, 112, 657, 423, 0, 0.91%, 14, 0, 5, 1285.94
1639513727, 3, 135, 657, 419, 0, 0.91%, 14, 0, 5, 1299.19
1639513732, 3, 175, 657, 416, 0, 0.91%, 14, 0, 5, 1328.23
1639513737, 3, 213, 657, 409, 0, 0.91%, 14, 0, 5, 1336.04
1639513742, 3, 238, 657, 406, 0, 0.91%, 14, 0, 5, 1346.96
1639513748, 3, 269, 657, 401, 0, 0.91%, 14, 0, 5, 1351.80
1639513753, 3, 286, 657, 397, 0, 0.91%, 14, 0, 5, 1357.42
1639513758, 3, 319, 657, 393, 0, 0.91%, 14, 0, 5, 1356.78
1639513763, 3, 344, 657, 389, 0, 0.91%, 14, 0, 5, 1327.36
1639513768, 3, 368, 657, 385, 0, 0.91%, 14, 0, 5, 1292.75
1639513773, 3, 389, 657, 382, 0, 0.91%, 15, 0, 5, 1250.65
1639513778, 3, 414, 657, 380, 0, 0.91%, 15, 0, 5, 1283.48
1639513783, 3, 433, 657, 375, 0, 0.91%, 15, 0, 5, 1326.05
1639513788, 3, 477, 657, 371, 0, 0.91%, 15, 0, 5, 1388.17
1639513793, 3, 515, 657, 365, 0, 0.91%, 15, 0, 5, 1402.98
1639513798, 3, 550, 657, 359, 0, 0.91%, 15, 0, 5, 1422.67
