# unix_time, cycles_done, cur_path, paths_total, pending_total, pending_favs, map_size, unique_crashes, unique_hangs, max_depth, execs_per_sec
1639523290, 0, 0, 1, 1, 1, 0.12%, 0, 0, 1, 1600.00
1639523295, 0, 0, 80, 80, 1, 0.43%, 3, 0, 2, 1361.70
1639523300, 0, 7, 96, 91, 39, 0.44%, 4, 0, 3, 1287.88
1639523305, 0, 11, 105, 99, 38, 0.48%, 6, 0, 3, 1219.83
1639523310, 0, 27, 125, 111, 33, 0.48%, 7, 0, 3, 1233.66
1639523315, 0, 52, 144, 122, 28, 0.52%, 7, 0, 3, 1262.92
1639523320, 0, 67, 153, 125, 24, 0.53%, 10, 0, 3, 1241.57
1639523325, 0, 80, 161, 128, 21, 0.53%, 10, 0, 3, 1215.60
1639523330, 0, 101, 165, 125, 16, 0.53%, 11, 0, 4, 1217.08
1639523335, 0, 131, 168, 121, 11, 0.54%, 11, 0, 4, 1217.83
1639523340, 0, 148, 175, 125, 10, 0.55%, 11, 0, 4, 1223.66
1639523345, 0, 166, 184, 130, 8, 0.57%, 11, 0, 5, 1237.62
1639523350, 0, 169, 187, 132, 13, 0.57%, 11, 0, 5, 1276.06
1639523355, 0, 172, 191, 133, 10, 0.57%, 13, 0, 5, 1257.75
1639523360, 0, 179, 195, 133, 7, 0.61%, 13, 0, 6, 1194.73
1639523365, 0, 179, 200, 138, 7, 0.61%, 13, 0, 6, 1115.29
1639523371, 0, 185, 204, 139, 8, 0.62%, 13, 0, 6, 1060.15
1639523376, 0, 194, 209, 141, 8, 0.63%, 13, 0, 7, 1068.34
1639523381, 0, 194, 211, 143, 8, 0.63%, 13, 0, 7, 1142.00
1639523386, 0, 196, 217, 147, 8, 0.64%, 13, 0, 7, 1274.87
1639523391, 0, 203, 220, 148, 7, 0.64%, 14, 0, 7, 1357.09
1639523396, 0, 210, 225, 149, 3, 0.64%, 14, 0, 8, 1387.44
1639523401, 0, 222, 231, 153, 3, 0.65%, 14, 0, 9, 1408.01
1639523406, 0, 224, 235, 156, 5, 0.65%, 14, 0, 9, 1407.30
1639523411, 0, 226, 244, 164, 5, 0.65%, 14, 0, 10, 1404.70
1639523416, 0, 227, 248, 167, 5, 0.65%, 14, 0, 10, 1398.30
1639523421, 0, 232, 249, 166, 4, 0.65%, 14, 0, 10, 1310.00
1639523427, 0, 240, 252, 168, 3, 0.65%, 15, 0, 11, 1374.57
1639523432, 0, 240, 255, 171, 3, 0.65%, 15, 0, 11, 1375.16
1639523437, 0, 248, 258, 172, 1, 0.65%, 15, 0, 11, 1352.93
1639523442, 1, 30, 259, 170, 0, 0.65%, 15, 0, 11, 1335.96
1639523447, 1, 45, 262, 169, 0, 0.65%, 15, 0, 11, 1326.26
1639523452, 1, 61, 266, 170, 0, 0.65%, 15, 0, 11, 1337.60
1639523457, 2, 9, 268, 170, 0, 0.65%, 16, 0, 11, 1262.05
1639523462, 2, 30, 268, 168, 0, 0.65%, 16, 0, 11, 1314.34
1639523467, 2, 269, 270, 168, 1, 0.66%, 16, 0, 11, 1379.38
1639523473, 3, 25, 270, 166, 0, 0.66%, 16, 0, 11, 1355.41
1639523478, 3, 56, 270, 166, 0, 0.66%, 16, 0, 11, 1357.45
1639523483, 3, 73, 271, 166, 0, 0.66%, 16, 0, 11, 1251.58
1639523488, 3, 89, 272, 164, 0, 0.66%, 16, 0, 11, 1311.57
1639523493, 3, 114, 272, 157, 0, 0.66%, 16, 0, 11, 1282.06
1639523498, 3, 131, 272, 154, 0, 0.66%, 17, 0, 11, 1307.41
1639523503, 3, 148, 273, 152, 0, 0.66%, 18, 0, 11, 1320.14
1639523508, 3, 169, 274, 148, 0, 0.66%, 19, 0, 11, 1309.52
1639523513, 3, 174, 274, 148, 0, 0.66%, 19, 0, 11, 1315.85
1639523518, 3, 182, 274, 147, 0, 0.66%, 19, 0, 11, 1317.43
1639523523, 3, 189, 274, 147, 0, 0.66%, 19, 0, 11, 1348.42
1639523528, 3, 274, 275, 146, 1, 0.66%, 19, 0, 11, 1383.48
1639523533, 3, 274, 278, 149, 1, 0.66%, 19, 0, 11, 1383.10
1639523538, 3, 275, 280, 150, 1, 0.66%, 19, 0, 11, 1392.98
1639523543, 3, 275, 281, 151, 1, 0.67%, 19, 0, 11, 1394.02
1639523548, 3, 280, 282, 151, 1, 0.69%, 19, 0, 11, 1364.64
1639523553, 3, 281, 293, 161, 1, 0.71%, 19, 0, 11, 1394.88
1639523559, 3, 283, 295, 161, 10, 0.72%, 19, 0, 11, 2113.00
1639523564, 3, 286, 295, 159, 8, 0.72%, 19, 0, 11, 2262.61
1639523569, 3, 288, 296, 158, 6, 0.72%, 19, 0, 12, 2261.71
1639523574, 3, 290, 296, 156, 4, 0.72%, 19, 0, 12, 1555.31
1639523579, 3, 291, 298, 157, 3, 0.72%, 19, 0, 12, 1362.74
1639523584, 3, 292, 301, 159, 2, 0.72%, 19, 0, 12, 1365.95
1639523589, 3, 292, 302, 160, 2, 0.72%, 20, 0, 12, 1339.33
