# unix_time, cycles_done, cur_path, paths_total, pending_total, pending_favs, map_size, unique_crashes, unique_hangs, max_depth, execs_per_sec
1639560705, 0, 0, 645, 645, 88, 0.82%, 0, 0, 1, 1079.05
1639560710, 0, 80, 645, 634, 78, 0.82%, 2, 0, 1, 1338.10
1639560715, 0, 113, 645, 625, 70, 0.82%, 6, 0, 1, 1360.33
1639560721, 0, 187, 645, 615, 61, 0.82%, 7, 0, 1, 1387.88
1639560726, 0, 251, 645, 606, 53, 0.82%, 9, 0, 1, 1379.70
1639560731, 0, 312, 646, 598, 44, 0.82%, 11, 0, 2, 1298.83
1639560736, 0, 348, 646, 591, 37, 0.82%, 11, 0, 2, 1346.83
1639560741, 0, 425, 646, 580, 26, 0.82%, 11, 0, 2, 1375.98
1639560746, 0, 513, 646, 571, 18, 0.82%, 11, 0, 2, 1356.98
1639560751, 0, 591, 646, 562, 9, 0.82%, 11, 0, 2, 1415.71
1639560756, 1, 2, 646, 553, 0, 0.82%, 11, 0, 2, 1420.04
1639560762, 1, 26, 646, 546, 0, 0.82%, 11, 0, 2, 1397.25
1639560767, 1, 56, 646, 537, 0, 0.82%, 11, 0, 2, 1401.97
1639560772, 1, 80, 646, 532, 0, 0.82%, 12, 0, 2, 1355.97
1639560777, 1, 105, 646, 528, 0, 0.82%, 13, 0, 2, 1388.80
1639560782, 1, 127, 646, 523, 0, 0.82%, 13, 0, 2, 1371.50
1639560787, 1, 149, 646, 521, 0, 0.82%, 14, 0, 2, 1331.32
1639560792, 1, 181, 646, 514, 0, 0.82%, 14, 0, 2, 1383.20
1639560798, 1, 196, 646, 508, 0, 0.82%, 14, 0, 2, 1404.55
1639560803, 1, 220, 646, 503, 0, 0.82%, 14, 0, 2, 1325.16
1639560808, 1, 243, 646, 495, 0, 0.82%, 15, 0, 2, 1329.07
1639560813, 1, 275, 646, 491, 0, 0.82%, 15, 0, 2, 1371.90
1639560818, 1, 293, 646, 483, 0, 0.82%, 17, 0, 2, 1334.25
1639560823, 1, 312, 646, 477, 0, 0.82%, 17, 0, 2, 1342.12
1639560828, 1, 332, 646, 475, 0, 0.82%, 17, 0, 2, 1371.28
1639560833, 1, 351, 646, 469, 0, 0.82%, 17, 0, 2, 1363.52
1639560838, 1, 387, 646, 461, 0, 0.82%, 18, 0, 2, 1370.32
1639560843, 1, 405, 646, 455, 0, 0.82%, 18, 0, 2, 1383.04
1639560848, 1, 446, 646, 450, 0, 0.82%, 18, 0, 2, 1381.16
1639560854, 1, 480, 646, 442, 0, 0.82%, 18, 0, 2, 1403.51
1639560859, 1, 498, 646, 436, 0, 0.82%, 18, 0, 2, 1410.59
1639560864, 1, 514, 646, 429, 0, 0.82%, 18, 0, 2, 1386.98
1639560869, 1, 546, 646, 423, 0, 0.82%, 18, 0, 2, 1286.27
1639560874, 1, 575, 646, 417, 0, 0.82%, 18, 0, 2, 1373.18
1639560879, 1, 608, 646, 412, 0, 0.82%, 18, 0, 2, 1382.74
1639560884, 1, 632, 646, 408, 0, 0.82%, 18, 0, 2, 1396.12
1639560889, 2, 5, 646, 401, 0, 0.82%, 18, 0, 2, 1385.23
1639560895, 2, 59, 646, 394, 0, 0.82%, 18, 0, 2, 1376.13
1639560900, 2, 88, 646, 391, 0, 0.82%, 18, 0, 2, 1334.31
1639560905, 2, 108, 646, 387, 0, 0.82%, 19, 0, 2, 1393.50
1639560910, 2, 130, 646, 385, 0, 0.82%, 19, 0, 2, 1371.34
1639560915, 2, 153, 646, 381, 0, 0.82%, 19, 0, 2, 1380.26
1639560920, 2, 201, 646, 374, 0, 0.82%, 19, 0, 2, 1374.61
1639560925, 2, 223, 646, 369, 0, 0.82%, 19, 0, 2, 1336.50
1639560930, 2, 251, 646, 364, 0, 0.82%, 19, 0, 2, 1378.50
1639560935, 2, 265, 646, 360, 0, 0.82%, 20, 0, 2, 1390.52
1639560941, 2, 299, 646, 355, 0, 0.82%, 20, 0, 2, 1382.16
1639560946, 2, 327, 646, 351, 0, 0.82%, 21, 0, 2, 1372.71
1639560951, 2, 361, 646, 348, 0, 0.82%, 21, 0, 2, 1394.31
1639560956, 2, 405, 646, 344, 0, 0.82%, 21, 0, 2, 1332.86
1639560961, 2, 430, 646, 340, 0, 0.82%, 21, 0, 2, 1378.92
1639560966, 2, 461, 646, 336, 0, 0.82%, 21, 0, 2, 1401.70
1639560971, 2, 493, 646, 330, 0, 0.82%, 21, 0, 2, 1384.54
1639560976, 2, 531, 646, 326, 0, 0.82%, 21, 0, 2, 1383.87
1639560981, 2, 563, 646, 321, 0, 0.82%, 21, 0, 2, 1318.25
1639560987, 2, 587, 646, 316, 0, 0.82%, 22, 0, 2, 1368.59
1639560992, 2, 610, 646, 311, 0, 0.82%, 22, 0, 2, 1395.69
1639560997, 2, 639, 646, 305, 0, 0.82%, 22, 0, 2, 1597.28
