# unix_time, cycles_done, cur_path, paths_total, pending_total, pending_favs, map_size, unique_crashes, unique_hangs, max_depth, execs_per_sec
1639450278, 0, 0, 1061, 1061, 92, 0.77%, 0, 0, 1, 1154.83
1639450283, 0, 123, 1061, 1051, 84, 0.77%, 3, 0, 1, 1346.13
1639450288, 0, 217, 1061, 1041, 76, 0.77%, 3, 0, 1, 1418.37
1639450294, 0, 312, 1061, 1030, 66, 0.77%, 3, 0, 1, 1442.85
1639450299, 0, 448, 1061, 1020, 57, 0.77%, 5, 0, 1, 1459.34
1639450304, 0, 583, 1061, 1009, 46, 0.77%, 5, 0, 1, 1425.15
1639450309, 0, 670, 1061, 998, 35, 0.77%, 5, 0, 1, 1439.07
1639450314, 0, 778, 1061, 989, 26, 0.77%, 6, 0, 1, 1429.96
1639450319, 0, 842, 1061, 980, 17, 0.77%, 6, 0, 1, 1425.29
1639450324, 0, 916, 1061, 972, 11, 0.77%, 6, 0, 1, 1430.13
1639450329, 0, 1035, 1061, 962, 4, 0.77%, 8, 0, 1, 1436.57
1639450334, 1, 22, 1061, 952, 0, 0.77%, 8, 0, 1, 1411.18
1639450340, 1, 67, 1061, 944, 0, 0.77%, 8, 0, 1, 1429.49
1639450345, 1, 90, 1061, 934, 0, 0.77%, 8, 0, 1, 1438.38
1639450350, 1, 123, 1061, 927, 0, 0.77%, 8, 0, 1, 1419.23
1639450355, 1, 155, 1061, 920, 0, 0.77%, 8, 0, 1, 1437.03
1639450360, 1, 205, 1061, 914, 0, 0.77%, 8, 0, 1, 1418.84
1639450365, 1, 233, 1061, 906, 0, 0.77%, 8, 0, 1, 1425.73
1639450370, 1, 280, 1062, 901, 0, 0.77%, 8, 0, 2, 1434.04
1639450375, 1, 309, 1062, 892, 0, 0.77%, 8, 0, 2, 1444.05
1639450381, 1, 335, 1062, 885, 0, 0.77%, 9, 0, 2, 1420.77
1639450386, 1, 363, 1062, 878, 0, 0.77%, 9, 0, 2, 1434.76
1639450391, 1, 381, 1062, 871, 0, 0.77%, 9, 0, 2, 1437.38
1639450396, 1, 406, 1062, 861, 0, 0.77%, 9, 0, 2, 1430.71
1639450401, 1, 453, 1062, 856, 0, 0.77%, 9, 0, 2, 1447.86
1639450406, 1, 494, 1062, 848, 0, 0.77%, 9, 0, 2, 1446.61
1639450411, 1, 533, 1062, 841, 0, 0.77%, 9, 0, 2, 1416.19
1639450416, 1, 560, 1062, 836, 0, 0.77%, 9, 0, 2, 1425.12
1639450421, 1, 585, 1062, 831, 0, 0.77%, 9, 0, 2, 1429.60
1639450426, 1, 602, 1062, 825, 0, 0.77%, 9, 0, 2, 1423.97
1639450432, 1, 637, 1062, 818, 0, 0.77%, 9, 0, 2, 1424.74
1639450437, 1, 671, 1062, 813, 0, 0.77%, 9, 0, 2, 1417.52
1639450442, 1, 699, 1062, 806, 0, 0.77%, 9, 0, 2, 1426.04
1639450447, 1, 718, 1062, 799, 0, 0.77%, 9, 0, 2, 1421.77
1639450452, 1, 751, 1062, 792, 0, 0.77%, 9, 0, 2, 1539.77
1639450457, 1, 774, 1062, 786, 0, 0.77%, 10, 0, 2, 1445.13
1639450462, 1, 800, 1062, 781, 0, 0.77%, 10, 0, 2, 1371.60
1639450467, 1, 825, 1062, 774, 0, 0.77%, 10, 0, 2, 1404.51
1639450473, 1, 855, 1062, 768, 0, 0.77%, 10, 0, 2, 1419.22
1639450478, 1, 882, 1062, 760, 0, 0.77%, 10, 0, 2, 1425.59
1639450483, 1, 916, 1062, 757, 0, 0.77%, 10, 0, 2, 1419.00
1639450488, 1, 953, 1062, 749, 0, 0.77%, 10, 0, 2, 1446.67
1639450493, 1, 1004, 1062, 743, 0, 0.77%, 10, 0, 2, 1431.51
1639450498, 1, 1029, 1062, 736, 0, 0.77%, 10, 0, 2, 1437.23
1639450503, 1, 1053, 1062, 728, 0, 0.77%, 11, 0, 2, 1433.94
1639450508, 2, 217, 1063, 725, 1, 0.77%, 11, 0, 3, 1426.76
1639450514, 2, 614, 1063, 721, 0, 0.77%, 11, 0, 3, 1421.21
1639450519, 2, 656, 1063, 714, 0, 0.77%, 11, 0, 3, 1419.32
1639450524, 2, 707, 1063, 708, 0, 0.77%, 11, 0, 3, 1420.93
1639450529, 2, 727, 1063, 704, 0, 0.77%, 11, 0, 3, 1424.50
1639450534, 2, 754, 1063, 695, 0, 0.77%, 11, 0, 3, 1420.89
1639450539, 2, 783, 1063, 692, 0, 0.77%, 11, 0, 3, 1421.94
1639450544, 2, 805, 1063, 686, 0, 0.77%, 11, 0, 3, 1427.00
1639450549, 2, 839, 1063, 681, 0, 0.77%, 11, 0, 3, 1429.82
1639450554, 2, 873, 1063, 675, 0, 0.77%, 11, 0, 3, 1432.20
1639450560, 2, 891, 1063, 671, 0, 0.77%, 11, 0, 3, 1418.19
1639450565, 2, 928, 1063, 665, 0, 0.77%, 11, 0, 3, 1421.12
1639450570, 2, 959, 1063, 659, 0, 0.77%, 11, 0, 3, 1424.53
