# unix_time, cycles_done, cur_path, paths_total, pending_total, pending_favs, map_size, unique_crashes, unique_hangs, max_depth, execs_per_sec
1639604502, 0, 0, 1, 1, 1, 0.12%, 0, 0, 1, 1142.86
1639604507, 0, 0, 79, 79, 1, 0.42%, 4, 0, 2, 1274.07
1639604512, 0, 6, 98, 94, 35, 0.44%, 4, 0, 3, 1211.93
1639604517, 0, 37, 107, 93, 28, 0.45%, 4, 0, 3, 1236.53
1639604522, 0, 41, 116, 100, 26, 0.48%, 4, 0, 3, 1230.80
1639604527, 0, 43, 127, 109, 26, 0.50%, 4, 0, 3, 1245.99
1639604532, 0, 56, 141, 118, 24, 0.51%, 4, 0, 3, 1256.67
1639604538, 0, 67, 161, 132, 26, 0.55%, 5, 0, 3, 2034.42
1639604543, 0, 97, 183, 147, 21, 0.56%, 5, 0, 4, 1537.06
1639604548, 0, 133, 189, 146, 18, 0.56%, 6, 0, 4, 1216.93
1639604553, 0, 145, 199, 153, 16, 0.57%, 8, 0, 4, 1118.30
1639604558, 0, 150, 205, 157, 17, 0.58%, 8, 0, 4, 1137.50
1639604563, 0, 155, 211, 160, 15, 0.59%, 8, 0, 4, 1201.41
1639604568, 0, 179, 218, 163, 11, 0.61%, 9, 0, 5, 1256.94
1639604573, 0, 180, 220, 164, 13, 0.62%, 9, 0, 5, 1347.06
1639604578, 0, 188, 226, 167, 14, 0.63%, 10, 0, 5, 1392.10
1639604583, 0, 198, 234, 173, 12, 0.64%, 10, 0, 5, 1440.88
1639604588, 0, 202, 238, 174, 13, 0.64%, 10, 0, 5, 1483.40
1639604594, 0, 218, 243, 175, 9, 0.64%, 10, 0, 6, 1464.38
1639604599, 0, 227, 246, 175, 6, 0.64%, 11, 0, 6, 1459.88
1639604604, 0, 232, 250, 177, 5, 0.64%, 12, 0, 6, 1448.77
1639604609, 0, 236, 254, 180, 6, 0.64%, 12, 0, 6, 1468.32
1639604614, 0, 238, 258, 183, 7, 0.65%, 12, 0, 6, 1471.83
1639604619, 0, 242, 260, 184, 6, 0.65%, 12, 0, 7, 1494.88
1639604624, 0, 250, 261, 182, 3, 0.65%, 12, 0, 7, 1483.93
1639604629, 0, 261, 264, 183, 3, 0.65%, 12, 0, 7, 1474.45
1639604634, 1, 3, 264, 180, 0, 0.65%, 12, 0, 7, 1463.66
1639604639, 1, 35, 268, 181, 0, 0.65%, 12, 0, 7, 1479.67
1639604644, 1, 57, 268, 178, 0, 0.65%, 14, 0, 7, 1488.21
1639604649, 1, 233, 270, 177, 1, 0.66%, 14, 0, 7, 1478.51
1639604654, 2, 3, 270, 172, 0, 0.66%, 14, 0, 7, 1475.70
1639604659, 2, 34, 270, 168, 0, 0.66%, 14, 0, 7, 1471.48
1639604664, 2, 54, 270, 165, 0, 0.66%, 14, 0, 7, 1454.98
1639604669, 2, 69, 271, 165, 0, 0.66%, 14, 0, 7, 1445.56
1639604674, 2, 104, 271, 162, 0, 0.66%, 14, 0, 7, 1465.63
1639604680, 2, 125, 271, 155, 0, 0.66%, 14, 0, 7, 1480.42
1639604685, 2, 155, 271, 150, 0, 0.66%, 14, 0, 7, 1470.68
1639604690, 2, 272, 276, 153, 1, 0.66%, 14, 0, 7, 1443.65
1639604695, 2, 273, 277, 153, 0, 0.66%, 14, 0, 7, 1426.81
1639604700, 2, 275, 279, 154, 0, 0.68%, 14, 0, 7, 1442.02
1639604705, 3, 6, 279, 152, 0, 0.68%, 14, 0, 7, 1460.92
1639604710, 3, 38, 280, 148, 0, 0.68%, 14, 0, 7, 1485.31
1639604715, 3, 58, 281, 146, 0, 0.68%, 14, 0, 7, 1464.41
1639604720, 3, 74, 281, 143, 0, 0.68%, 14, 0, 7, 1465.01
1639604725, 3, 282, 285, 143, 1, 0.69%, 14, 0, 7, 1441.58
1639604730, 3, 282, 288, 146, 1, 0.69%, 14, 0, 7, 1479.21
1639604735, 3, 286, 289, 146, 1, 0.69%, 14, 0, 7, 1485.52
1639604740, 4, 37, 289, 142, 0, 0.69%, 14, 0, 7, 1481.64
1639604745, 4, 62, 289, 142, 0, 0.69%, 14, 0, 7, 1487.99
1639604750, 4, 89, 290, 140, 0, 0.69%, 14, 0, 7, 1462.14
1639604756, 4, 125, 290, 134, 0, 0.69%, 14, 0, 7, 1457.84
1639604761, 4, 163, 290, 131, 0, 0.69%, 14, 0, 7, 1470.79
1639604766, 4, 188, 290, 128, 0, 0.69%, 14, 0, 7, 1471.35
1639604771, 4, 201, 291, 128, 0, 0.69%, 14, 0, 7, 1483.76
1639604776, 4, 212, 291, 128, 0, 0.69%, 14, 0, 7, 1468.92
1639604781, 4, 228, 291, 126, 0, 0.69%, 15, 0, 7, 1425.81
1639604786, 4, 242, 291, 124, 0, 0.69%, 15, 0, 7, 1424.83
1639604791, 4, 248, 293, 125, 0, 0.69%, 15, 0, 7, 1410.37
1639604796, 4, 253, 294, 125, 0, 0.69%, 16, 0, 7, 1424.56
1639604802, 4, 261, 295, 124, 0, 0.69%, 16, 0, 8, 1407.25
