# unix_time, cycles_done, cur_path, paths_total, pending_total, pending_favs, map_size, unique_crashes, unique_hangs, max_depth, execs_per_sec
1639602078, 0, 0, 645, 645, 102, 0.90%, 0, 0, 1, 983.61
1639602083, 0, 37, 645, 636, 94, 0.90%, 5, 0, 1, 1287.78
1639602089, 0, 95, 645, 624, 83, 0.90%, 7, 0, 1, 2048.06
1639602094, 0, 166, 645, 616, 75, 0.90%, 8, 0, 1, 1393.15
1639602099, 0, 224, 645, 608, 67, 0.90%, 10, 0, 1, 1323.39
1639602104, 0, 301, 645, 599, 58, 0.90%, 11, 0, 1, 1326.84
1639602109, 0, 338, 645, 592, 51, 0.90%, 11, 0, 1, 1346.05
1639602114, 0, 390, 645, 585, 44, 0.90%, 12, 0, 1, 1325.87
1639602119, 0, 457, 645, 576, 36, 0.90%, 14, 0, 1, 1249.35
1639602124, 0, 511, 645, 568, 28, 0.90%, 15, 0, 1, 1176.06
1639602130, 0, 536, 645, 562, 22, 0.90%, 16, 0, 1, 1142.07
1639602135, 0, 563, 645, 558, 18, 0.90%, 19, 0, 1, 1089.94
1639602140, 0, 607, 645, 552, 12, 0.90%, 19, 0, 1, 1153.31
1639602145, 0, 629, 645, 547, 7, 0.90%, 20, 0, 1, 1034.37
1639602150, 1, 9, 645, 539, 0, 0.90%, 20, 0, 1, 1013.37
1639602155, 1, 27, 645, 534, 0, 0.90%, 20, 0, 1, 1014.72
1639602160, 1, 33, 645, 532, 0, 0.90%, 20, 0, 1, 897.58
1639602165, 1, 41, 645, 530, 0, 0.90%, 21, 0, 1, 883.78
1639602170, 1, 58, 645, 526, 0, 0.90%, 21, 0, 1, 923.74
1639602175, 1, 71, 645, 523, 0, 0.90%, 21, 0, 1, 973.42
1639602180, 1, 86, 645, 518, 0, 0.90%, 21, 0, 1, 1035.84
1639602186, 1, 105, 645, 513, 0, 0.90%, 21, 0, 1, 1227.97
1639602191, 1, 122, 645, 506, 0, 0.90%, 22, 0, 1, 1238.47
1639602196, 1, 140, 645, 501, 0, 0.90%, 23, 0, 1, 1250.34
1639602201, 1, 168, 645, 497, 0, 0.90%, 23, 0, 1, 1357.83
1639602206, 1, 208, 645, 492, 0, 0.90%, 24, 0, 1, 1345.94
1639602211, 1, 224, 645, 487, 0, 0.90%, 24, 0, 1, 1438.98
1639602216, 1, 645, 648, 487, 1, 0.90%, 24, 0, 3, 1314.70
1639602222, 1, 645, 649, 488, 1, 0.90%, 25, 0, 3, 1121.92
1639602227, 1, 649, 653, 491, 1, 0.90%, 25, 0, 4, 1070.05
1639602232, 1, 649, 654, 492, 1, 0.90%, 28, 0, 4, 1070.31
1639602237, 1, 651, 656, 493, 1, 0.90%, 28, 0, 5, 1006.39
1639602242, 1, 651, 657, 494, 1, 0.90%, 28, 0, 5, 1020.30
1639602247, 2, 17, 657, 490, 0, 0.90%, 29, 0, 5, 1219.81
1639602252, 2, 43, 657, 487, 0, 0.90%, 30, 0, 5, 1351.80
1639602258, 2, 63, 657, 483, 0, 0.90%, 30, 0, 5, 1355.27
1639602263, 2, 88, 657, 481, 0, 0.90%, 30, 0, 5, 1318.55
1639602268, 2, 124, 657, 479, 0, 0.90%, 30, 0, 5, 1228.59
1639602273, 2, 151, 657, 474, 0, 0.90%, 31, 0, 5, 1128.95
1639602278, 2, 171, 657, 470, 0, 0.90%, 31, 0, 5, 1229.19
1639602283, 2, 187, 657, 464, 0, 0.90%, 31, 0, 5, 1254.52
1639602288, 2, 204, 657, 458, 0, 0.90%, 31, 0, 5, 1222.25
1639602293, 2, 232, 657, 456, 0, 0.90%, 31, 0, 5, 1282.43
1639602298, 2, 265, 657, 451, 0, 0.90%, 31, 0, 5, 1313.10
1639602303, 2, 303, 657, 446, 0, 0.90%, 31, 0, 5, 1260.38
1639602308, 2, 326, 657, 443, 0, 0.90%, 31, 0, 5, 1246.74
1639602314, 2, 340, 657, 440, 0, 0.90%, 31, 0, 5, 1212.08
1639602319, 2, 363, 657, 434, 0, 0.90%, 31, 0, 5, 1261.01
1639602324, 2, 394, 657, 429, 0, 0.90%, 31, 0, 5, 1257.63
1639602329, 2, 415, 657, 426, 0, 0.90%, 31, 0, 5, 1191.52
1639602334, 2, 457, 657, 417, 0, 0.90%, 31, 0, 5, 1250.13
1639602339, 2, 478, 657, 414, 0, 0.90%, 31, 0, 5, 1246.54
1639602344, 2, 507, 657, 409, 0, 0.90%, 31, 0, 5, 1294.13
1639602349, 2, 523, 657, 405, 0, 0.90%, 31, 0, 5, 1241.61
1639602354, 2, 556, 657, 401, 0, 0.90%, 31, 0, 5, 1292.49
1639602359, 2, 575, 657, 398, 0, 0.90%, 31, 0, 5, 1303.06
1639602364, 2, 599, 657, 393, 0, 0.90%, 31, 0, 5, 1356.36
1639602370, 2, 619, 657, 391, 0, 0.90%, 31, 0, 5, 1313.44
