# unix_time, cycles_done, cur_path, paths_total, pending_total, pending_favs, map_size, unique_crashes, unique_hangs, max_depth, execs_per_sec
1639525127, 0, 0, 937, 937, 105, 0.96%, 0, 0, 1, 1115.31
1639525132, 0, 86, 937, 927, 95, 0.96%, 4, 0, 1, 1275.52
1639525137, 0, 140, 937, 920, 88, 0.96%, 4, 0, 1, 1301.82
1639525142, 0, 238, 937, 910, 78, 0.96%, 5, 0, 1, 1304.25
1639525147, 0, 322, 937, 901, 69, 0.96%, 6, 0, 1, 1327.79
1639525152, 0, 381, 937, 892, 61, 0.96%, 6, 0, 1, 1311.33
1639525157, 0, 507, 937, 880, 49, 0.96%, 6, 0, 1, 1292.44
1639525162, 0, 564, 937, 873, 43, 0.96%, 8, 0, 1, 1319.22
1639525167, 0, 615, 937, 866, 37, 0.96%, 10, 0, 1, 1331.23
1639525172, 0, 687, 937, 859, 30, 0.96%, 11, 0, 1, 1331.43
1639525177, 0, 782, 937, 848, 19, 0.96%, 11, 0, 1, 1302.10
1639525182, 0, 844, 937, 839, 10, 0.96%, 11, 0, 1, 1259.31
1639525188, 0, 881, 937, 832, 3, 0.96%, 11, 0, 1, 1234.40
1639525193, 1, 16, 937, 823, 0, 0.96%, 11, 0, 1, 1203.28
1639525198, 1, 36, 937, 818, 0, 0.96%, 12, 0, 1, 1147.30
1639525203, 1, 72, 937, 813, 0, 0.96%, 13, 0, 1, 1096.17
1639525208, 1, 86, 937, 810, 0, 0.96%, 13, 0, 1, 880.21
1639525213, 1, 95, 937, 810, 0, 0.96%, 13, 0, 1, 766.53
1639525219, 1, 105, 937, 809, 0, 0.96%, 13, 0, 1, 527.68
1639525224, 1, 110, 937, 806, 0, 0.96%, 13, 0, 1, 551.21
1639525229, 1, 123, 937, 805, 0, 0.96%, 13, 0, 1, 268.18
1639525234, 1, 128, 937, 803, 0, 0.96%, 13, 0, 1, 305.82
1639525239, 1, 140, 937, 800, 0, 0.96%, 13, 0, 1, 371.00
1639525244, 1, 145, 938, 800, 0, 0.96%, 13, 0, 2, 462.86
1639525249, 1, 152, 938, 797, 0, 0.96%, 14, 0, 2, 589.22
1639525254, 1, 172, 938, 794, 0, 0.96%, 14, 0, 2, 728.45
1639525259, 1, 191, 938, 789, 0, 0.96%, 14, 0, 2, 885.46
1639525264, 1, 224, 938, 784, 0, 0.96%, 14, 0, 2, 1058.75
1639525270, 1, 242, 938, 780, 0, 0.96%, 15, 0, 2, 1228.07
1639525275, 1, 268, 938, 776, 0, 0.96%, 15, 0, 2, 1364.83
1639525280, 1, 310, 938, 766, 0, 0.96%, 15, 0, 2, 1419.88
1639525285, 1, 330, 938, 761, 0, 0.96%, 17, 0, 2, 1441.77
1639525290, 1, 363, 938, 755, 0, 0.96%, 17, 0, 2, 1441.90
1639525295, 1, 409, 938, 746, 0, 0.96%, 17, 0, 2, 1458.68
1639525300, 1, 450, 938, 736, 0, 0.96%, 17, 0, 2, 1446.50
1639525305, 1, 703, 938, 729, 2, 0.96%, 17, 0, 2, 1457.76
1639525310, 2, 345, 938, 720, 0, 0.96%, 17, 0, 2, 1450.96
1639525316, 2, 380, 938, 712, 0, 0.96%, 17, 0, 2, 1452.29
1639525321, 2, 410, 938, 707, 0, 0.96%, 17, 0, 2, 1431.27
1639525326, 2, 462, 938, 700, 0, 0.96%, 17, 0, 2, 1447.65
1639525331, 2, 486, 938, 695, 0, 0.96%, 18, 0, 2, 1454.94
1639525336, 2, 516, 938, 691, 0, 0.96%, 18, 0, 2, 1463.26
1639525341, 2, 541, 938, 684, 0, 0.96%, 19, 0, 2, 1292.67
1639525346, 2, 570, 938, 678, 0, 0.96%, 19, 0, 2, 1388.71
1639525351, 2, 595, 938, 674, 0, 0.96%, 21, 0, 2, 1415.95
1639525356, 2, 610, 938, 668, 0, 0.96%, 21, 0, 2, 1440.80
1639525361, 2, 650, 938, 665, 0, 0.96%, 21, 0, 2, 1440.70
1639525366, 2, 669, 938, 657, 0, 0.96%, 21, 0, 2, 1430.67
1639525371, 2, 687, 938, 651, 0, 0.96%, 22, 0, 2, 1401.97
1639525376, 2, 720, 938, 645, 0, 0.96%, 22, 0, 2, 1386.91
1639525382, 2, 747, 938, 640, 0, 0.96%, 24, 0, 2, 1238.59
1639525387, 2, 764, 938, 635, 0, 0.96%, 24, 0, 2, 1246.66
1639525392, 2, 795, 938, 631, 0, 0.96%, 24, 0, 2, 1307.26
1639525397, 2, 827, 938, 624, 0, 0.96%, 24, 0, 2, 1315.40
1639525402, 2, 845, 938, 621, 0, 0.96%, 24, 0, 2, 1608.97
1639525407, 2, 865, 938, 616, 0, 0.96%, 24, 0, 2, 1392.63
1639525412, 2, 886, 938, 611, 0, 0.96%, 24, 0, 2, 1319.07
1639525417, 2, 915, 938, 605, 0, 0.96%, 24, 0, 2, 1362.89
