# unix_time, cycles_done, cur_path, paths_total, pending_total, pending_favs, map_size, unique_crashes, unique_hangs, max_depth, execs_per_sec
1639549122, 0, 0, 309, 309, 79, 0.68%, 0, 0, 1, 1079.95
1639549127, 0, 32, 309, 299, 70, 0.68%, 4, 0, 1, 1344.83
1639549132, 0, 84, 309, 286, 57, 0.68%, 5, 0, 1, 1428.70
1639549137, 0, 111, 309, 279, 51, 0.68%, 5, 1, 1, 1438.87
1639549143, 0, 153, 311, 271, 41, 0.68%, 5, 1, 2, 1415.05
1639549148, 0, 170, 311, 266, 36, 0.68%, 5, 3, 2, 1395.25
1639549153, 0, 199, 313, 260, 28, 0.68%, 7, 4, 2, 1351.66
1639549158, 0, 242, 315, 253, 20, 0.68%, 7, 4, 2, 1409.99
1639549163, 0, 292, 315, 242, 9, 0.68%, 7, 4, 2, 1431.31
1639549168, 0, 292, 315, 242, 9, 0.68%, 8, 8, 2, 13.50
1639549173, 0, 314, 316, 235, 1, 0.68%, 8, 8, 3, 1075.12
1639549178, 1, 7, 317, 234, 0, 0.68%, 8, 10, 3, 1425.25
1639549183, 1, 23, 318, 232, 0, 0.68%, 8, 10, 3, 1387.01
1639549188, 1, 48, 319, 227, 0, 0.68%, 8, 10, 3, 1429.05
1639549193, 1, 70, 320, 223, 0, 0.68%, 8, 10, 3, 1436.32
1639549199, 1, 89, 320, 217, 0, 0.68%, 8, 10, 3, 1428.35
1639549204, 1, 111, 320, 213, 0, 0.68%, 10, 10, 3, 1396.37
1639549209, 1, 144, 320, 210, 0, 0.68%, 10, 10, 3, 1438.84
1639549214, 1, 163, 320, 207, 0, 0.68%, 11, 10, 3, 1435.13
1639549219, 1, 182, 320, 204, 0, 0.68%, 11, 10, 3, 1434.82
1639549224, 1, 202, 320, 201, 0, 0.68%, 11, 11, 3, 1186.73
1639549229, 1, 216, 320, 196, 0, 0.68%, 11, 11, 3, 1298.79
1639549234, 1, 244, 320, 190, 0, 0.68%, 11, 11, 3, 1590.89
1639549239, 1, 272, 320, 185, 0, 0.68%, 12, 11, 3, 1410.38
1639549245, 1, 292, 320, 181, 0, 0.68%, 12, 12, 3, 242.74
1639549250, 1, 304, 321, 180, 0, 0.68%, 12, 13, 3, 986.60
1639549255, 1, 314, 322, 179, 0, 0.68%, 12, 13, 3, 1143.11
1639549261, 2, 17, 322, 177, 0, 0.68%, 12, 13, 3, 1352.40
1639549266, 2, 53, 322, 174, 0, 0.68%, 12, 13, 3, 1428.29
1639549271, 2, 79, 322, 170, 0, 0.68%, 13, 13, 3, 1387.98
1639549276, 2, 108, 322, 164, 0, 0.68%, 13, 13, 3, 1437.58
1639549281, 2, 122, 322, 161, 0, 0.68%, 13, 13, 3, 1414.51
1639549286, 2, 144, 322, 157, 0, 0.68%, 13, 13, 3, 1434.22
1639549291, 2, 159, 322, 154, 0, 0.68%, 13, 13, 3, 1433.19
1639549296, 2, 180, 322, 150, 0, 0.68%, 13, 13, 3, 1439.25
1639549301, 2, 199, 322, 144, 0, 0.68%, 13, 13, 3, 1424.95
1639549307, 2, 233, 322, 144, 0, 0.68%, 13, 13, 3, 1427.88
1639549312, 3, 7, 323, 140, 0, 0.68%, 13, 13, 3, 1419.70
1639549317, 3, 24, 323, 137, 0, 0.68%, 13, 13, 3, 1405.23
1639549322, 3, 51, 323, 136, 0, 0.68%, 13, 15, 3, 1475.00
1639549327, 3, 84, 323, 135, 0, 0.68%, 13, 15, 3, 1438.55
1639549332, 3, 111, 323, 130, 0, 0.68%, 13, 15, 3, 1432.87
1639549337, 3, 144, 323, 128, 0, 0.68%, 13, 15, 3, 1435.91
1639549342, 3, 171, 324, 128, 0, 0.68%, 13, 15, 3, 1423.45
1639549347, 3, 193, 324, 125, 0, 0.68%, 13, 15, 3, 1396.54
1639549352, 3, 230, 324, 122, 0, 0.68%, 13, 15, 3, 1420.56
1639549358, 3, 264, 324, 120, 0, 0.68%, 13, 15, 3, 1419.53
1639549363, 3, 291, 324, 114, 0, 0.68%, 13, 15, 3, 1402.59
1639549368, 3, 302, 324, 111, 0, 0.68%, 13, 15, 3, 1436.47
1639549373, 3, 314, 324, 109, 0, 0.68%, 13, 16, 3, 194.38
1639549378, 4, 7, 325, 106, 0, 0.68%, 13, 16, 3, 1294.82
1639549383, 4, 39, 325, 105, 0, 0.68%, 14, 16, 3, 1396.32
1639549388, 4, 62, 325, 102, 0, 0.68%, 14, 16, 3, 1426.69
1639549393, 4, 100, 325, 99, 0, 0.68%, 14, 16, 3, 1438.78
1639549398, 4, 122, 326, 96, 0, 0.68%, 14, 16, 3, 1330.99
1639549403, 4, 147, 327, 94, 0, 0.68%, 14, 16, 3, 1425.38
1639549408, 4, 178, 327, 92, 0, 0.68%, 14, 16, 3, 1392.88
1639549414, 4, 197, 327, 88, 0, 0.68%, 14, 16, 3, 209.61
1639549419, 4, 226, 327, 85, 0, 0.68%, 14, 16, 3, 1397.91
