# unix_time, cycles_done, cur_path, paths_total, pending_total, pending_favs, map_size, unique_crashes, unique_hangs, max_depth, execs_per_sec
1639442624, 0, 0, 902, 902, 99, 0.91%, 0, 0, 1, 1293.65
1639442629, 0, 139, 902, 889, 87, 0.91%, 3, 0, 1, 1390.69
1639442634, 0, 270, 902, 877, 75, 0.91%, 4, 0, 1, 1440.37
1639442639, 0, 350, 902, 866, 64, 0.91%, 4, 0, 1, 1457.89
1639442644, 0, 386, 902, 857, 55, 0.91%, 4, 0, 1, 1461.11
1639442649, 0, 450, 902, 848, 49, 0.91%, 4, 0, 1, 1455.70
1639442654, 0, 492, 902, 840, 42, 0.91%, 4, 0, 1, 1458.92
1639442659, 0, 588, 902, 832, 34, 0.91%, 5, 0, 1, 1406.49
1639442664, 0, 674, 902, 822, 26, 0.91%, 5, 0, 1, 1445.87
1639442670, 0, 744, 902, 812, 17, 0.91%, 7, 0, 1, 1411.17
1639442675, 0, 808, 902, 805, 10, 0.91%, 8, 0, 1, 1444.49
1639442680, 0, 901, 902, 795, 1, 0.91%, 8, 0, 1, 1454.71
1639442685, 1, 43, 902, 788, 0, 0.91%, 8, 0, 1, 1447.90
1639442690, 1, 81, 902, 782, 0, 0.91%, 8, 0, 1, 1424.84
1639442695, 1, 115, 902, 775, 0, 0.91%, 8, 0, 1, 1445.38
1639442700, 1, 146, 902, 768, 0, 0.91%, 8, 0, 1, 1456.04
1639442705, 1, 171, 902, 761, 0, 0.91%, 8, 0, 1, 1455.42
1639442710, 1, 199, 902, 754, 0, 0.91%, 10, 0, 1, 1435.45
1639442715, 1, 228, 903, 747, 0, 0.91%, 10, 0, 2, 1451.16
1639442720, 1, 248, 903, 740, 0, 0.91%, 10, 0, 2, 1427.53
1639442725, 1, 286, 903, 738, 0, 0.91%, 10, 0, 2, 1447.81
1639442730, 1, 324, 903, 731, 0, 0.91%, 10, 0, 2, 1456.73
1639442735, 1, 343, 903, 725, 0, 0.91%, 10, 0, 2, 1460.32
1639442741, 1, 352, 903, 720, 0, 0.91%, 10, 0, 2, 1420.89
1639442746, 1, 391, 903, 717, 0, 0.91%, 10, 0, 2, 1449.03
1639442751, 1, 416, 903, 711, 0, 0.91%, 10, 0, 2, 1429.88
1639442756, 1, 429, 903, 705, 0, 0.91%, 10, 0, 2, 1435.73
1639442761, 1, 452, 903, 699, 0, 0.91%, 10, 0, 2, 1449.64
1639442766, 1, 469, 903, 696, 0, 0.91%, 10, 0, 2, 1457.44
1639442771, 1, 505, 903, 689, 0, 0.91%, 10, 0, 2, 1457.75
1639442776, 1, 528, 903, 683, 0, 0.91%, 10, 0, 2, 1432.23
1639442781, 1, 551, 903, 677, 0, 0.91%, 10, 0, 2, 1388.68
1639442786, 1, 575, 903, 670, 0, 0.91%, 10, 0, 2, 1455.88
1639442791, 1, 595, 903, 663, 0, 0.91%, 11, 0, 2, 1460.47
1639442796, 1, 614, 903, 659, 0, 0.91%, 11, 0, 2, 1445.00
1639442802, 1, 663, 903, 652, 0, 0.91%, 11, 0, 2, 1454.19
1639442807, 1, 685, 904, 647, 0, 0.91%, 11, 0, 2, 1448.13
1639442812, 1, 707, 904, 642, 0, 0.91%, 11, 0, 2, 1442.66
1639442817, 1, 744, 904, 633, 0, 0.91%, 11, 0, 2, 1463.58
1639442822, 1, 760, 904, 631, 0, 0.91%, 11, 0, 2, 1440.56
1639442827, 1, 806, 904, 624, 0, 0.91%, 11, 0, 2, 1440.10
1639442832, 1, 832, 904, 618, 0, 0.91%, 11, 0, 2, 1459.45
1639442837, 1, 865, 904, 611, 0, 0.91%, 11, 0, 2, 1449.21
1639442842, 1, 900, 904, 606, 0, 0.91%, 11, 0, 2, 1447.71
1639442848, 2, 41, 904, 600, 0, 0.91%, 11, 0, 2, 1455.28
1639442853, 2, 84, 904, 591, 0, 0.91%, 11, 0, 2, 1457.53
1639442858, 2, 106, 904, 584, 0, 0.91%, 11, 0, 2, 1459.36
1639442863, 2, 148, 904, 578, 0, 0.91%, 11, 0, 2, 1453.90
1639442868, 2, 187, 904, 570, 0, 0.91%, 11, 0, 2, 1438.01
1639442873, 2, 227, 904, 562, 0, 0.91%, 11, 0, 2, 1449.91
1639442878, 2, 262, 904, 557, 0, 0.91%, 11, 0, 2, 1465.69
1639442883, 2, 298, 904, 555, 0, 0.91%, 11, 0, 2, 1449.46
1639442888, 2, 351, 904, 552, 0, 0.91%, 11, 0, 2, 1457.28
1639442893, 2, 376, 904, 550, 0, 0.91%, 11, 0, 2, 1457.75
1639442899, 2, 403, 904, 546, 0, 0.91%, 11, 0, 2, 1421.50
1639442904, 2, 436, 904, 539, 0, 0.91%, 11, 0, 2, 1378.34
1639442909, 2, 454, 904, 534, 0, 0.91%, 11, 0, 2, 1398.34
1639442914, 2, 473, 904, 529, 0, 0.91%, 11, 0, 2, 1590.14
