# unix_time, cycles_done, cur_path, paths_total, pending_total, pending_favs, map_size, unique_crashes, unique_hangs, max_depth, execs_per_sec
1639448640, 0, 0, 1, 1, 1, 0.12%, 0, 0, 1, 2000.00
1639448645, 0, 0, 77, 77, 1, 0.43%, 4, 0, 2, 1527.22
1639448650, 0, 9, 102, 97, 36, 0.46%, 4, 0, 3, 1455.90
1639448655, 0, 42, 122, 104, 25, 0.47%, 5, 0, 3, 1448.54
1639448660, 0, 52, 137, 113, 19, 0.52%, 5, 0, 3, 1440.26
1639448665, 0, 60, 146, 118, 19, 0.52%, 5, 0, 3, 1431.29
1639448671, 0, 60, 149, 121, 19, 0.52%, 5, 0, 3, 1422.70
1639448676, 0, 91, 155, 119, 14, 0.53%, 5, 0, 3, 1422.43
1639448681, 0, 137, 161, 116, 8, 0.54%, 5, 0, 4, 1415.12
1639448686, 0, 157, 169, 119, 7, 0.55%, 5, 0, 5, 1441.49
1639448691, 0, 163, 178, 125, 4, 0.55%, 5, 0, 5, 1452.77
1639448696, 0, 167, 179, 123, 4, 0.55%, 6, 0, 5, 1446.00
1639448701, 0, 170, 186, 129, 3, 0.56%, 6, 0, 6, 1400.83
1639448706, 0, 178, 203, 144, 2, 0.59%, 6, 0, 6, 1419.73
1639448711, 0, 183, 208, 148, 8, 0.60%, 6, 0, 7, 1417.11
1639448716, 0, 189, 214, 153, 8, 0.60%, 6, 0, 7, 1420.12
1639448721, 0, 195, 220, 156, 7, 0.61%, 7, 0, 7, 1448.17
1639448727, 0, 207, 224, 157, 9, 0.63%, 7, 0, 7, 2246.30
1639448732, 0, 216, 234, 165, 8, 0.63%, 7, 0, 8, 1587.61
1639448737, 0, 218, 240, 170, 7, 0.65%, 7, 0, 8, 1447.54
1639448742, 0, 224, 242, 167, 5, 0.65%, 7, 0, 9, 1416.84
1639448747, 0, 235, 245, 169, 4, 0.65%, 7, 0, 9, 1427.43
1639448752, 0, 237, 246, 168, 4, 0.65%, 7, 0, 9, 1440.22
1639448757, 0, 241, 247, 167, 2, 0.65%, 7, 0, 10, 1435.59
1639448762, 0, 247, 250, 167, 1, 0.66%, 8, 0, 11, 1442.63
1639448767, 1, 11, 252, 165, 0, 0.66%, 8, 0, 11, 1437.99
1639448772, 1, 253, 256, 166, 1, 0.66%, 8, 0, 11, 1418.09
1639448777, 1, 255, 258, 167, 0, 0.66%, 8, 0, 11, 1440.51
1639448783, 1, 259, 260, 167, 0, 0.66%, 8, 0, 11, 1412.17
1639448788, 2, 13, 260, 166, 0, 0.66%, 8, 0, 11, 1433.86
1639448793, 2, 33, 260, 160, 0, 0.66%, 8, 0, 11, 1289.45
1639448798, 2, 56, 261, 157, 0, 0.66%, 8, 0, 11, 1373.33
1639448803, 2, 231, 265, 157, 1, 0.66%, 8, 0, 11, 1408.71
1639448808, 3, 27, 265, 154, 0, 0.66%, 8, 0, 11, 1425.62
1639448813, 3, 52, 265, 149, 0, 0.66%, 9, 0, 11, 1434.00
1639448818, 3, 74, 266, 148, 0, 0.66%, 9, 0, 11, 1448.61
1639448823, 3, 97, 266, 142, 0, 0.66%, 9, 0, 11, 1433.22
1639448829, 3, 130, 266, 134, 0, 0.66%, 10, 0, 11, 1417.98
1639448834, 3, 157, 266, 131, 0, 0.66%, 10, 0, 11, 1424.54
1639448839, 3, 166, 266, 130, 0, 0.66%, 10, 0, 11, 1409.45
1639448844, 3, 169, 266, 129, 0, 0.66%, 10, 0, 11, 1429.14
1639448849, 3, 182, 266, 126, 0, 0.66%, 10, 0, 11, 1412.54
1639448854, 3, 186, 266, 123, 0, 0.66%, 10, 0, 11, 1406.95
1639448859, 3, 200, 266, 121, 0, 0.66%, 10, 0, 11, 1405.64
1639448864, 3, 208, 268, 122, 0, 0.66%, 10, 0, 11, 1420.29
1639448869, 3, 218, 268, 119, 0, 0.66%, 10, 0, 11, 1423.72
1639448874, 3, 223, 269, 120, 0, 0.67%, 10, 0, 11, 1419.69
1639448879, 3, 268, 273, 122, 1, 0.67%, 10, 0, 11, 1430.35
1639448884, 3, 268, 276, 125, 1, 0.67%, 10, 0, 11, 1424.80
1639448889, 3, 271, 277, 124, 2, 0.67%, 10, 0, 11, 1418.68
1639448894, 3, 277, 282, 128, 1, 0.68%, 10, 0, 11, 1413.45
1639448899, 3, 280, 283, 128, 2, 0.68%, 10, 0, 12, 1411.94
1639448909, 3, 282, 287, 130, 1, 0.68%, 10, 0, 13, 1403.96
1639448915, 3, 286, 287, 129, 1, 0.68%, 10, 0, 13, 1403.77
1639448920, 4, 9, 287, 128, 0, 0.68%, 10, 0, 13, 1417.41
1639448925, 4, 51, 287, 126, 0, 0.68%, 10, 0, 13, 1427.50
1639448930, 4, 89, 287, 122, 0, 0.68%, 10, 0, 13, 1438.43
1639448935, 4, 128, 287, 120, 0, 0.68%, 11, 0, 13, 1442.01
1639448940, 4, 287, 289, 120, 1, 0.69%, 11, 0, 13, 1443.48
