# unix_time, cycles_done, cur_path, paths_total, pending_total, pending_favs, map_size, unique_crashes, unique_hangs, max_depth, execs_per_sec
1639554057, 0, 0, 1, 1, 1, 0.12%, 0, 0, 1, 2000.00
1639554062, 0, 0, 75, 75, 1, 0.40%, 5, 0, 2, 1557.02
1639554067, 0, 4, 100, 98, 32, 0.43%, 5, 0, 3, 1467.68
1639554072, 0, 12, 122, 116, 36, 0.48%, 6, 0, 3, 1453.50
1639554077, 0, 48, 135, 116, 25, 0.49%, 6, 0, 3, 1403.05
1639554082, 0, 67, 152, 125, 17, 0.50%, 7, 0, 3, 1399.12
1639554087, 0, 79, 163, 133, 16, 0.52%, 7, 0, 3, 1429.42
1639554093, 0, 110, 166, 132, 18, 0.52%, 7, 0, 4, 1420.26
1639554098, 0, 119, 172, 134, 17, 0.55%, 7, 0, 4, 1403.68
1639554103, 0, 157, 178, 132, 12, 0.56%, 7, 0, 4, 1407.27
1639554108, 0, 159, 186, 138, 11, 0.57%, 7, 0, 4, 1430.57
1639554113, 0, 166, 190, 138, 11, 0.57%, 7, 0, 4, 1446.44
1639554118, 0, 171, 197, 144, 10, 0.58%, 7, 0, 5, 1406.76
1639554123, 0, 177, 202, 146, 11, 0.58%, 7, 0, 5, 1441.59
1639554128, 0, 180, 213, 156, 15, 0.61%, 7, 0, 5, 1457.52
1639554133, 0, 197, 216, 155, 12, 0.61%, 7, 0, 5, 1444.22
1639554138, 0, 200, 219, 157, 11, 0.61%, 7, 0, 6, 1412.03
1639554143, 0, 206, 233, 170, 10, 0.62%, 7, 0, 6, 1435.46
1639554148, 0, 209, 238, 172, 13, 0.64%, 7, 0, 6, 1453.59
1639554153, 0, 220, 243, 174, 10, 0.64%, 7, 0, 7, 1457.63
1639554159, 0, 230, 247, 176, 8, 0.64%, 7, 0, 7, 1455.65
1639554164, 0, 236, 250, 177, 6, 0.64%, 7, 0, 7, 1461.56
1639554169, 1, 100, 252, 174, 2, 0.64%, 7, 0, 7, 1452.12
1639554174, 1, 134, 252, 169, 0, 0.64%, 7, 0, 7, 1378.28
1639554179, 1, 159, 254, 165, 0, 0.64%, 8, 0, 7, 1386.48
1639554184, 1, 173, 255, 163, 0, 0.64%, 8, 0, 7, 1334.40
1639554189, 1, 182, 256, 164, 0, 0.64%, 8, 0, 7, 1403.73
1639554194, 1, 191, 257, 163, 0, 0.64%, 10, 0, 7, 1424.62
1639554199, 1, 199, 257, 160, 0, 0.64%, 10, 0, 7, 1391.88
1639554204, 1, 211, 257, 159, 0, 0.64%, 10, 0, 7, 1421.85
1639554209, 1, 220, 258, 159, 0, 0.64%, 10, 0, 7, 1451.02
1639554214, 1, 225, 259, 159, 0, 0.64%, 10, 0, 7, 1427.75
1639554220, 1, 233, 260, 159, 0, 0.64%, 10, 0, 7, 1419.68
1639554225, 1, 262, 263, 161, 1, 0.65%, 10, 0, 7, 1426.95
1639554230, 2, 33, 263, 155, 0, 0.65%, 10, 0, 7, 1408.15
1639554235, 2, 266, 269, 158, 1, 0.65%, 10, 0, 7, 1426.86
1639554240, 2, 266, 270, 159, 1, 0.65%, 10, 0, 7, 1423.74
1639554245, 2, 268, 274, 162, 1, 0.65%, 10, 0, 7, 1416.41
1639554250, 3, 17, 274, 161, 0, 0.65%, 11, 0, 7, 1416.12
1639554255, 3, 48, 274, 156, 0, 0.65%, 11, 0, 7, 1425.48
1639554260, 3, 62, 277, 157, 0, 0.65%, 11, 0, 7, 1406.46
1639554266, 3, 75, 277, 154, 0, 0.65%, 11, 0, 7, 1416.09
1639554271, 3, 104, 279, 149, 0, 0.65%, 11, 0, 7, 1395.81
1639554276, 3, 121, 280, 149, 0, 0.65%, 11, 0, 7, 1408.15
1639554281, 3, 158, 280, 142, 0, 0.65%, 11, 0, 7, 1891.69
1639554286, 3, 184, 281, 142, 0, 0.65%, 11, 0, 7, 2472.92
1639554291, 3, 204, 283, 142, 0, 0.65%, 11, 0, 7, 1804.02
1639554296, 3, 211, 284, 142, 0, 0.65%, 11, 0, 7, 1498.21
1639554301, 3, 227, 284, 141, 0, 0.65%, 11, 0, 7, 1434.92
1639554306, 3, 233, 284, 140, 0, 0.65%, 11, 0, 7, 1393.78
1639554311, 3, 238, 284, 140, 0, 0.65%, 11, 0, 7, 1417.55
1639554316, 3, 250, 284, 137, 0, 0.65%, 11, 0, 7, 1434.30
1639554321, 3, 254, 285, 137, 0, 0.65%, 11, 0, 7, 1431.68
1639554326, 3, 268, 285, 135, 0, 0.65%, 11, 0, 7, 1442.22
1639554331, 3, 274, 285, 134, 0, 0.65%, 11, 0, 7, 1446.34
1639554336, 3, 279, 285, 132, 0, 0.65%, 11, 0, 7, 1442.32
1639554341, 3, 283, 287, 132, 0, 0.65%, 11, 0, 7, 1445.22
1639554346, 3, 288, 290, 134, 1, 0.65%, 11, 0, 8, 1434.28
1639554351, 3, 288, 295, 139, 1, 0.66%, 11, 0, 8, 1409.59
1639554356, 3, 290, 299, 142, 2, 0.66%, 11, 0, 9, 1441.56
