# unix_time, cycles_done, cur_path, paths_total, pending_total, pending_favs, map_size, unique_crashes, unique_hangs, max_depth, execs_per_sec
1639444418, 0, 0, 1, 1, 1, 0.12%, 0, 0, 1, 1333.33
1639444423, 0, 0, 83, 83, 1, 0.45%, 5, 0, 2, 1402.69
1639444429, 0, 15, 122, 118, 43, 0.51%, 5, 0, 3, 1422.35
1639444434, 0, 40, 140, 123, 34, 0.52%, 5, 0, 3, 1439.64
1639444439, 0, 40, 145, 128, 34, 0.52%, 5, 0, 3, 1470.61
1639444444, 0, 95, 160, 125, 13, 0.54%, 6, 0, 4, 2168.62
1639444449, 0, 149, 170, 126, 7, 0.55%, 6, 0, 4, 1677.49
1639444454, 0, 164, 184, 136, 9, 0.58%, 6, 0, 5, 1467.93
1639444459, 0, 169, 187, 136, 9, 0.58%, 6, 0, 5, 1447.15
1639444464, 0, 177, 195, 142, 7, 0.58%, 6, 0, 6, 1435.70
1639444469, 0, 183, 200, 144, 8, 0.59%, 6, 0, 6, 1428.05
1639444474, 0, 188, 201, 142, 6, 0.59%, 6, 0, 7, 1452.73
1639444480, 0, 193, 205, 144, 7, 0.60%, 7, 0, 7, 1469.15
1639444485, 0, 196, 219, 157, 6, 0.61%, 7, 0, 7, 1475.66
1639444490, 0, 203, 221, 155, 9, 0.62%, 7, 0, 8, 1461.99
1639444495, 0, 213, 226, 158, 9, 0.63%, 7, 0, 8, 1457.01
1639444500, 0, 214, 228, 159, 9, 0.63%, 7, 0, 8, 1458.92
1639444505, 0, 217, 231, 160, 8, 0.63%, 8, 0, 8, 1453.73
1639444510, 0, 218, 235, 163, 8, 0.63%, 8, 0, 8, 1454.35
1639444515, 0, 219, 239, 166, 7, 0.64%, 8, 0, 9, 1459.46
1639444520, 0, 221, 242, 168, 9, 0.64%, 8, 0, 9, 1464.47
1639444525, 0, 224, 242, 166, 8, 0.64%, 8, 0, 9, 1446.78
1639444530, 0, 228, 245, 168, 7, 0.64%, 8, 0, 9, 1443.37
1639444535, 0, 229, 246, 168, 6, 0.64%, 8, 0, 9, 1456.04
1639444540, 0, 237, 249, 169, 4, 0.65%, 8, 0, 10, 1450.61
1639444545, 0, 240, 253, 171, 4, 0.65%, 8, 0, 10, 1459.02
1639444551, 0, 247, 253, 169, 2, 0.65%, 8, 0, 10, 1464.12
1639444556, 1, 151, 254, 166, 0, 0.65%, 8, 0, 10, 1455.38
1639444561, 1, 165, 254, 162, 0, 0.65%, 9, 0, 10, 1435.66
1639444566, 1, 169, 258, 165, 0, 0.65%, 9, 0, 10, 1453.93
1639444571, 1, 184, 258, 163, 0, 0.65%, 9, 0, 10, 1457.55
1639444576, 1, 194, 258, 162, 0, 0.65%, 9, 0, 10, 1454.06
1639444581, 1, 258, 262, 163, 1, 0.66%, 9, 0, 10, 1460.43
1639444586, 1, 258, 265, 166, 1, 0.66%, 9, 0, 10, 1341.53
1639444591, 1, 261, 269, 169, 3, 0.70%, 9, 0, 10, 1441.22
1639444596, 1, 265, 271, 168, 6, 0.71%, 9, 0, 10, 1460.38
1639444601, 1, 267, 273, 168, 4, 0.71%, 9, 0, 10, 1470.84
1639444606, 1, 267, 279, 174, 4, 0.72%, 9, 0, 10, 1474.70
1639444611, 1, 269, 285, 178, 10, 0.72%, 9, 0, 10, 1457.50
1639444616, 1, 270, 286, 178, 12, 0.73%, 9, 0, 10, 1463.53
1639444621, 1, 271, 286, 177, 12, 0.73%, 9, 0, 10, 1469.29
1639444626, 1, 273, 286, 175, 10, 0.73%, 9, 0, 10, 1464.97
1639444631, 1, 274, 289, 177, 9, 0.73%, 9, 0, 11, 1467.74
1639444636, 1, 275, 289, 176, 10, 0.73%, 9, 0, 11, 1469.76
1639444641, 1, 276, 290, 176, 9, 0.73%, 9, 0, 11, 1462.02
1639444646, 1, 278, 292, 176, 7, 0.73%, 9, 0, 11, 1465.34
1639444652, 1, 279, 295, 178, 7, 0.74%, 9, 0, 11, 1457.39
1639444657, 1, 280, 298, 180, 6, 0.74%, 9, 0, 11, 1470.17
1639444662, 1, 285, 298, 178, 4, 0.74%, 9, 0, 11, 1470.10
1639444667, 1, 287, 303, 182, 3, 0.74%, 9, 0, 12, 1458.35
1639444672, 1, 288, 304, 182, 4, 0.74%, 9, 0, 12, 1427.47
1639444677, 1, 292, 309, 186, 3, 0.74%, 10, 0, 12, 1437.64
1639444682, 1, 298, 312, 188, 3, 0.74%, 10, 0, 13, 1466.97
1639444687, 1, 300, 314, 189, 3, 0.74%, 10, 0, 13, 1468.74
1639444692, 1, 306, 321, 195, 3, 0.75%, 10, 0, 13, 1472.04
1639444697, 1, 314, 325, 198, 3, 0.79%, 10, 0, 13, 1450.97
1639444707, 1, 319, 328, 200, 2, 0.79%, 10, 0, 14, 1445.99
1639444712, 1, 324, 332, 203, 1, 0.79%, 10, 0, 14, 1454.51
1639444717, 1, 328, 333, 203, 5, 0.79%, 10, 0, 14, 1448.50
