# unix_time, cycles_done, cur_path, paths_total, pending_total, pending_favs, map_size, unique_crashes, unique_hangs, max_depth, execs_per_sec
1639487591, 0, 0, 1, 1, 1, 0.12%, 0, 0, 1, 2000.00
1639487596, 0, 0, 79, 79, 1, 0.47%, 3, 0, 2, 1555.25
1639487601, 0, 7, 111, 108, 40, 0.49%, 4, 0, 3, 1470.96
1639487606, 0, 65, 161, 134, 22, 0.55%, 5, 0, 3, 2363.09
1639487611, 0, 133, 191, 151, 23, 0.61%, 5, 0, 4, 2497.80
1639487616, 0, 146, 202, 156, 19, 0.62%, 5, 0, 4, 1653.81
1639487621, 0, 165, 204, 154, 17, 0.62%, 5, 0, 4, 1480.14
1639487626, 0, 183, 205, 149, 11, 0.62%, 5, 0, 5, 1468.45
1639487631, 0, 189, 207, 146, 7, 0.62%, 5, 0, 5, 1449.33
1639487636, 0, 205, 211, 147, 4, 0.62%, 7, 0, 6, 1452.89
1639487641, 0, 209, 214, 148, 3, 0.62%, 8, 0, 7, 1439.58
1639487646, 1, 65, 215, 145, 0, 0.62%, 8, 0, 7, 1437.79
1639487652, 2, 24, 216, 141, 0, 0.62%, 8, 0, 7, 1464.22
1639487657, 2, 144, 221, 142, 1, 0.67%, 9, 0, 7, 1446.07
1639487662, 3, 16, 225, 142, 0, 0.67%, 10, 0, 7, 1446.15
1639487667, 3, 226, 232, 142, 0, 0.67%, 10, 0, 7, 1463.96
1639487672, 3, 233, 236, 145, 1, 0.68%, 10, 0, 7, 1457.68
1639487677, 3, 235, 238, 145, 1, 0.68%, 10, 0, 7, 1464.32
1639487682, 3, 238, 243, 148, 0, 0.68%, 10, 0, 7, 1450.91
1639487687, 4, 10, 244, 146, 0, 0.68%, 10, 0, 7, 1433.38
1639487692, 4, 242, 247, 147, 1, 0.69%, 10, 0, 7, 1429.62
1639487697, 5, 10, 247, 144, 0, 0.69%, 10, 0, 7, 1454.26
1639487703, 5, 247, 249, 143, 1, 0.69%, 11, 0, 7, 1454.91
1639487708, 6, 32, 251, 143, 0, 0.69%, 11, 0, 7, 1452.52
1639487713, 6, 70, 251, 138, 0, 0.69%, 11, 0, 7, 1448.94
1639487718, 6, 123, 251, 133, 0, 0.69%, 11, 0, 7, 1442.48
1639487723, 6, 144, 251, 129, 0, 0.69%, 11, 0, 7, 1444.58
1639487728, 6, 159, 252, 125, 0, 0.69%, 11, 0, 7, 1430.31
1639487733, 6, 173, 252, 122, 0, 0.69%, 11, 0, 7, 1456.98
1639487738, 6, 186, 252, 122, 0, 0.69%, 11, 0, 7, 1470.41
1639487743, 6, 191, 252, 121, 0, 0.69%, 11, 0, 7, 1469.12
1639487748, 6, 208, 253, 119, 0, 0.69%, 11, 0, 7, 1437.30
1639487754, 6, 253, 254, 119, 1, 0.69%, 11, 0, 7, 1412.59
1639487759, 7, 14, 255, 119, 0, 0.69%, 11, 0, 8, 1455.23
1639487764, 7, 58, 256, 119, 0, 0.69%, 12, 0, 8, 1470.81
1639487769, 7, 256, 259, 121, 2, 0.70%, 12, 0, 8, 1454.17
1639487774, 7, 258, 263, 123, 1, 0.70%, 12, 0, 8, 1447.77
1639487779, 7, 258, 265, 125, 1, 0.70%, 12, 0, 8, 1448.75
1639487784, 7, 263, 267, 126, 1, 0.70%, 12, 0, 8, 1446.25
1639487789, 7, 265, 268, 126, 0, 0.70%, 12, 0, 8, 1450.72
1639487794, 8, 6, 269, 126, 0, 0.70%, 12, 0, 8, 1459.68
1639487800, 8, 48, 270, 127, 0, 0.70%, 12, 0, 8, 1455.97
1639487805, 8, 269, 274, 129, 1, 0.71%, 12, 0, 8, 1472.35
1639487810, 8, 270, 274, 128, 2, 0.71%, 13, 0, 8, 1458.15
1639487815, 8, 273, 276, 129, 1, 0.71%, 13, 0, 8, 1467.33
1639487820, 8, 273, 278, 131, 1, 0.71%, 13, 0, 8, 1452.65
1639487825, 8, 275, 286, 138, 2, 0.72%, 13, 0, 8, 1462.05
1639487830, 8, 275, 290, 142, 2, 0.72%, 13, 0, 8, 1461.68
1639487835, 8, 276, 292, 143, 4, 0.73%, 13, 0, 8, 1462.26
1639487840, 8, 276, 293, 144, 4, 0.74%, 13, 0, 8, 1449.45
1639487845, 8, 282, 293, 143, 5, 0.74%, 13, 0, 8, 1463.35
1639487850, 8, 283, 295, 144, 4, 0.75%, 13, 0, 8, 1476.96
1639487855, 8, 283, 296, 145, 4, 0.75%, 14, 0, 8, 1460.45
1639487860, 8, 284, 299, 147, 4, 0.75%, 14, 0, 8, 1459.90
1639487870, 8, 291, 301, 148, 5, 0.77%, 14, 0, 8, 1372.01
1639487876, 8, 292, 304, 150, 5, 0.77%, 14, 0, 8, 1422.69
1639487881, 8, 292, 307, 153, 5, 0.77%, 14, 0, 8, 1445.81
1639487886, 8, 294, 309, 154, 5, 0.77%, 14, 0, 8, 1413.72
