# unix_time, cycles_done, cur_path, paths_total, pending_total, pending_favs, map_size, unique_crashes, unique_hangs, max_depth, execs_per_sec
1639588214, 0, 0, 1, 1, 1, 0.11%, 0, 0, 1, 1000.00
1639588219, 0, 0, 76, 76, 1, 0.41%, 3, 0, 2, 1111.07
1639588224, 0, 3, 95, 94, 40, 0.45%, 3, 0, 3, 1673.64
1639588229, 0, 10, 118, 112, 41, 0.49%, 4, 0, 3, 1291.40
1639588234, 0, 35, 134, 117, 31, 0.49%, 5, 0, 3, 1233.26
1639588240, 0, 48, 146, 123, 25, 0.49%, 5, 0, 3, 1214.66
1639588245, 0, 61, 151, 125, 23, 0.49%, 6, 0, 3, 1214.74
1639588250, 0, 83, 160, 126, 16, 0.50%, 6, 0, 3, 1203.30
1639588255, 0, 102, 166, 126, 11, 0.51%, 6, 0, 4, 1263.90
1639588260, 0, 140, 178, 132, 9, 0.53%, 6, 0, 4, 1245.91
1639588265, 0, 167, 188, 137, 8, 0.54%, 7, 0, 4, 1251.36
1639588270, 0, 172, 195, 142, 6, 0.55%, 7, 0, 5, 1276.58
1639588275, 0, 180, 198, 143, 6, 0.55%, 9, 0, 5, 1149.51
1639588280, 0, 182, 203, 147, 6, 0.56%, 12, 0, 5, 1175.30
1639588285, 0, 182, 206, 150, 6, 0.56%, 12, 0, 5, 1156.71
1639588290, 0, 192, 208, 149, 7, 0.56%, 13, 0, 5, 1193.92
1639588296, 0, 200, 210, 148, 5, 0.56%, 13, 0, 6, 1264.06
1639588301, 0, 205, 213, 148, 3, 0.57%, 14, 0, 6, 1311.19
1639588306, 0, 209, 223, 157, 4, 0.60%, 15, 0, 7, 1302.79
1639588311, 0, 213, 224, 155, 7, 0.60%, 15, 0, 7, 1316.50
1639588316, 0, 218, 226, 155, 5, 0.60%, 15, 0, 8, 1306.48
1639588321, 0, 219, 229, 157, 4, 0.60%, 16, 0, 8, 1324.01
1639588326, 0, 222, 230, 156, 2, 0.60%, 16, 0, 8, 1312.47
1639588331, 0, 230, 233, 157, 0, 0.60%, 16, 0, 9, 1300.11
1639588336, 1, 24, 234, 155, 0, 0.60%, 16, 0, 9, 1303.41
1639588341, 1, 52, 234, 150, 0, 0.60%, 16, 0, 9, 1304.45
1639588346, 1, 73, 234, 145, 0, 0.60%, 16, 0, 9, 1173.74
1639588351, 1, 92, 235, 144, 0, 0.60%, 17, 0, 9, 1239.34
1639588357, 1, 235, 237, 141, 1, 0.61%, 17, 0, 9, 1239.53
1639588362, 1, 235, 239, 143, 1, 0.61%, 17, 0, 9, 1290.32
1639588367, 1, 238, 244, 146, 1, 0.61%, 17, 0, 9, 1314.76
1639588372, 1, 238, 245, 147, 1, 0.61%, 17, 0, 9, 1295.12
1639588377, 1, 244, 253, 154, 3, 0.66%, 17, 0, 9, 1331.29
1639588382, 1, 245, 255, 155, 9, 0.66%, 17, 0, 9, 1283.34
1639588387, 1, 248, 255, 152, 6, 0.66%, 17, 0, 9, 1258.52
1639588392, 1, 249, 260, 156, 5, 0.67%, 17, 0, 9, 1264.74
1639588397, 1, 250, 264, 159, 10, 0.68%, 17, 0, 9, 1251.05
1639588402, 1, 250, 266, 161, 10, 0.68%, 17, 0, 9, 1206.16
1639588407, 1, 251, 268, 162, 11, 0.68%, 17, 0, 9, 1149.31
1639588413, 1, 255, 268, 160, 10, 0.68%, 17, 0, 9, 1128.41
1639588418, 1, 256, 269, 160, 9, 0.68%, 17, 0, 9, 1141.10
1639588423, 1, 257, 269, 159, 8, 0.68%, 17, 0, 9, 1146.20
1639588428, 1, 259, 269, 157, 6, 0.68%, 17, 0, 9, 1152.97
1639588433, 1, 261, 270, 157, 5, 0.68%, 17, 0, 9, 1212.67
1639588438, 1, 262, 271, 157, 5, 0.68%, 17, 0, 9, 1306.62
1639588443, 1, 263, 272, 157, 4, 0.68%, 17, 0, 9, 1271.34
1639588448, 1, 265, 272, 156, 3, 0.68%, 17, 0, 9, 1303.76
1639588453, 1, 267, 275, 158, 2, 0.68%, 17, 0, 9, 1280.73
1639588463, 1, 270, 279, 161, 1, 0.68%, 17, 0, 10, 1267.85
1639588468, 1, 277, 282, 163, 2, 0.69%, 18, 0, 11, 1230.27
1639588473, 1, 279, 282, 162, 1, 0.69%, 18, 0, 11, 1245.91
1639588478, 2, 13, 282, 161, 0, 0.69%, 18, 0, 11, 1248.74
1639588483, 2, 42, 282, 157, 0, 0.69%, 18, 0, 11, 1268.17
1639588489, 2, 73, 282, 157, 0, 0.69%, 18, 0, 11, 1158.67
1639588494, 2, 88, 283, 155, 0, 0.69%, 18, 0, 11, 1092.59
1639588499, 2, 115, 283, 151, 0, 0.69%, 18, 0, 11, 1050.20
1639588504, 2, 150, 284, 149, 0, 0.69%, 18, 0, 11, 1010.62
1639588509, 2, 167, 285, 147, 0, 0.69%, 18, 0, 11, 976.34
1639588514, 2, 177, 285, 146, 0, 0.69%, 18, 0, 11, 993.75
