# unix_time, cycles_done, cur_path, paths_total, pending_total, pending_favs, map_size, unique_crashes, unique_hangs, max_depth, execs_per_sec
1639557676, 0, 0, 1, 1, 1, 0.12%, 0, 0, 1, 2000.00
1639557682, 0, 0, 87, 87, 1, 0.45%, 3, 0, 2, 1559.26
1639557687, 0, 14, 113, 109, 39, 0.46%, 4, 0, 3, 1502.98
1639557692, 0, 25, 120, 112, 36, 0.46%, 4, 0, 3, 1465.12
1639557697, 0, 39, 143, 126, 31, 0.49%, 5, 0, 3, 1435.23
1639557702, 0, 63, 148, 119, 21, 0.49%, 5, 0, 3, 1456.85
1639557707, 0, 70, 163, 131, 18, 0.52%, 5, 0, 3, 1448.13
1639557712, 0, 116, 174, 135, 15, 0.53%, 5, 0, 4, 1443.32
1639557717, 0, 147, 178, 130, 6, 0.53%, 5, 0, 4, 1460.80
1639557722, 0, 147, 184, 136, 6, 0.54%, 7, 0, 4, 1428.55
1639557727, 0, 160, 188, 136, 6, 0.55%, 7, 0, 4, 1445.32
1639557732, 0, 178, 195, 141, 6, 0.57%, 7, 0, 5, 1468.48
1639557737, 0, 183, 198, 142, 9, 0.58%, 7, 0, 5, 1471.43
1639557742, 0, 184, 205, 148, 8, 0.58%, 7, 0, 5, 1462.45
1639557747, 0, 190, 212, 153, 9, 0.59%, 8, 0, 6, 1423.28
1639557752, 0, 193, 220, 159, 11, 0.60%, 8, 0, 6, 1439.87
1639557758, 0, 194, 226, 164, 15, 0.63%, 9, 0, 6, 1437.68
1639557763, 0, 202, 231, 165, 16, 0.64%, 9, 0, 6, 1449.24
1639557768, 0, 210, 233, 164, 13, 0.64%, 10, 0, 7, 1448.10
1639557773, 0, 219, 242, 168, 10, 0.64%, 10, 0, 7, 1428.63
1639557778, 0, 221, 246, 171, 9, 0.65%, 10, 0, 7, 1463.07
1639557783, 0, 223, 252, 175, 9, 0.65%, 10, 0, 7, 1408.63
1639557788, 0, 225, 253, 174, 7, 0.65%, 10, 0, 7, 1448.25
1639557793, 0, 232, 255, 173, 5, 0.65%, 10, 0, 8, 1442.96
1639557798, 0, 247, 257, 172, 3, 0.65%, 10, 0, 8, 1457.15
1639557803, 0, 252, 261, 175, 3, 0.65%, 10, 0, 8, 1469.24
1639557808, 0, 254, 267, 180, 2, 0.65%, 10, 0, 9, 1423.05
1639557813, 0, 255, 269, 181, 1, 0.65%, 11, 0, 9, 1450.67
1639557818, 0, 267, 275, 186, 1, 0.65%, 11, 0, 10, 1464.17
1639557824, 0, 276, 279, 187, 1, 0.69%, 12, 0, 12, 1461.21
1639557829, 0, 276, 290, 198, 1, 0.72%, 12, 0, 12, 1461.56
1639557834, 0, 279, 290, 195, 9, 0.72%, 12, 0, 12, 1462.34
1639557839, 0, 284, 293, 194, 5, 0.72%, 14, 0, 13, 1462.29
1639557844, 0, 285, 296, 196, 5, 0.72%, 14, 0, 13, 1469.96
1639557849, 0, 290, 297, 194, 2, 0.72%, 14, 0, 13, 1448.10
1639557854, 1, 20, 299, 188, 0, 0.72%, 14, 0, 13, 1457.01
1639557859, 1, 44, 300, 185, 0, 0.72%, 14, 0, 13, 1432.29
1639557864, 1, 72, 301, 183, 0, 0.72%, 15, 0, 13, 1454.41
1639557869, 1, 109, 301, 177, 0, 0.72%, 15, 0, 13, 1425.76
1639557874, 1, 134, 302, 174, 0, 0.72%, 15, 0, 13, 1448.95
1639557879, 1, 152, 303, 172, 0, 0.72%, 15, 0, 13, 1437.84
1639557884, 1, 182, 303, 166, 0, 0.72%, 16, 0, 13, 1421.76
1639557889, 1, 190, 303, 166, 0, 0.72%, 16, 0, 13, 1433.19
1639557894, 1, 202, 303, 165, 0, 0.72%, 16, 0, 13, 1444.78
1639557900, 1, 215, 304, 165, 0, 0.72%, 16, 0, 13, 1444.18
1639557905, 1, 224, 304, 165, 0, 0.72%, 16, 0, 13, 1418.11
1639557910, 1, 233, 305, 166, 0, 0.72%, 16, 0, 13, 1443.73
1639557915, 1, 242, 306, 163, 0, 0.72%, 16, 0, 13, 1443.02
1639557920, 1, 306, 309, 163, 1, 0.72%, 16, 0, 13, 1447.30
1639557925, 1, 306, 310, 164, 1, 0.72%, 16, 0, 13, 1450.85
1639557930, 1, 310, 316, 169, 1, 0.73%, 16, 0, 13, 1447.49
1639557935, 1, 310, 318, 171, 1, 0.73%, 16, 0, 13, 1442.16
1639557940, 1, 318, 321, 172, 1, 0.73%, 16, 0, 13, 1562.40
1639557945, 1, 320, 323, 173, 0, 0.73%, 17, 0, 13, 2064.11
1639557950, 1, 322, 324, 173, 0, 0.73%, 17, 0, 13, 1556.53
1639557956, 1, 323, 327, 175, 0, 0.73%, 17, 0, 14, 1471.84
1639557961, 1, 326, 328, 175, 0, 0.73%, 17, 0, 15, 1467.24
1639557966, 2, 3, 328, 174, 0, 0.73%, 17, 0, 15, 1431.35
1639557971, 2, 42, 328, 172, 0, 0.73%, 17, 0, 15, 1288.43
1639557976, 2, 67, 329, 169, 0, 0.73%, 17, 0, 15, 1425.37
