# unix_time, cycles_done, cur_path, paths_total, pending_total, pending_favs, map_size, unique_crashes, unique_hangs, max_depth, execs_per_sec
1639560389, 0, 0, 1, 1, 1, 0.12%, 0, 0, 1, 2000.00
1639560395, 0, 9, 105, 103, 37, 0.47%, 6, 0, 3, 2018.23
1639560400, 0, 19, 110, 104, 36, 0.47%, 6, 0, 3, 1493.07
1639560405, 0, 31, 129, 113, 30, 0.49%, 6, 0, 3, 1436.13
1639560410, 0, 48, 141, 115, 22, 0.51%, 7, 0, 3, 1418.18
1639560415, 0, 71, 156, 122, 19, 0.52%, 7, 0, 3, 1428.23
1639560420, 0, 94, 160, 120, 14, 0.53%, 7, 0, 3, 1373.63
1639560425, 0, 145, 171, 122, 7, 0.54%, 8, 0, 4, 1408.54
1639560430, 0, 150, 179, 129, 6, 0.56%, 8, 0, 4, 1390.07
1639560435, 0, 170, 187, 133, 6, 0.56%, 8, 0, 5, 1411.18
1639560440, 0, 176, 192, 136, 6, 0.58%, 8, 0, 5, 1364.93
1639560445, 0, 181, 199, 140, 7, 0.58%, 8, 0, 5, 1424.28
1639560450, 0, 187, 204, 143, 9, 0.58%, 9, 0, 6, 1377.60
1639560455, 0, 192, 223, 159, 11, 0.62%, 13, 0, 6, 1070.07
1639560460, 0, 203, 225, 157, 7, 0.62%, 13, 0, 6, 1312.98
1639560465, 0, 204, 228, 159, 6, 0.62%, 14, 0, 7, 899.61
1639560470, 0, 204, 230, 161, 6, 0.62%, 14, 0, 7, 667.72
1639560481, 0, 222, 230, 156, 2, 0.62%, 14, 0, 7, 1215.70
1639560486, 1, 17, 234, 154, 0, 0.62%, 14, 0, 8, 1391.37
1639560491, 1, 234, 252, 169, 4, 0.64%, 14, 0, 8, 1413.54
1639560496, 1, 245, 259, 174, 4, 0.64%, 15, 0, 8, 237.25
1639560501, 1, 250, 264, 178, 5, 0.65%, 15, 0, 8, 1676.19
1639560512, 1, 256, 265, 177, 3, 0.65%, 16, 0, 8, 1325.13
1639560517, 1, 258, 268, 179, 2, 0.65%, 16, 0, 8, 1287.75
1639560522, 2, 7, 269, 176, 0, 0.65%, 16, 0, 8, 1320.48
1639560527, 2, 33, 270, 175, 0, 0.65%, 16, 0, 8, 1355.98
1639560532, 2, 51, 272, 173, 0, 0.65%, 16, 0, 8, 1327.10
1639560537, 2, 79, 274, 170, 0, 0.65%, 17, 0, 8, 1348.94
1639560542, 2, 275, 276, 169, 1, 0.65%, 17, 0, 8, 1131.75
1639560547, 3, 34, 277, 168, 0, 0.65%, 17, 0, 8, 1319.90
1639560552, 3, 64, 278, 167, 0, 0.66%, 17, 0, 8, 1310.54
1639560558, 4, 13, 278, 164, 0, 0.66%, 17, 0, 8, 1351.02
1639560563, 4, 38, 278, 163, 0, 0.66%, 17, 0, 8, 1239.67
1639560568, 4, 63, 279, 162, 0, 0.66%, 17, 0, 8, 1206.03
1639560573, 4, 85, 280, 159, 0, 0.66%, 18, 0, 8, 1179.38
1639560578, 4, 122, 280, 149, 0, 0.66%, 19, 0, 8, 1330.30
1639560583, 4, 163, 280, 146, 0, 0.66%, 19, 0, 8, 1346.29
1639560588, 4, 183, 281, 146, 0, 0.66%, 20, 0, 8, 1346.93
1639560593, 4, 191, 282, 145, 0, 0.66%, 20, 0, 8, 1366.40
1639560599, 4, 204, 283, 146, 0, 0.66%, 20, 0, 8, 1288.16
1639560604, 4, 220, 283, 145, 0, 0.66%, 20, 0, 8, 1133.93
1639560609, 4, 229, 285, 144, 0, 0.66%, 20, 0, 8, 1334.11
1639560614, 4, 246, 286, 143, 0, 0.66%, 20, 0, 8, 1374.97
1639560619, 4, 258, 286, 142, 0, 0.66%, 20, 0, 8, 1356.35
1639560624, 4, 271, 289, 144, 0, 0.66%, 20, 0, 8, 1374.37
1639560629, 4, 275, 290, 144, 0, 0.66%, 20, 0, 8, 1373.08
1639560634, 4, 281, 292, 145, 0, 0.66%, 20, 0, 8, 1390.47
1639560639, 4, 286, 292, 143, 0, 0.66%, 20, 0, 8, 1387.14
1639560644, 5, 13, 292, 141, 0, 0.66%, 20, 0, 8, 1392.89
1639560649, 5, 46, 292, 140, 0, 0.66%, 21, 0, 8, 1340.77
1639560654, 5, 80, 293, 138, 0, 0.66%, 21, 0, 8, 1386.20
1639560659, 5, 119, 293, 133, 0, 0.66%, 21, 0, 8, 1376.54
1639560664, 5, 162, 294, 128, 0, 0.66%, 21, 0, 8, 1335.14
1639560669, 5, 171, 294, 125, 0, 0.66%, 21, 0, 8, 1379.92
1639560674, 5, 182, 294, 122, 0, 0.66%, 21, 0, 8, 1372.11
1639560679, 5, 192, 294, 121, 0, 0.66%, 21, 0, 8, 1395.59
1639560685, 5, 199, 295, 120, 0, 0.66%, 21, 0, 8, 1374.79
