# unix_time, cycles_done, cur_path, paths_total, pending_total, pending_favs, map_size, unique_crashes, unique_hangs, max_depth, execs_per_sec
1639446227, 0, 0, 1, 1, 1, 0.12%, 0, 0, 1, 2000.00
1639446232, 0, 0, 80, 80, 1, 0.47%, 5, 0, 2, 1556.34
1639446237, 0, 11, 102, 100, 39, 0.50%, 6, 0, 3, 1492.76
1639446243, 0, 24, 135, 127, 44, 0.53%, 7, 0, 3, 1462.91
1639446248, 0, 36, 152, 138, 40, 0.54%, 9, 0, 3, 1438.65
1639446253, 0, 51, 164, 141, 31, 0.55%, 11, 0, 3, 1468.93
1639446258, 0, 69, 180, 151, 26, 0.57%, 11, 0, 3, 1455.28
1639446263, 0, 93, 196, 160, 23, 0.58%, 11, 0, 4, 1469.77
1639446268, 0, 120, 209, 167, 18, 0.60%, 11, 0, 4, 1437.14
1639446273, 0, 127, 214, 169, 21, 0.62%, 12, 0, 4, 2193.07
1639446278, 0, 180, 224, 172, 20, 0.66%, 12, 0, 4, 1734.94
1639446283, 0, 184, 232, 178, 23, 0.67%, 12, 0, 4, 1272.01
1639446289, 0, 189, 236, 180, 21, 0.67%, 12, 0, 4, 1327.00
1639446294, 0, 204, 240, 181, 18, 0.67%, 12, 0, 4, 1423.43
1639446299, 0, 210, 244, 181, 15, 0.67%, 12, 0, 5, 1403.80
1639446304, 0, 220, 248, 180, 10, 0.67%, 12, 0, 5, 1422.83
1639446309, 0, 223, 253, 184, 10, 0.67%, 12, 0, 5, 1428.42
1639446314, 0, 227, 255, 182, 8, 0.68%, 12, 0, 5, 1431.12
1639446319, 0, 247, 259, 183, 5, 0.68%, 12, 0, 6, 1422.90
1639446324, 0, 247, 263, 187, 5, 0.68%, 12, 0, 6, 1423.47
1639446329, 0, 253, 269, 191, 3, 0.68%, 12, 0, 6, 1424.36
1639446334, 0, 267, 272, 192, 3, 0.68%, 12, 0, 7, 1436.63
1639446339, 1, 95, 274, 191, 0, 0.68%, 12, 0, 7, 1463.74
1639446344, 1, 127, 276, 190, 0, 0.68%, 12, 0, 7, 1463.19
1639446349, 1, 171, 278, 185, 0, 0.68%, 12, 0, 7, 1456.80
1639446354, 1, 186, 279, 182, 0, 0.68%, 12, 0, 7, 1447.75
1639446360, 1, 195, 280, 181, 0, 0.68%, 12, 0, 7, 1441.69
1639446365, 1, 205, 281, 179, 0, 0.68%, 12, 0, 7, 1458.24
1639446370, 1, 274, 284, 181, 2, 0.72%, 12, 0, 7, 1457.10
1639446375, 1, 283, 292, 187, 4, 0.73%, 13, 0, 7, 1423.70
1639446385, 1, 286, 292, 185, 6, 0.73%, 13, 0, 7, 1471.75
1639446390, 1, 287, 294, 186, 5, 0.73%, 13, 0, 7, 1456.12
1639446396, 1, 288, 295, 186, 4, 0.73%, 14, 0, 7, 1458.36
1639446401, 1, 290, 295, 184, 3, 0.73%, 14, 0, 7, 1464.50
1639446406, 1, 291, 295, 183, 2, 0.73%, 14, 0, 7, 1473.34
1639446411, 1, 294, 295, 182, 1, 0.73%, 14, 0, 7, 1475.69
1639446416, 2, 23, 295, 179, 0, 0.73%, 14, 0, 7, 1472.87
1639446421, 2, 60, 295, 177, 0, 0.73%, 14, 0, 7, 1472.50
1639446426, 2, 86, 296, 173, 0, 0.73%, 14, 0, 7, 1461.75
1639446431, 2, 94, 297, 172, 0, 0.73%, 15, 0, 7, 1450.49
1639446436, 2, 111, 297, 168, 0, 0.73%, 15, 0, 7, 1466.86
1639446441, 2, 133, 297, 162, 0, 0.73%, 15, 0, 7, 1456.90
1639446446, 2, 173, 299, 158, 0, 0.73%, 15, 0, 7, 1474.14
1639446451, 2, 192, 299, 156, 0, 0.73%, 15, 0, 7, 1455.23
1639446457, 2, 199, 305, 162, 0, 0.73%, 15, 0, 7, 1473.09
1639446462, 2, 205, 305, 160, 0, 0.73%, 15, 0, 7, 1479.80
1639446467, 2, 212, 306, 161, 0, 0.73%, 15, 0, 7, 1462.74
1639446472, 2, 215, 307, 160, 0, 0.73%, 15, 0, 7, 1468.56
1639446477, 2, 228, 307, 160, 0, 0.73%, 15, 0, 7, 1456.38
1639446482, 2, 238, 309, 159, 0, 0.73%, 15, 0, 7, 1450.14
1639446487, 2, 250, 310, 158, 0, 0.73%, 15, 0, 7, 1467.21
1639446492, 2, 260, 313, 159, 0, 0.73%, 15, 0, 7, 1453.47
1639446497, 2, 313, 318, 162, 1, 0.74%, 15, 0, 8, 1442.85
1639446502, 2, 317, 322, 165, 2, 0.74%, 15, 0, 8, 1460.98
1639446507, 2, 317, 326, 169, 2, 0.74%, 15, 0, 9, 1434.47
1639446512, 2, 318, 328, 170, 1, 0.74%, 15, 0, 9, 1445.74
1639446517, 2, 324, 330, 171, 0, 0.74%, 15, 0, 10, 1459.03
1639446522, 2, 325, 330, 170, 0, 0.74%, 15, 0, 10, 1461.98
