# unix_time, cycles_done, cur_path, paths_total, pending_total, pending_favs, map_size, unique_crashes, unique_hangs, max_depth, execs_per_sec
1639552464, 0, 0, 761, 761, 101, 0.96%, 0, 0, 1, 1236.90
1639552469, 0, 94, 761, 750, 90, 0.96%, 4, 0, 1, 1364.20
1639552474, 0, 161, 761, 740, 82, 0.96%, 6, 0, 1, 1381.38
1639552479, 0, 205, 761, 729, 73, 0.96%, 6, 0, 1, 1403.03
1639552484, 0, 301, 761, 722, 66, 0.96%, 6, 0, 1, 1391.34
1639552490, 0, 381, 761, 712, 58, 0.96%, 6, 0, 1, 1411.78
1639552495, 0, 460, 761, 701, 47, 0.96%, 6, 0, 1, 1418.47
1639552500, 0, 496, 761, 690, 36, 0.96%, 6, 0, 1, 1408.30
1639552505, 0, 566, 761, 682, 29, 0.96%, 6, 0, 1, 1383.80
1639552510, 0, 623, 761, 671, 20, 0.96%, 6, 0, 1, 1406.13
1639552515, 0, 665, 761, 666, 15, 0.96%, 6, 0, 1, 1365.11
1639552520, 0, 682, 761, 660, 10, 0.96%, 7, 0, 1, 1356.50
1639552525, 0, 721, 761, 654, 4, 0.96%, 7, 0, 1, 1370.20
1639552530, 1, 64, 761, 648, 0, 0.96%, 7, 0, 1, 1423.08
1639552535, 1, 358, 762, 641, 2, 0.97%, 7, 0, 2, 1425.57
1639552541, 1, 761, 765, 637, 1, 0.97%, 7, 0, 3, 1431.08
1639552546, 1, 763, 767, 638, 0, 0.97%, 7, 0, 3, 1411.38
1639552551, 2, 23, 767, 633, 0, 0.97%, 7, 0, 3, 1622.19
1639552556, 2, 42, 767, 627, 0, 0.97%, 7, 0, 3, 1453.22
1639552561, 2, 72, 767, 621, 0, 0.97%, 7, 0, 3, 1449.52
1639552566, 2, 100, 767, 616, 0, 0.97%, 8, 0, 3, 1425.73
1639552571, 2, 120, 767, 609, 0, 0.97%, 10, 0, 3, 1398.25
1639552576, 2, 157, 767, 599, 0, 0.97%, 11, 0, 3, 1400.02
1639552581, 2, 183, 767, 596, 0, 0.97%, 11, 0, 3, 1407.22
1639552586, 2, 210, 767, 592, 0, 0.97%, 11, 0, 3, 1416.48
1639552592, 2, 232, 767, 585, 0, 0.97%, 12, 0, 3, 1422.13
1639552597, 2, 269, 767, 578, 0, 0.97%, 12, 0, 3, 1436.55
1639552602, 2, 299, 767, 571, 0, 0.97%, 13, 0, 3, 1426.70
1639552607, 2, 316, 767, 566, 0, 0.97%, 13, 0, 3, 1419.12
1639552612, 2, 336, 767, 559, 0, 0.97%, 13, 0, 3, 1426.35
1639552617, 2, 354, 767, 551, 0, 0.97%, 14, 0, 3, 1419.49
1639552622, 2, 376, 767, 545, 0, 0.97%, 14, 0, 3, 1424.64
1639552627, 2, 404, 767, 539, 0, 0.97%, 14, 0, 3, 1427.57
1639552633, 2, 432, 767, 532, 0, 0.97%, 14, 0, 3, 1434.99
1639552638, 2, 451, 767, 525, 0, 0.97%, 14, 0, 3, 1425.79
1639552643, 2, 483, 767, 521, 0, 0.97%, 14, 0, 3, 1419.38
1639552648, 2, 515, 767, 516, 0, 0.97%, 14, 0, 3, 1441.70
1639552653, 2, 543, 767, 510, 0, 0.97%, 14, 0, 3, 1422.02
1639552658, 2, 592, 767, 504, 0, 0.97%, 14, 0, 3, 1443.53
1639552663, 2, 618, 767, 500, 0, 0.97%, 14, 0, 3, 1433.52
1639552668, 2, 643, 767, 495, 0, 0.97%, 14, 0, 3, 1391.28
1639552674, 2, 658, 767, 491, 0, 0.97%, 14, 0, 3, 1416.21
1639552679, 2, 678, 767, 488, 0, 0.97%, 14, 0, 3, 1434.99
1639552684, 2, 696, 767, 486, 0, 0.97%, 14, 0, 3, 1437.48
1639552689, 2, 726, 767, 482, 0, 0.97%, 14, 0, 3, 1444.80
1639552694, 2, 761, 767, 476, 0, 0.97%, 14, 0, 3, 1447.46
1639552699, 3, 26, 767, 469, 0, 0.97%, 14, 0, 3, 1414.62
1639552704, 3, 47, 767, 460, 0, 0.97%, 14, 0, 3, 1426.44
1639552710, 3, 91, 767, 453, 0, 0.97%, 14, 0, 3, 1418.45
1639552715, 3, 126, 767, 448, 0, 0.97%, 14, 0, 3, 1426.62
1639552720, 3, 157, 767, 442, 0, 0.97%, 14, 0, 3, 1434.14
1639552725, 3, 186, 767, 439, 0, 0.97%, 15, 0, 3, 1396.89
1639552730, 3, 223, 767, 434, 0, 0.97%, 15, 0, 3, 1415.85
1639552735, 3, 261, 767, 429, 0, 0.97%, 15, 0, 3, 1407.22
1639552740, 3, 292, 767, 422, 0, 0.97%, 15, 0, 3, 1430.26
1639552745, 3, 324, 767, 419, 0, 0.97%, 15, 0, 3, 1412.87
1639552751, 3, 361, 767, 413, 0, 0.97%, 15, 0, 3, 1415.49
1639552756, 3, 395, 767, 407, 0, 0.97%, 15, 0, 3, 1374.78
