# unix_time, cycles_done, cur_path, paths_total, pending_total, pending_favs, map_size, unique_crashes, unique_hangs, max_depth, execs_per_sec
1639480051, 0, 0, 1, 1, 1, 0.12%, 0, 0, 1, 2000.00
1639480056, 0, 0, 77, 77, 1, 0.43%, 5, 0, 2, 1512.79
1639480062, 0, 17, 104, 100, 33, 0.49%, 7, 0, 3, 1414.41
1639480067, 0, 22, 120, 114, 35, 0.49%, 8, 0, 3, 1375.48
1639480072, 0, 24, 126, 119, 35, 0.49%, 8, 0, 3, 1372.80
1639480077, 0, 36, 149, 133, 31, 0.52%, 8, 0, 3, 1363.63
1639480082, 0, 47, 155, 133, 27, 0.54%, 8, 0, 3, 1318.36
1639480087, 0, 61, 166, 139, 25, 0.54%, 8, 0, 3, 1336.87
1639480092, 0, 76, 175, 142, 21, 0.55%, 9, 0, 3, 1343.15
1639480097, 0, 79, 179, 144, 21, 0.56%, 9, 0, 3, 1333.92
1639480102, 0, 103, 194, 155, 19, 0.57%, 9, 0, 4, 1348.07
1639480107, 0, 144, 199, 153, 16, 0.57%, 9, 0, 4, 1373.78
1639480112, 0, 169, 207, 154, 13, 0.58%, 10, 0, 4, 1371.34
1639480118, 0, 186, 209, 151, 8, 0.58%, 10, 0, 5, 1414.64
1639480123, 0, 196, 213, 153, 6, 0.58%, 10, 0, 5, 1384.78
1639480128, 0, 212, 216, 152, 4, 0.59%, 10, 0, 5, 1381.25
1639480133, 0, 213, 221, 156, 3, 0.61%, 10, 0, 6, 1382.80
1639480138, 0, 215, 226, 160, 7, 0.62%, 10, 0, 6, 1368.85
1639480143, 0, 217, 228, 160, 8, 0.62%, 10, 0, 7, 1369.57
1639480148, 0, 224, 231, 159, 4, 0.63%, 10, 0, 7, 1371.01
1639480153, 0, 225, 233, 160, 4, 0.63%, 11, 0, 7, 1370.40
1639480158, 0, 230, 237, 162, 3, 0.63%, 11, 0, 8, 1366.54
1639480163, 0, 234, 242, 166, 3, 0.63%, 11, 0, 8, 1354.67
1639480168, 1, 50, 244, 165, 0, 0.63%, 11, 0, 9, 1327.37
1639480173, 1, 73, 246, 163, 0, 0.63%, 11, 0, 9, 1361.62
1639480178, 1, 82, 248, 163, 0, 0.63%, 11, 0, 9, 1386.23
1639480183, 1, 96, 250, 158, 0, 0.63%, 11, 0, 9, 1377.68
1639480188, 1, 122, 255, 157, 0, 0.63%, 11, 0, 9, 1383.61
1639480193, 1, 158, 255, 150, 0, 0.63%, 11, 0, 9, 1367.10
1639480198, 1, 255, 257, 147, 1, 0.63%, 11, 0, 9, 1366.55
1639480204, 2, 26, 259, 143, 0, 0.63%, 12, 0, 9, 1361.81
1639480209, 2, 47, 259, 142, 0, 0.63%, 12, 0, 9, 1370.86
1639480214, 2, 260, 261, 141, 0, 0.63%, 12, 0, 9, 1372.12
1639480219, 3, 36, 262, 140, 0, 0.63%, 12, 0, 9, 1366.71
1639480224, 3, 60, 262, 137, 0, 0.63%, 12, 0, 9, 1363.12
1639480229, 3, 72, 263, 135, 0, 0.63%, 12, 0, 9, 1365.70
1639480234, 3, 98, 265, 135, 0, 0.63%, 13, 0, 9, 1369.16
1639480239, 3, 142, 265, 129, 0, 0.63%, 13, 0, 9, 1355.19
1639480244, 3, 171, 266, 125, 0, 0.63%, 13, 0, 9, 1370.51
1639480249, 3, 184, 266, 121, 0, 0.63%, 14, 0, 9, 1361.49
1639480255, 3, 194, 266, 121, 0, 0.63%, 14, 0, 9, 1372.19
1639480260, 3, 204, 266, 118, 0, 0.63%, 14, 0, 9, 1378.22
1639480265, 3, 217, 267, 116, 0, 0.63%, 14, 0, 9, 1379.47
1639480270, 3, 266, 273, 122, 2, 0.64%, 14, 0, 9, 1385.96
1639480275, 3, 271, 275, 122, 2, 0.64%, 14, 0, 9, 1377.91
1639480280, 3, 273, 279, 125, 3, 0.65%, 14, 0, 9, 2014.67
1639480285, 3, 277, 284, 128, 3, 0.69%, 14, 0, 10, 2252.71
1639480290, 3, 279, 285, 128, 6, 0.69%, 14, 0, 10, 1618.70
1639480295, 3, 280, 288, 130, 6, 0.69%, 14, 0, 10, 1431.33
1639480300, 3, 281, 294, 135, 7, 0.70%, 14, 0, 11, 1400.04
1639480305, 3, 282, 294, 134, 10, 0.70%, 14, 0, 11, 1379.79
1639480310, 3, 283, 297, 136, 9, 0.71%, 14, 0, 11, 1377.95
1639480315, 3, 286, 298, 135, 8, 0.71%, 14, 0, 11, 1389.46
1639480325, 3, 288, 298, 133, 6, 0.71%, 14, 0, 11, 1375.49
1639480331, 3, 290, 298, 131, 4, 0.71%, 15, 0, 11, 1388.38
1639480336, 3, 291, 300, 132, 3, 0.71%, 15, 0, 12, 1370.73
1639480341, 3, 291, 301, 133, 3, 0.71%, 15, 0, 12, 1377.35
1639480346, 3, 299, 304, 134, 2, 0.71%, 15, 0, 13, 1404.69
1639480351, 3, 302, 312, 141, 3, 0.72%, 15, 0, 13, 1403.10
