# unix_time, cycles_done, cur_path, paths_total, pending_total, pending_favs, map_size, unique_crashes, unique_hangs, max_depth, execs_per_sec
1639443842, 0, 0, 923, 923, 100, 0.93%, 0, 0, 1, 1214.87
1639443847, 0, 163, 923, 909, 87, 0.93%, 1, 0, 1, 1370.57
1639443852, 0, 269, 923, 899, 77, 0.93%, 3, 0, 1, 1426.01
1639443857, 0, 369, 923, 889, 68, 0.93%, 5, 0, 1, 1413.81
1639443863, 0, 418, 923, 878, 59, 0.93%, 7, 0, 1, 1424.83
1639443868, 0, 466, 923, 870, 51, 0.93%, 7, 0, 1, 1420.31
1639443873, 0, 563, 923, 861, 42, 0.93%, 8, 0, 1, 1422.48
1639443878, 0, 621, 923, 854, 35, 0.93%, 8, 0, 1, 1415.73
1639443883, 0, 676, 923, 847, 28, 0.93%, 9, 0, 1, 1426.21
1639443888, 0, 733, 923, 839, 21, 0.93%, 9, 0, 1, 1434.21
1639443893, 0, 791, 923, 828, 12, 0.93%, 9, 0, 1, 1410.12
1639443898, 0, 854, 923, 822, 7, 0.93%, 9, 0, 1, 1421.54
1639443903, 1, 17, 923, 812, 0, 0.93%, 9, 0, 1, 1415.73
1639443909, 1, 44, 923, 804, 0, 0.93%, 10, 0, 1, 1427.62
1639443914, 1, 80, 923, 795, 0, 0.93%, 10, 0, 1, 1441.44
1639443919, 1, 117, 923, 790, 0, 0.93%, 10, 0, 1, 1422.64
1639443924, 1, 151, 923, 781, 0, 0.93%, 10, 0, 1, 1431.85
1639443929, 1, 187, 923, 775, 0, 0.93%, 10, 0, 1, 1444.35
1639443934, 1, 218, 924, 768, 0, 0.93%, 10, 0, 2, 1430.37
1639443939, 1, 243, 924, 763, 0, 0.93%, 10, 0, 2, 1413.93
1639443944, 1, 266, 924, 756, 0, 0.93%, 10, 0, 2, 1418.63
1639443949, 1, 289, 925, 750, 0, 0.93%, 11, 0, 2, 1409.04
1639443955, 1, 312, 925, 742, 0, 0.93%, 11, 0, 2, 1367.42
1639443960, 1, 342, 925, 735, 0, 0.93%, 11, 0, 2, 1395.63
1639443965, 1, 370, 925, 730, 0, 0.93%, 11, 0, 2, 1437.13
1639443970, 1, 399, 925, 727, 0, 0.93%, 11, 0, 2, 1441.13
1639443975, 1, 422, 925, 721, 0, 0.93%, 12, 0, 2, 1444.61
1639443980, 1, 449, 925, 714, 0, 0.93%, 13, 0, 2, 1424.90
1639443985, 1, 464, 925, 710, 0, 0.93%, 14, 0, 2, 1426.09
1639443990, 1, 484, 925, 705, 0, 0.93%, 14, 0, 2, 1394.59
1639443995, 1, 538, 925, 699, 0, 0.93%, 14, 0, 2, 1414.35
1639444001, 1, 582, 925, 694, 0, 0.93%, 15, 0, 2, 1432.75
1639444006, 1, 594, 925, 688, 0, 0.93%, 15, 0, 2, 1446.13
1639444011, 1, 621, 925, 682, 0, 0.93%, 15, 0, 2, 1424.96
1639444016, 1, 641, 925, 679, 0, 0.93%, 15, 0, 2, 1438.75
1639444021, 1, 662, 925, 674, 0, 0.93%, 15, 0, 2, 1426.61
1639444026, 1, 678, 925, 668, 0, 0.93%, 15, 0, 2, 1419.91
1639444031, 1, 707, 925, 661, 0, 0.93%, 15, 0, 2, 1419.80
1639444037, 1, 730, 925, 657, 0, 0.93%, 15, 0, 2, 1420.34
1639444042, 1, 753, 925, 650, 0, 0.93%, 15, 0, 2, 1425.01
1639444047, 1, 775, 925, 644, 0, 0.93%, 15, 0, 2, 1443.48
1639444052, 1, 795, 925, 639, 0, 0.93%, 15, 0, 2, 1432.08
1639444057, 1, 820, 925, 634, 0, 0.93%, 15, 0, 2, 1443.25
1639444062, 1, 860, 925, 625, 0, 0.93%, 15, 0, 2, 1432.21
1639444068, 1, 906, 925, 618, 0, 0.93%, 15, 0, 2, 1430.40
1639444073, 2, 19, 925, 611, 0, 0.93%, 15, 0, 2, 1426.59
1639444078, 2, 65, 925, 603, 0, 0.93%, 15, 0, 2, 1419.22
1639444083, 2, 98, 925, 594, 0, 0.93%, 15, 0, 2, 1422.42
1639444088, 2, 151, 925, 587, 0, 0.93%, 15, 0, 2, 1420.25
1639444093, 2, 190, 925, 582, 0, 0.93%, 15, 0, 2, 1430.79
1639444098, 2, 229, 925, 577, 0, 0.93%, 15, 0, 2, 1425.23
1639444103, 2, 282, 925, 572, 0, 0.93%, 15, 0, 2, 1415.46
1639444108, 2, 313, 925, 567, 0, 0.93%, 15, 0, 2, 1430.62
1639444113, 2, 360, 925, 564, 0, 0.93%, 15, 0, 2, 1427.12
1639444118, 2, 393, 925, 560, 0, 0.93%, 15, 0, 2, 1676.48
1639444123, 2, 442, 925, 554, 0, 0.93%, 15, 0, 2, 1481.55
1639444128, 2, 474, 925, 552, 0, 0.93%, 15, 0, 2, 1417.03
1639444134, 2, 501, 925, 547, 0, 0.93%, 15, 0, 2, 1413.32
