# unix_time, cycles_done, cur_path, paths_total, pending_total, pending_favs, map_size, unique_crashes, unique_hangs, max_depth, execs_per_sec
1639442911, 0, 0, 1, 1, 1, 0.11%, 0, 0, 1, 1333.33
1639442916, 0, 0, 80, 80, 1, 0.46%, 1, 0, 2, 1419.92
1639442921, 0, 10, 104, 100, 38, 0.49%, 2, 0, 3, 2221.15
1639442926, 0, 37, 121, 105, 28, 0.49%, 3, 0, 3, 1648.00
1639442931, 0, 55, 135, 114, 25, 0.51%, 3, 0, 3, 1471.73
1639442936, 0, 71, 156, 127, 20, 0.52%, 3, 0, 3, 1461.43
1639442941, 0, 91, 162, 128, 16, 0.52%, 3, 0, 3, 1447.02
1639442947, 0, 126, 176, 134, 11, 0.53%, 5, 0, 4, 1453.44
1639442952, 0, 130, 185, 142, 14, 0.54%, 5, 0, 4, 1456.75
1639442957, 0, 147, 188, 142, 14, 0.54%, 5, 0, 4, 1457.58
1639442962, 0, 165, 191, 141, 10, 0.54%, 6, 0, 5, 1436.15
1639442967, 0, 176, 196, 143, 8, 0.56%, 6, 0, 5, 1468.07
1639442972, 0, 176, 199, 146, 8, 0.56%, 6, 0, 5, 1403.63
1639442977, 0, 192, 205, 148, 8, 0.56%, 6, 0, 5, 1445.85
1639442982, 0, 197, 212, 153, 8, 0.57%, 6, 0, 6, 1468.89
1639442987, 0, 199, 214, 153, 7, 0.57%, 6, 0, 6, 1471.14
1639442992, 0, 204, 219, 157, 6, 0.58%, 6, 0, 6, 1448.60
1639442997, 0, 205, 223, 160, 6, 0.60%, 6, 0, 7, 1474.09
1639443002, 0, 215, 226, 160, 8, 0.61%, 6, 0, 7, 1453.85
1639443007, 0, 224, 228, 157, 4, 0.61%, 6, 0, 8, 1455.73
1639443012, 1, 53, 230, 152, 0, 0.61%, 6, 0, 8, 1464.26
1639443018, 1, 83, 233, 152, 0, 0.61%, 6, 0, 8, 1470.98
1639443023, 2, 233, 239, 155, 1, 0.62%, 6, 0, 8, 1451.52
1639443028, 2, 237, 242, 156, 2, 0.62%, 7, 0, 8, 1454.88
1639443033, 2, 237, 249, 163, 2, 0.63%, 7, 0, 8, 1466.27
1639443038, 2, 240, 252, 164, 6, 0.63%, 7, 0, 8, 1442.63
1639443043, 2, 240, 253, 165, 6, 0.63%, 7, 0, 8, 1431.27
1639443048, 2, 244, 255, 165, 4, 0.63%, 7, 0, 8, 1445.63
1639443053, 2, 245, 260, 169, 3, 0.63%, 7, 0, 8, 1459.45
1639443058, 2, 250, 262, 169, 2, 0.63%, 7, 0, 8, 1454.06
1639443063, 2, 250, 266, 173, 2, 0.64%, 8, 0, 8, 1464.41
1639443068, 2, 257, 268, 174, 3, 0.64%, 8, 0, 8, 1462.92
1639443073, 2, 265, 271, 176, 3, 0.64%, 8, 0, 8, 1400.19
1639443078, 2, 267, 273, 177, 3, 0.64%, 8, 0, 8, 1432.58
1639443084, 3, 226, 275, 175, 1, 0.64%, 8, 0, 8, 1457.70
1639443089, 3, 230, 275, 173, 0, 0.64%, 8, 0, 8, 1468.60
1639443094, 3, 235, 277, 173, 0, 0.64%, 8, 0, 8, 1429.25
1639443099, 3, 240, 278, 173, 0, 0.64%, 8, 0, 8, 1460.96
1639443104, 3, 241, 278, 173, 0, 0.64%, 8, 0, 8, 1464.98
1639443109, 3, 243, 278, 172, 0, 0.64%, 8, 0, 8, 1448.08
1639443114, 3, 282, 284, 177, 1, 0.65%, 8, 0, 8, 1455.07
1639443119, 3, 283, 287, 179, 3, 0.67%, 8, 0, 8, 1468.73
1639443124, 3, 285, 298, 189, 2, 0.70%, 8, 0, 8, 1456.51
1639443129, 3, 286, 299, 189, 11, 0.70%, 8, 0, 8, 1458.99
1639443134, 3, 287, 304, 193, 11, 0.71%, 8, 0, 8, 1445.86
1639443139, 3, 288, 305, 193, 10, 0.71%, 9, 0, 9, 1440.43
1639443144, 3, 290, 308, 195, 10, 0.71%, 9, 0, 9, 1450.68
1639443149, 3, 291, 308, 194, 9, 0.71%, 9, 0, 9, 1463.95
1639443155, 3, 292, 308, 193, 8, 0.71%, 9, 0, 9, 1454.49
1639443160, 3, 296, 309, 191, 5, 0.71%, 9, 0, 9, 1456.48
1639443170, 3, 301, 311, 191, 3, 0.71%, 9, 0, 9, 1339.58
1639443175, 3, 301, 313, 193, 3, 0.71%, 9, 0, 9, 1421.75
1639443180, 3, 306, 314, 193, 2, 0.71%, 9, 0, 9, 1449.52
1639443185, 3, 307, 314, 192, 1, 0.71%, 9, 0, 9, 1450.75
1639443190, 3, 309, 316, 192, 0, 0.71%, 9, 0, 10, 1438.39
1639443195, 3, 316, 320, 195, 2, 0.72%, 9, 0, 11, 1434.95
1639443200, 3, 319, 322, 196, 2, 0.72%, 9, 0, 12, 1435.98
1639443205, 3, 319, 323, 197, 2, 0.72%, 10, 0, 12, 1463.33
1639443210, 3, 322, 324, 197, 1, 0.72%, 10, 0, 13, 1416.93
