# unix_time, cycles_done, cur_path, paths_total, pending_total, pending_favs, map_size, unique_crashes, unique_hangs, max_depth, execs_per_sec
1639562502, 0, 0, 1, 1, 1, 0.12%, 0, 0, 1, 1600.00
1639562507, 0, 0, 83, 83, 1, 0.45%, 4, 0, 2, 1412.42
1639562512, 0, 4, 104, 103, 41, 0.49%, 5, 0, 3, 1349.68
1639562518, 0, 9, 114, 110, 41, 0.49%, 6, 0, 3, 1419.22
1639562523, 0, 43, 134, 116, 29, 0.52%, 6, 0, 3, 1409.46
1639562528, 0, 65, 150, 125, 24, 0.54%, 6, 0, 3, 1417.03
1639562533, 0, 93, 171, 138, 20, 0.56%, 7, 0, 3, 1392.71
1639562538, 0, 121, 178, 137, 15, 0.57%, 9, 0, 4, 2099.19
1639562543, 0, 146, 187, 142, 11, 0.57%, 9, 0, 4, 1716.06
1639562548, 0, 151, 192, 146, 12, 0.57%, 9, 0, 4, 1435.67
1639562553, 0, 173, 196, 143, 6, 0.57%, 10, 0, 4, 1424.24
1639562558, 0, 192, 198, 141, 2, 0.57%, 10, 0, 5, 1399.30
1639562563, 1, 199, 201, 140, 1, 0.58%, 10, 0, 5, 1415.56
1639562569, 1, 202, 209, 147, 1, 0.59%, 11, 0, 6, 1389.22
1639562574, 1, 205, 211, 148, 5, 0.59%, 11, 0, 6, 1377.73
1639562579, 1, 205, 215, 152, 5, 0.60%, 11, 0, 7, 1349.89
1639562584, 1, 206, 226, 162, 10, 0.61%, 11, 0, 7, 1373.15
1639562589, 1, 207, 229, 164, 11, 0.61%, 11, 0, 7, 1382.83
1639562594, 1, 210, 233, 167, 10, 0.61%, 11, 0, 7, 1384.99
1639562599, 1, 212, 238, 171, 9, 0.62%, 11, 0, 8, 1380.21
1639562604, 1, 212, 239, 172, 9, 0.62%, 11, 0, 8, 1358.97
1639562609, 1, 213, 245, 177, 9, 0.63%, 11, 0, 8, 1402.14
1639562614, 1, 217, 248, 178, 12, 0.64%, 11, 0, 8, 1400.60
1639562619, 1, 223, 251, 179, 10, 0.64%, 11, 0, 8, 1408.55
1639562624, 1, 223, 254, 182, 10, 0.64%, 11, 0, 8, 1398.61
1639562629, 1, 224, 257, 184, 11, 0.64%, 11, 0, 8, 1417.45
1639562634, 1, 233, 257, 183, 10, 0.64%, 11, 0, 8, 1405.60
1639562639, 1, 235, 259, 184, 9, 0.64%, 11, 0, 9, 1390.35
1639562644, 1, 240, 260, 183, 7, 0.64%, 11, 0, 9, 1388.20
1639562649, 1, 240, 262, 185, 7, 0.64%, 11, 0, 9, 1394.20
1639562654, 1, 242, 264, 185, 6, 0.64%, 11, 0, 9, 1402.89
1639562659, 1, 242, 265, 186, 6, 0.65%, 11, 0, 9, 1393.94
1639562664, 1, 245, 267, 187, 6, 0.65%, 11, 0, 9, 1364.14
1639562669, 1, 246, 267, 186, 5, 0.65%, 11, 0, 9, 1385.74
1639562675, 1, 250, 270, 188, 5, 0.65%, 11, 0, 9, 1431.50
1639562680, 1, 250, 275, 193, 5, 0.65%, 11, 0, 9, 1376.83
1639562685, 1, 252, 277, 194, 4, 0.65%, 11, 0, 9, 1412.25
1639562690, 1, 261, 279, 195, 5, 0.65%, 11, 0, 9, 1411.76
1639562695, 1, 267, 280, 194, 3, 0.65%, 11, 0, 10, 1403.99
1639562700, 1, 276, 280, 193, 2, 0.65%, 11, 0, 10, 1383.02
1639562705, 1, 277, 282, 194, 1, 0.65%, 11, 0, 10, 1389.46
1639562710, 1, 282, 284, 195, 1, 0.65%, 11, 0, 10, 1388.24
1639562715, 2, 204, 286, 192, 1, 0.66%, 11, 0, 10, 1395.46
1639562721, 3, 18, 287, 188, 0, 0.66%, 11, 0, 10, 1392.45
1639562726, 3, 43, 287, 184, 0, 0.66%, 11, 0, 10, 1397.40
1639562731, 3, 74, 288, 181, 0, 0.66%, 11, 0, 10, 1431.80
1639562736, 3, 108, 291, 179, 0, 0.66%, 11, 0, 10, 1406.08
1639562741, 3, 129, 291, 175, 0, 0.66%, 11, 0, 10, 1402.79
1639562746, 3, 143, 292, 171, 0, 0.66%, 11, 0, 10, 1395.09
1639562751, 3, 175, 292, 168, 0, 0.66%, 11, 0, 10, 1387.75
1639562756, 3, 183, 293, 166, 0, 0.66%, 11, 0, 10, 1408.16
1639562761, 3, 192, 294, 166, 0, 0.66%, 11, 0, 10, 1413.86
1639562766, 3, 199, 296, 165, 1, 0.66%, 11, 0, 10, 1408.14
1639562771, 3, 296, 298, 166, 1, 0.66%, 11, 0, 10, 1396.63
1639562776, 4, 23, 298, 164, 0, 0.66%, 11, 0, 10, 1394.23
1639562782, 4, 51, 298, 161, 0, 0.66%, 11, 0, 10, 1394.97
1639562787, 4, 76, 298, 156, 0, 0.66%, 12, 0, 10, 1361.88
1639562792, 4, 96, 298, 150, 0, 0.66%, 12, 0, 10, 1388.46
1639562797, 4, 118, 298, 144, 0, 0.66%, 12, 0, 10, 1406.38
1639562802, 4, 136, 298, 139, 0, 0.66%, 12, 0, 10, 1408.44
