# unix_time, cycles_done, cur_path, paths_total, pending_total, pending_favs, map_size, unique_crashes, unique_hangs, max_depth, execs_per_sec
1639476431, 0, 0, 1, 1, 1, 0.12%, 0, 0, 1, 1333.33
1639476436, 0, 0, 80, 80, 1, 0.42%, 3, 0, 2, 1391.96
1639476441, 0, 15, 115, 110, 40, 0.49%, 4, 0, 3, 1400.97
1639476446, 0, 32, 129, 116, 32, 0.51%, 8, 0, 3, 1409.93
1639476451, 0, 51, 148, 124, 28, 0.54%, 8, 0, 3, 1435.60
1639476456, 0, 76, 159, 126, 21, 0.54%, 8, 0, 3, 1429.58
1639476461, 0, 105, 172, 134, 18, 0.55%, 8, 0, 4, 1419.61
1639476466, 0, 136, 184, 140, 12, 0.56%, 8, 0, 4, 1421.97
1639476471, 0, 136, 195, 151, 12, 0.57%, 8, 0, 4, 1422.67
1639476476, 0, 169, 207, 157, 12, 0.58%, 8, 0, 5, 1428.11
1639476481, 0, 173, 216, 165, 14, 0.60%, 8, 0, 5, 1429.03
1639476486, 0, 186, 222, 168, 13, 0.61%, 8, 0, 5, 1433.97
1639476491, 0, 202, 226, 169, 15, 0.63%, 8, 0, 5, 1438.17
1639476496, 0, 206, 230, 172, 16, 0.64%, 8, 0, 5, 1439.20
1639476502, 0, 207, 234, 175, 17, 0.64%, 8, 0, 6, 1398.24
1639476507, 0, 213, 238, 178, 16, 0.64%, 8, 0, 6, 1419.75
1639476512, 0, 214, 242, 181, 16, 0.64%, 8, 0, 6, 1423.79
1639476517, 0, 217, 246, 182, 13, 0.64%, 9, 0, 6, 1415.80
1639476522, 0, 222, 255, 186, 10, 0.64%, 10, 0, 6, 1427.26
1639476527, 0, 227, 258, 187, 10, 0.65%, 10, 0, 6, 1433.72
1639476532, 0, 232, 261, 188, 9, 0.65%, 10, 0, 7, 1390.46
1639476537, 0, 250, 264, 188, 7, 0.65%, 12, 0, 7, 1409.05
1639476542, 0, 254, 268, 191, 6, 0.65%, 12, 0, 7, 1439.22
1639476547, 1, 15, 269, 185, 0, 0.65%, 12, 0, 7, 1437.83
1639476552, 1, 51, 272, 185, 0, 0.65%, 12, 0, 7, 1439.69
1639476557, 1, 175, 275, 183, 1, 0.66%, 12, 0, 7, 1440.24
1639476563, 2, 8, 278, 180, 0, 0.66%, 12, 0, 7, 1430.98
1639476568, 2, 183, 281, 182, 1, 0.66%, 12, 0, 7, 1396.28
1639476573, 3, 12, 282, 181, 0, 0.66%, 12, 0, 7, 1408.34
1639476578, 3, 40, 282, 177, 0, 0.66%, 12, 0, 7, 1422.39
1639476583, 3, 63, 282, 175, 0, 0.66%, 12, 0, 7, 1419.02
1639476588, 3, 95, 284, 171, 0, 0.66%, 12, 0, 7, 1336.23
1639476593, 3, 110, 284, 167, 0, 0.66%, 12, 0, 7, 1395.33
1639476598, 3, 145, 286, 162, 0, 0.66%, 12, 0, 7, 1393.68
1639476603, 3, 286, 289, 163, 1, 0.67%, 12, 0, 7, 1429.07
1639476608, 3, 288, 291, 164, 1, 0.67%, 12, 0, 7, 1434.97
1639476613, 3, 291, 298, 170, 1, 0.67%, 12, 0, 7, 1435.25
1639476618, 3, 294, 299, 170, 0, 0.67%, 12, 0, 8, 1437.03
1639476623, 3, 296, 303, 173, 0, 0.67%, 12, 0, 8, 1428.07
1639476628, 3, 301, 304, 172, 0, 0.67%, 12, 0, 9, 1405.82
1639476633, 4, 25, 304, 168, 0, 0.67%, 12, 0, 9, 1887.36
1639476639, 4, 52, 304, 166, 0, 0.67%, 12, 0, 9, 1479.59
1639476644, 4, 70, 304, 162, 0, 0.67%, 12, 0, 9, 1423.32
1639476649, 4, 105, 304, 158, 0, 0.67%, 12, 0, 9, 1415.24
1639476654, 4, 134, 304, 153, 0, 0.67%, 12, 0, 9, 1407.86
1639476659, 4, 262, 307, 154, 1, 0.69%, 12, 0, 9, 1378.88
1639476664, 4, 304, 309, 154, 1, 0.69%, 12, 0, 9, 1389.29
1639476669, 4, 307, 310, 154, 0, 0.69%, 12, 0, 9, 1405.33
1639476674, 4, 307, 311, 155, 0, 0.69%, 12, 0, 9, 1390.38
1639476684, 5, 28, 311, 151, 0, 0.69%, 12, 0, 9, 1367.79
1639476690, 5, 62, 311, 150, 0, 0.69%, 12, 0, 9, 1386.38
1639476695, 5, 120, 311, 150, 0, 0.69%, 12, 0, 9, 1407.14
1639476700, 5, 154, 311, 145, 0, 0.69%, 12, 0, 9, 1416.10
1639476705, 5, 173, 311, 142, 0, 0.69%, 12, 0, 9, 1420.29
1639476710, 5, 187, 311, 140, 0, 0.69%, 12, 0, 9, 1398.07
1639476715, 5, 197, 311, 137, 0, 0.69%, 13, 0, 9, 1416.68
1639476720, 5, 207, 311, 135, 0, 0.69%, 13, 0, 9, 1407.45
1639476725, 5, 216, 311, 134, 0, 0.69%, 13, 0, 9, 1417.44
1639476730, 5, 225, 312, 134, 0, 0.69%, 13, 0, 9, 1416.57
