# unix_time, cycles_done, cur_path, paths_total, pending_total, pending_favs, map_size, unique_crashes, unique_hangs, max_depth, execs_per_sec
1639562241, 0, 0, 940, 940, 96, 0.99%, 0, 0, 1, 1094.77
1639562247, 0, 82, 940, 927, 85, 0.99%, 1, 0, 1, 1344.78
1639562252, 0, 156, 940, 919, 78, 0.99%, 5, 0, 1, 1379.91
1639562257, 0, 211, 940, 911, 71, 0.99%, 6, 0, 1, 1378.37
1639562262, 0, 341, 940, 900, 61, 0.99%, 7, 0, 1, 1366.37
1639562267, 0, 415, 940, 892, 53, 0.99%, 7, 0, 1, 1376.18
1639562272, 0, 475, 940, 882, 43, 0.99%, 8, 0, 1, 1338.99
1639562277, 0, 559, 940, 871, 34, 0.99%, 8, 0, 1, 1356.84
1639562282, 0, 600, 940, 862, 27, 0.99%, 8, 0, 1, 1350.88
1639562287, 0, 662, 940, 854, 19, 0.99%, 8, 0, 1, 1375.30
1639562293, 0, 753, 940, 847, 12, 0.99%, 8, 0, 1, 1357.43
1639562298, 0, 913, 940, 837, 2, 0.99%, 8, 0, 1, 1355.95
1639562303, 1, 42, 940, 830, 0, 0.99%, 8, 0, 1, 1347.08
1639562308, 1, 71, 940, 823, 0, 0.99%, 8, 0, 1, 1400.18
1639562313, 1, 98, 940, 818, 0, 0.99%, 8, 0, 1, 1393.41
1639562318, 1, 129, 940, 813, 0, 0.99%, 8, 0, 1, 1375.96
1639562323, 1, 155, 940, 806, 0, 0.99%, 9, 0, 1, 1376.61
1639562328, 1, 711, 940, 801, 1, 0.99%, 9, 0, 1, 1389.49
1639562333, 1, 858, 940, 794, 0, 0.99%, 9, 0, 1, 1371.42
1639562338, 1, 898, 940, 784, 0, 0.99%, 9, 0, 1, 1383.99
1639562343, 1, 924, 940, 776, 0, 0.99%, 9, 0, 1, 1377.14
1639562349, 2, 21, 940, 771, 0, 0.99%, 9, 0, 1, 1401.08
1639562354, 2, 303, 940, 765, 2, 0.99%, 9, 0, 1, 1381.22
1639562359, 2, 668, 940, 759, 2, 0.99%, 9, 0, 1, 1320.34
1639562364, 3, 52, 940, 751, 0, 0.99%, 11, 0, 1, 1352.89
1639562369, 3, 79, 940, 745, 0, 0.99%, 12, 0, 1, 1325.37
1639562374, 3, 99, 940, 739, 0, 0.99%, 12, 0, 1, 1367.70
1639562379, 3, 125, 940, 735, 0, 0.99%, 12, 0, 1, 1363.61
1639562384, 3, 156, 940, 730, 0, 0.99%, 12, 0, 1, 1373.11
1639562389, 3, 183, 940, 725, 0, 0.99%, 12, 0, 1, 1362.83
1639562395, 3, 198, 940, 720, 0, 0.99%, 12, 0, 1, 1350.29
1639562400, 3, 227, 940, 715, 0, 0.99%, 12, 0, 1, 1344.22
1639562405, 3, 254, 940, 708, 0, 0.99%, 13, 0, 1, 1360.08
1639562410, 3, 293, 940, 704, 0, 0.99%, 13, 0, 1, 1372.14
1639562415, 3, 334, 940, 696, 0, 0.99%, 14, 0, 1, 1347.97
1639562420, 3, 354, 940, 690, 0, 0.99%, 14, 0, 1, 1361.57
1639562425, 3, 379, 940, 684, 0, 0.99%, 14, 0, 1, 1364.15
1639562430, 3, 411, 940, 678, 0, 0.99%, 14, 0, 1, 1358.68
1639562435, 3, 433, 940, 673, 0, 0.99%, 14, 0, 1, 1376.83
1639562440, 3, 456, 940, 668, 0, 0.99%, 14, 0, 1, 1358.06
1639562445, 3, 471, 940, 663, 0, 0.99%, 14, 0, 1, 1368.47
1639562450, 3, 493, 940, 657, 0, 0.99%, 14, 0, 1, 1355.37
1639562456, 3, 521, 940, 653, 0, 0.99%, 15, 0, 1, 1390.76
1639562461, 3, 545, 940, 645, 0, 0.99%, 15, 0, 1, 1369.55
1639562466, 3, 571, 940, 640, 0, 0.99%, 15, 0, 1, 1376.55
1639562471, 3, 601, 940, 636, 0, 0.99%, 15, 0, 1, 1372.90
1639562476, 3, 630, 940, 631, 0, 0.99%, 15, 0, 1, 1364.53
1639562481, 3, 654, 940, 625, 0, 0.99%, 15, 0, 1, 1371.38
1639562486, 3, 670, 940, 620, 0, 0.99%, 15, 0, 1, 1371.65
1639562491, 3, 704, 940, 614, 0, 0.99%, 15, 0, 1, 1361.84
1639562496, 3, 728, 940, 609, 0, 0.99%, 15, 0, 1, 1361.10
1639562501, 3, 754, 940, 604, 0, 0.99%, 15, 0, 1, 1546.41
1639562506, 3, 799, 940, 598, 0, 0.99%, 15, 0, 1, 1462.31
1639562511, 3, 826, 940, 591, 0, 0.99%, 15, 0, 1, 1372.16
1639562516, 3, 857, 940, 584, 0, 0.99%, 15, 0, 1, 1379.81
1639562521, 3, 904, 940, 578, 0, 0.99%, 15, 0, 1, 1369.78
1639562527, 3, 929, 940, 572, 0, 0.99%, 15, 0, 1, 1383.17
1639562532, 4, 19, 940, 568, 0, 0.99%, 15, 0, 1, 1370.26
