# unix_time, cycles_done, cur_path, paths_total, pending_total, pending_favs, map_size, unique_crashes, unique_hangs, max_depth, execs_per_sec
1639480291, 0, 0, 803, 803, 97, 0.91%, 0, 0, 1, 1198.95
1639480296, 0, 91, 803, 792, 86, 0.91%, 3, 0, 1, 1368.28
1639480301, 0, 133, 803, 782, 77, 0.91%, 5, 0, 1, 1384.71
1639480307, 0, 187, 803, 774, 70, 0.91%, 7, 0, 1, 1376.64
1639480312, 0, 328, 803, 761, 58, 0.91%, 7, 0, 1, 1386.13
1639480317, 0, 434, 803, 753, 52, 0.91%, 7, 0, 1, 1396.25
1639480322, 0, 524, 803, 744, 43, 0.91%, 7, 0, 1, 1387.89
1639480327, 0, 612, 803, 735, 34, 0.91%, 8, 0, 1, 1397.03
1639480332, 0, 653, 803, 726, 25, 0.91%, 8, 0, 1, 1396.08
1639480337, 0, 703, 803, 717, 16, 0.91%, 8, 0, 1, 1399.47
1639480342, 0, 752, 803, 708, 8, 0.91%, 9, 0, 1, 1386.82
1639480348, 1, 2, 803, 698, 0, 0.91%, 10, 0, 1, 1386.77
1639480353, 1, 50, 803, 689, 0, 0.91%, 10, 0, 1, 1883.79
1639480358, 1, 92, 803, 683, 0, 0.91%, 10, 0, 1, 1357.19
1639480363, 1, 110, 803, 679, 0, 0.91%, 10, 0, 1, 1406.07
1639480368, 1, 133, 803, 672, 0, 0.91%, 10, 0, 1, 1410.09
1639480373, 1, 163, 803, 667, 0, 0.91%, 10, 0, 1, 1404.18
1639480378, 1, 187, 803, 662, 0, 0.91%, 11, 0, 1, 1385.30
1639480384, 1, 218, 803, 656, 0, 0.91%, 11, 0, 1, 1403.22
1639480389, 1, 244, 803, 650, 0, 0.91%, 11, 0, 1, 1406.49
1639480394, 1, 271, 803, 642, 0, 0.91%, 11, 0, 1, 1408.56
1639480399, 1, 294, 803, 635, 0, 0.91%, 11, 0, 1, 1391.68
1639480404, 1, 327, 803, 627, 0, 0.91%, 11, 0, 1, 1415.33
1639480409, 1, 356, 803, 621, 0, 0.91%, 11, 0, 1, 1392.56
1639480414, 1, 372, 803, 615, 0, 0.91%, 11, 0, 1, 1390.02
1639480419, 1, 397, 803, 609, 0, 0.91%, 11, 0, 1, 1394.31
1639480425, 1, 437, 803, 601, 0, 0.91%, 11, 0, 1, 1374.77
1639480430, 1, 495, 803, 596, 0, 0.91%, 11, 0, 1, 1387.86
1639480435, 1, 516, 803, 590, 0, 0.91%, 11, 0, 1, 1393.29
1639480440, 1, 554, 803, 586, 0, 0.91%, 11, 0, 1, 1381.14
1639480445, 1, 584, 803, 580, 0, 0.91%, 11, 0, 1, 1396.59
1639480450, 1, 609, 803, 572, 0, 0.91%, 11, 0, 1, 1384.69
1639480455, 1, 633, 803, 569, 0, 0.91%, 11, 0, 1, 1374.06
1639480460, 1, 656, 803, 566, 0, 0.91%, 11, 0, 1, 1385.21
1639480466, 1, 678, 803, 561, 0, 0.91%, 11, 0, 1, 1385.35
1639480471, 1, 707, 803, 557, 0, 0.91%, 11, 0, 1, 1379.14
1639480476, 1, 730, 803, 552, 0, 0.91%, 11, 0, 1, 1384.67
1639480481, 1, 749, 803, 547, 0, 0.91%, 11, 0, 1, 1403.39
1639480486, 1, 773, 803, 542, 0, 0.91%, 12, 0, 1, 1404.98
1639480491, 1, 802, 803, 536, 0, 0.91%, 12, 0, 1, 1406.47
1639480497, 2, 31, 803, 529, 0, 0.91%, 12, 0, 1, 1413.05
1639480502, 2, 50, 803, 524, 0, 0.91%, 12, 0, 1, 1395.71
1639480507, 2, 91, 803, 519, 0, 0.91%, 12, 0, 1, 1413.70
1639480512, 2, 108, 803, 516, 0, 0.91%, 12, 0, 1, 1413.00
1639480517, 2, 134, 803, 510, 0, 0.91%, 12, 0, 1, 1391.13
1639480522, 2, 158, 803, 504, 0, 0.91%, 13, 0, 1, 1380.55
1639480527, 2, 187, 803, 500, 0, 0.91%, 13, 0, 1, 1395.60
1639480532, 2, 225, 804, 495, 0, 0.91%, 13, 0, 2, 1405.67
1639480537, 2, 263, 804, 488, 0, 0.91%, 13, 0, 2, 1400.53
1639480543, 2, 305, 805, 483, 0, 0.91%, 13, 0, 2, 1413.62
1639480548, 2, 335, 805, 474, 0, 0.91%, 13, 0, 2, 1416.48
1639480553, 2, 359, 805, 467, 0, 0.91%, 13, 0, 2, 1421.97
1639480558, 2, 390, 805, 464, 0, 0.91%, 13, 0, 2, 1354.37
1639480563, 2, 402, 805, 461, 0, 0.91%, 13, 0, 2, 1206.42
1639480568, 2, 448, 805, 455, 0, 0.91%, 13, 0, 2, 1368.09
1639480573, 2, 477, 805, 448, 0, 0.91%, 13, 0, 2, 1405.85
1639480578, 2, 508, 805, 441, 0, 0.91%, 14, 0, 2, 1414.55
1639480583, 2, 537, 805, 436, 0, 0.91%, 14, 0, 2, 1398.75
