# unix_time, cycles_done, cur_path, paths_total, pending_total, pending_favs, map_size, unique_crashes, unique_hangs, max_depth, execs_per_sec
1639551246, 0, 0, 329, 329, 62, 0.87%, 0, 0, 1, 1202.38
1639551251, 0, 41, 332, 321, 52, 0.87%, 64, 0, 2, 1373.23
1639551256, 0, 87, 336, 313, 41, 0.88%, 75, 0, 2, 1393.75
1639551261, 0, 87, 338, 315, 41, 0.88%, 76, 0, 2, 1420.51
1639551266, 0, 152, 340, 307, 33, 0.88%, 78, 0, 2, 1433.79
1639551271, 0, 232, 341, 297, 22, 0.88%, 79, 0, 2, 1380.38
1639551276, 0, 267, 345, 293, 14, 0.88%, 80, 0, 2, 1407.08
1639551282, 0, 294, 346, 287, 7, 0.88%, 80, 0, 2, 1417.12
1639551287, 0, 341, 347, 281, 0, 0.88%, 80, 0, 3, 1414.32
1639551292, 1, 27, 350, 280, 0, 0.88%, 80, 0, 3, 1440.27
1639551297, 1, 52, 351, 277, 0, 0.88%, 80, 0, 3, 1440.09
1639551302, 1, 68, 351, 271, 0, 0.88%, 80, 0, 3, 1403.75
1639551307, 1, 88, 351, 266, 0, 0.88%, 80, 0, 3, 1435.36
1639551312, 1, 111, 351, 262, 0, 0.88%, 80, 0, 3, 1446.70
1639551317, 1, 140, 352, 254, 0, 0.88%, 80, 0, 3, 1417.46
1639551322, 1, 162, 352, 249, 0, 0.88%, 81, 0, 3, 1429.59
1639551327, 1, 180, 353, 242, 0, 0.88%, 81, 0, 3, 1400.65
1639551332, 1, 220, 353, 235, 0, 0.88%, 81, 0, 3, 1438.68
1639551337, 1, 240, 353, 233, 0, 0.88%, 81, 0, 3, 1423.26
1639551342, 1, 261, 353, 230, 0, 0.88%, 81, 0, 3, 1593.37
1639551347, 1, 286, 355, 228, 0, 0.88%, 81, 0, 3, 1513.96
1639551352, 1, 301, 355, 226, 0, 0.88%, 82, 0, 3, 1446.07
1639551357, 1, 331, 356, 223, 0, 0.88%, 82, 0, 3, 1309.36
1639551362, 2, 241, 357, 221, 1, 0.88%, 82, 0, 3, 1437.85
1639551368, 2, 352, 357, 214, 0, 0.88%, 82, 0, 3, 1420.30
1639551373, 3, 11, 358, 211, 0, 0.88%, 82, 0, 3, 1405.63
1639551378, 3, 39, 359, 208, 0, 0.88%, 83, 0, 3, 1377.70
1639551383, 3, 69, 359, 206, 0, 0.88%, 83, 0, 3, 1392.62
1639551388, 3, 97, 360, 203, 0, 0.88%, 84, 0, 3, 1401.10
1639551393, 3, 139, 360, 198, 0, 0.88%, 84, 0, 3, 1429.82
1639551398, 3, 161, 360, 192, 0, 0.88%, 84, 0, 3, 1435.33
1639551403, 3, 219, 360, 186, 0, 0.88%, 84, 0, 3, 1427.54
1639551408, 3, 259, 362, 186, 1, 0.88%, 84, 0, 3, 1398.60
1639551414, 4, 13, 363, 182, 0, 0.88%, 84, 0, 3, 1417.60
1639551419, 4, 41, 364, 179, 0, 0.88%, 84, 0, 3, 1445.15
1639551424, 4, 73, 364, 175, 0, 0.88%, 84, 0, 3, 1439.74
1639551429, 4, 105, 365, 172, 0, 0.88%, 84, 0, 3, 1431.50
1639551434, 4, 138, 365, 166, 0, 0.88%, 84, 0, 3, 1439.38
1639551439, 4, 188, 365, 161, 0, 0.88%, 84, 0, 3, 1416.85
1639551444, 4, 219, 365, 152, 0, 0.88%, 84, 0, 3, 1430.26
1639551450, 4, 235, 365, 151, 0, 0.88%, 84, 0, 3, 1451.83
1639551455, 4, 253, 366, 148, 0, 0.88%, 84, 0, 3, 1446.20
1639551460, 4, 277, 367, 146, 0, 0.88%, 84, 0, 3, 1429.25
1639551465, 4, 294, 368, 144, 0, 0.88%, 84, 0, 3, 1413.19
1639551470, 4, 329, 368, 139, 0, 0.88%, 84, 0, 3, 1414.62
1639551475, 4, 361, 368, 135, 0, 0.88%, 84, 0, 3, 1439.39
1639551480, 5, 2, 368, 134, 0, 0.88%, 84, 0, 3, 1449.93
1639551486, 5, 41, 368, 133, 0, 0.88%, 86, 0, 3, 1450.56
1639551491, 5, 78, 368, 129, 0, 0.88%, 86, 0, 3, 1445.01
1639551496, 5, 110, 368, 126, 0, 0.88%, 86, 0, 3, 1448.97
1639551501, 5, 165, 368, 124, 0, 0.88%, 86, 0, 3, 1419.70
1639551506, 5, 220, 368, 117, 0, 0.88%, 86, 0, 3, 1434.81
1639551511, 5, 246, 368, 117, 0, 0.88%, 86, 0, 3, 1395.92
1639551516, 5, 270, 368, 114, 0, 0.88%, 86, 0, 3, 1418.32
1639551521, 5, 294, 368, 112, 0, 0.88%, 86, 0, 3, 1411.68
1639551526, 5, 313, 368, 108, 0, 0.88%, 86, 0, 3, 1426.24
1639551531, 5, 340, 368, 103, 0, 0.88%, 86, 0, 3, 1394.98
1639551536, 5, 362, 370, 103, 0, 0.88%, 86, 0, 3, 1408.92
1639551541, 5, 369, 371, 102, 0, 0.88%, 86, 0, 4, 1402.24
