# unix_time, cycles_done, cur_path, paths_total, pending_total, pending_favs, map_size, unique_crashes, unique_hangs, max_depth, execs_per_sec
1639510634, 0, 0, 482, 482, 89, 0.83%, 0, 0, 1, 1096.70
1639510639, 0, 29, 482, 475, 83, 0.83%, 4, 0, 1, 1257.95
1639510644, 0, 72, 482, 468, 76, 0.83%, 4, 0, 1, 1342.12
1639510649, 0, 112, 482, 460, 69, 0.83%, 4, 0, 1, 1415.35
1639510654, 0, 163, 483, 450, 58, 0.83%, 4, 0, 2, 1452.77
1639510659, 0, 219, 483, 440, 49, 0.83%, 4, 0, 2, 1466.94
1639510664, 0, 265, 484, 431, 39, 0.83%, 4, 0, 2, 1462.92
1639510670, 0, 309, 484, 421, 32, 0.83%, 4, 0, 2, 1450.78
1639510675, 0, 359, 484, 410, 21, 0.83%, 4, 0, 2, 1428.26
1639510680, 0, 397, 484, 403, 14, 0.83%, 5, 0, 2, 1438.89
1639510685, 0, 450, 484, 394, 5, 0.83%, 5, 0, 2, 1431.04
1639510690, 1, 6, 484, 388, 0, 0.83%, 5, 0, 2, 1427.66
1639510695, 1, 32, 484, 385, 0, 0.83%, 6, 0, 2, 1387.60
1639510700, 1, 66, 484, 381, 0, 0.83%, 6, 0, 2, 1379.75
1639510705, 1, 82, 485, 379, 0, 0.83%, 6, 0, 2, 1375.59
1639510710, 1, 101, 485, 373, 0, 0.83%, 6, 0, 2, 1370.59
1639510715, 1, 123, 485, 367, 0, 0.83%, 8, 0, 2, 1374.06
1639510720, 1, 135, 485, 363, 0, 0.83%, 9, 0, 2, 1163.00
1639510725, 1, 152, 485, 360, 0, 0.83%, 9, 0, 2, 995.96
1639510730, 1, 169, 486, 358, 0, 0.83%, 9, 0, 2, 1020.78
1639510736, 1, 179, 486, 355, 0, 0.83%, 9, 0, 2, 1044.78
1639510741, 1, 208, 486, 349, 0, 0.83%, 9, 0, 2, 1084.30
1639510746, 1, 229, 486, 346, 0, 0.83%, 9, 0, 2, 1146.45
1639510751, 1, 259, 486, 341, 0, 0.83%, 9, 0, 2, 1227.06
1639510756, 1, 280, 486, 337, 0, 0.83%, 9, 0, 2, 1301.87
1639510761, 1, 309, 486, 332, 0, 0.83%, 10, 0, 2, 1342.62
1639510767, 1, 328, 486, 328, 0, 0.83%, 10, 0, 2, 1371.29
1639510772, 1, 346, 486, 321, 0, 0.83%, 10, 0, 2, 1389.13
1639510777, 1, 367, 486, 316, 0, 0.83%, 10, 0, 2, 1398.92
1639510782, 1, 381, 486, 311, 0, 0.83%, 10, 0, 2, 1383.71
1639510787, 1, 405, 486, 307, 0, 0.83%, 10, 0, 2, 1388.12
1639510792, 1, 436, 486, 300, 0, 0.83%, 10, 0, 2, 1366.45
1639510797, 1, 486, 492, 305, 1, 0.83%, 10, 0, 3, 1359.51
1639510802, 1, 489, 495, 307, 0, 0.83%, 10, 0, 4, 1394.62
1639510807, 1, 493, 499, 310, 0, 0.83%, 10, 0, 4, 1369.12
1639510812, 1, 493, 504, 315, 0, 0.83%, 10, 0, 4, 1351.75
1639510817, 1, 494, 504, 314, 0, 0.83%, 10, 0, 4, 1357.07
1639510822, 1, 499, 507, 316, 0, 0.83%, 10, 0, 5, 1353.85
1639510827, 1, 502, 508, 316, 0, 0.83%, 10, 0, 5, 1352.88
1639510832, 1, 502, 512, 320, 0, 0.83%, 10, 0, 5, 1292.49
1639510837, 1, 504, 513, 320, 0, 0.83%, 10, 0, 6, 1254.22
1639510843, 1, 508, 514, 320, 0, 0.83%, 10, 0, 6, 1249.19
1639510853, 1, 511, 516, 321, 0, 0.83%, 10, 0, 6, 1232.58
1639510858, 1, 511, 518, 323, 0, 0.83%, 10, 0, 6, 1227.20
1639510863, 1, 514, 519, 323, 0, 0.83%, 10, 0, 7, 1237.70
1639510868, 1, 515, 520, 323, 0, 0.83%, 10, 0, 7, 1260.18
1639510873, 1, 517, 522, 324, 0, 0.83%, 10, 0, 7, 1236.78
1639510878, 1, 517, 524, 326, 0, 0.83%, 10, 0, 7, 1263.62
1639510883, 2, 15, 524, 322, 0, 0.83%, 10, 0, 7, 1256.83
1639510888, 2, 38, 524, 319, 0, 0.83%, 10, 0, 7, 1278.58
1639510893, 2, 55, 524, 312, 0, 0.83%, 10, 0, 7, 1290.38
1639510898, 2, 78, 524, 309, 0, 0.83%, 10, 0, 7, 1350.44
1639510904, 2, 107, 524, 305, 0, 0.83%, 10, 0, 7, 1379.27
1639510909, 2, 135, 524, 300, 0, 0.83%, 10, 0, 7, 1379.38
1639510914, 2, 163, 524, 297, 0, 0.83%, 10, 0, 7, 1339.32
1639510919, 2, 181, 524, 294, 0, 0.83%, 10, 0, 7, 1357.93
1639510924, 2, 213, 524, 288, 0, 0.83%, 10, 0, 7, 1355.10
1639510929, 2, 244, 525, 282, 0, 0.83%, 11, 0, 7, 1652.11
