# unix_time, cycles_done, cur_path, paths_total, pending_total, pending_favs, map_size, unique_crashes, unique_hangs, max_depth, execs_per_sec
1639551552, 0, 0, 753, 753, 100, 0.96%, 0, 0, 1, 1247.98
1639551557, 0, 78, 753, 742, 91, 0.96%, 2, 0, 1, 1377.29
1639551562, 0, 136, 753, 733, 82, 0.96%, 3, 0, 1, 1411.28
1639551568, 0, 217, 753, 720, 69, 0.96%, 3, 0, 1, 1404.82
1639551573, 0, 309, 753, 710, 60, 0.96%, 3, 0, 1, 1436.76
1639551578, 0, 413, 753, 701, 52, 0.96%, 4, 0, 1, 1455.08
1639551583, 0, 454, 753, 693, 44, 0.96%, 5, 0, 1, 1454.89
1639551588, 0, 518, 753, 684, 35, 0.96%, 5, 0, 1, 1438.62
1639551593, 0, 601, 753, 674, 25, 0.96%, 5, 0, 1, 1447.68
1639551598, 0, 641, 753, 665, 17, 0.96%, 5, 0, 1, 1469.60
1639551603, 0, 684, 753, 656, 8, 0.96%, 5, 0, 1, 1471.89
1639551608, 0, 748, 753, 648, 1, 0.96%, 6, 0, 1, 1454.63
1639551614, 1, 16, 754, 644, 0, 0.96%, 6, 0, 2, 1443.12
1639551619, 1, 47, 754, 639, 0, 0.96%, 7, 0, 2, 1384.33
1639551624, 1, 78, 755, 633, 0, 0.96%, 7, 0, 2, 1432.41
1639551629, 1, 97, 755, 628, 0, 0.96%, 7, 0, 2, 1445.56
1639551634, 1, 136, 755, 622, 0, 0.96%, 7, 0, 2, 1463.00
1639551639, 1, 173, 755, 618, 0, 0.96%, 7, 0, 2, 1449.99
1639551644, 1, 212, 755, 609, 0, 0.96%, 10, 0, 2, 1825.96
1639551649, 1, 248, 755, 600, 0, 0.96%, 10, 0, 2, 1520.11
1639551654, 1, 276, 755, 595, 0, 0.96%, 10, 0, 2, 1454.92
1639551659, 1, 310, 755, 592, 0, 0.96%, 10, 0, 2, 1447.56
1639551664, 1, 344, 756, 585, 0, 0.96%, 10, 0, 2, 1390.15
1639551669, 1, 366, 756, 577, 0, 0.96%, 10, 0, 2, 1426.11
1639551675, 1, 396, 756, 572, 0, 0.96%, 10, 0, 2, 1433.31
1639551680, 1, 420, 756, 568, 0, 0.96%, 10, 0, 2, 1372.16
1639551685, 1, 436, 756, 564, 0, 0.96%, 10, 0, 2, 1422.14
1639551690, 1, 461, 756, 558, 0, 0.96%, 10, 0, 2, 1440.46
1639551695, 1, 479, 756, 553, 0, 0.96%, 10, 0, 2, 1453.50
1639551700, 1, 510, 756, 546, 0, 0.96%, 11, 0, 2, 1436.64
1639551705, 1, 532, 756, 540, 0, 0.96%, 11, 0, 2, 1426.53
1639551710, 1, 546, 756, 535, 0, 0.96%, 11, 0, 2, 1406.39
1639551715, 1, 567, 756, 528, 0, 0.96%, 11, 0, 2, 1442.91
1639551720, 1, 593, 756, 520, 0, 0.96%, 11, 0, 2, 1475.23
1639551725, 1, 615, 756, 517, 0, 0.96%, 11, 0, 2, 1448.45
1639551730, 1, 641, 756, 513, 0, 0.96%, 11, 0, 2, 1458.32
1639551735, 1, 670, 756, 508, 0, 0.96%, 11, 0, 2, 1455.53
1639551740, 1, 689, 756, 506, 0, 0.96%, 11, 0, 2, 1433.27
1639551746, 1, 707, 756, 500, 0, 0.96%, 11, 0, 2, 1452.36
1639551751, 1, 746, 756, 494, 0, 0.96%, 11, 0, 2, 1448.93
1639551756, 2, 31, 756, 491, 0, 0.96%, 11, 0, 2, 1455.92
1639551761, 2, 79, 756, 486, 0, 0.96%, 11, 0, 2, 1467.30
1639551766, 2, 105, 756, 483, 0, 0.96%, 11, 0, 2, 1465.22
1639551771, 2, 124, 756, 477, 0, 0.96%, 11, 0, 2, 1447.61
1639551776, 2, 156, 756, 472, 0, 0.96%, 11, 0, 2, 1470.28
1639551781, 2, 181, 756, 466, 0, 0.96%, 11, 0, 2, 1469.39
1639551786, 2, 227, 756, 460, 0, 0.96%, 11, 0, 2, 1454.87
1639551791, 2, 248, 756, 452, 0, 0.96%, 11, 0, 2, 1445.15
1639551796, 2, 268, 756, 446, 0, 0.96%, 12, 0, 2, 1446.18
1639551801, 2, 285, 756, 441, 0, 0.96%, 12, 0, 2, 1445.14
1639551807, 2, 325, 756, 435, 0, 0.96%, 12, 0, 2, 1463.99
1639551812, 2, 354, 756, 428, 0, 0.96%, 12, 0, 2, 1478.98
1639551817, 2, 373, 756, 423, 0, 0.96%, 13, 0, 2, 1462.80
1639551822, 2, 399, 756, 417, 0, 0.96%, 13, 0, 2, 1459.37
1639551827, 2, 415, 756, 412, 0, 0.96%, 13, 0, 2, 1431.13
1639551832, 2, 450, 756, 409, 0, 0.96%, 14, 0, 2, 1446.95
1639551837, 2, 477, 756, 406, 0, 0.96%, 14, 0, 2, 1468.53
1639551842, 2, 504, 756, 400, 0, 0.96%, 14, 0, 2, 1479.01
