# unix_time, cycles_done, cur_path, paths_total, pending_total, pending_favs, map_size, unique_crashes, unique_hangs, max_depth, execs_per_sec
1639445625, 0, 0, 1, 1, 1, 0.12%, 0, 0, 1, 1333.33
1639445630, 0, 0, 75, 75, 1, 0.42%, 4, 0, 2, 1378.73
1639445635, 0, 14, 92, 86, 32, 0.46%, 5, 0, 3, 1429.43
1639445640, 0, 22, 110, 99, 30, 0.47%, 5, 0, 3, 1430.24
1639445645, 0, 47, 128, 108, 23, 0.47%, 7, 0, 3, 1429.42
1639445650, 0, 61, 143, 115, 15, 0.48%, 7, 0, 3, 1439.93
1639445655, 0, 111, 156, 121, 11, 0.52%, 7, 0, 4, 1438.61
1639445660, 0, 129, 168, 131, 10, 0.55%, 7, 0, 4, 1549.82
1639445666, 0, 159, 184, 137, 6, 0.55%, 7, 0, 5, 2099.38
1639445671, 0, 165, 192, 144, 5, 0.56%, 7, 0, 5, 1537.95
1639445676, 0, 178, 200, 151, 8, 0.60%, 7, 0, 5, 1444.26
1639445681, 0, 196, 203, 149, 7, 0.61%, 8, 0, 6, 1439.65
1639445686, 0, 197, 211, 156, 6, 0.62%, 8, 0, 6, 1458.03
1639445691, 0, 200, 215, 159, 8, 0.63%, 8, 0, 6, 1446.98
1639445696, 0, 207, 221, 162, 7, 0.63%, 8, 0, 7, 1460.33
1639445701, 0, 212, 228, 166, 5, 0.63%, 8, 0, 7, 1420.17
1639445706, 0, 214, 229, 166, 4, 0.64%, 8, 0, 7, 1444.80
1639445711, 0, 228, 235, 169, 4, 0.66%, 8, 0, 8, 1438.44
1639445716, 0, 234, 237, 168, 3, 0.67%, 8, 0, 9, 1440.85
1639445721, 1, 42, 238, 164, 0, 0.67%, 8, 0, 9, 1441.23
1639445727, 1, 60, 240, 162, 0, 0.67%, 8, 0, 9, 1445.10
1639445732, 1, 240, 248, 164, 1, 0.68%, 8, 0, 9, 1419.39
1639445737, 1, 242, 253, 168, 6, 0.69%, 8, 0, 9, 1416.32
1639445742, 1, 242, 256, 171, 6, 0.69%, 9, 0, 9, 1421.68
1639445747, 1, 244, 256, 169, 6, 0.69%, 10, 0, 9, 1426.86
1639445752, 1, 245, 259, 171, 5, 0.69%, 10, 0, 9, 1417.58
1639445757, 1, 251, 262, 172, 4, 0.70%, 10, 0, 9, 1445.13
1639445762, 1, 252, 264, 173, 5, 0.70%, 11, 0, 9, 1428.64
1639445767, 1, 255, 266, 174, 4, 0.70%, 11, 0, 9, 1398.09
1639445772, 1, 260, 269, 175, 3, 0.70%, 11, 0, 9, 1423.55
1639445777, 1, 261, 271, 176, 3, 0.73%, 11, 0, 9, 1389.51
1639445782, 1, 264, 273, 177, 3, 0.73%, 11, 0, 9, 1422.12
1639445787, 1, 269, 284, 187, 2, 0.75%, 11, 0, 9, 1439.63
1639445792, 1, 271, 284, 186, 9, 0.75%, 11, 0, 9, 1408.93
1639445797, 1, 277, 285, 184, 6, 0.75%, 11, 0, 9, 1425.52
1639445802, 1, 279, 286, 183, 5, 0.75%, 11, 0, 9, 1443.04
1639445808, 1, 280, 287, 183, 4, 0.75%, 12, 0, 9, 1423.52
1639445813, 1, 282, 289, 183, 2, 0.75%, 12, 0, 9, 1431.40
1639445818, 1, 285, 295, 188, 2, 0.76%, 12, 0, 9, 1428.90
1639445823, 1, 289, 299, 191, 3, 0.76%, 12, 0, 9, 1421.27
1639445828, 1, 289, 300, 192, 3, 0.76%, 12, 0, 9, 1434.34
1639445833, 1, 293, 302, 193, 2, 0.76%, 12, 0, 10, 1423.82
1639445838, 1, 293, 304, 195, 2, 0.76%, 12, 0, 10, 1426.06
1639445843, 1, 296, 306, 196, 2, 0.76%, 12, 0, 10, 1455.00
1639445848, 1, 300, 308, 197, 1, 0.76%, 12, 0, 10, 1423.87
1639445853, 1, 301, 308, 196, 1, 0.76%, 12, 0, 10, 1435.61
1639445858, 2, 1, 309, 195, 0, 0.76%, 12, 0, 11, 1415.75
1639445863, 2, 42, 310, 191, 0, 0.76%, 12, 0, 11, 1445.42
1639445868, 2, 183, 311, 190, 1, 0.76%, 12, 0, 11, 1426.62
1639445874, 2, 249, 311, 187, 1, 0.76%, 12, 0, 11, 1452.07
1639445879, 3, 5, 314, 187, 0, 0.77%, 12, 0, 11, 1425.35
1639445884, 3, 298, 317, 188, 1, 0.77%, 12, 0, 11, 1435.93
1639445894, 3, 317, 321, 190, 1, 0.77%, 12, 0, 11, 1432.50
1639445899, 3, 320, 323, 191, 0, 0.77%, 12, 0, 11, 1419.22
1639445904, 4, 11, 323, 189, 0, 0.77%, 12, 0, 11, 1454.25
1639445909, 4, 42, 323, 186, 0, 0.77%, 12, 0, 11, 1422.01
1639445914, 4, 75, 323, 185, 0, 0.77%, 12, 0, 11, 1445.36
1639445919, 4, 105, 323, 180, 0, 0.77%, 12, 0, 11, 1442.77
1639445924, 4, 133, 323, 174, 0, 0.77%, 13, 0, 11, 1427.35
