# unix_time, cycles_done, cur_path, paths_total, pending_total, pending_favs, map_size, unique_crashes, unique_hangs, max_depth, execs_per_sec
1639487001, 0, 0, 882, 882, 101, 0.92%, 0, 0, 1, 1198.98
1639487006, 0, 76, 882, 872, 91, 0.92%, 5, 0, 1, 1387.69
1639487012, 0, 145, 882, 860, 81, 0.92%, 6, 0, 1, 1449.90
1639487017, 0, 252, 882, 851, 74, 0.92%, 6, 0, 1, 1432.75
1639487022, 0, 336, 882, 835, 59, 0.92%, 6, 0, 1, 1431.89
1639487027, 0, 415, 882, 828, 53, 0.92%, 6, 0, 1, 1424.35
1639487032, 0, 465, 882, 819, 47, 0.92%, 7, 0, 1, 1401.46
1639487037, 0, 534, 882, 809, 37, 0.92%, 7, 0, 1, 1453.57
1639487042, 0, 595, 882, 802, 31, 0.92%, 7, 0, 1, 1469.01
1639487047, 0, 720, 882, 791, 21, 0.92%, 8, 0, 1, 1443.97
1639487052, 0, 778, 882, 783, 14, 0.92%, 8, 0, 1, 1448.95
1639487057, 0, 830, 882, 774, 5, 0.92%, 8, 0, 1, 1453.92
1639487062, 1, 12, 882, 766, 0, 0.92%, 9, 0, 1, 1432.93
1639487067, 1, 49, 882, 761, 0, 0.92%, 10, 0, 1, 1439.46
1639487073, 1, 59, 886, 761, 0, 0.92%, 10, 0, 2, 1417.19
1639487078, 1, 64, 887, 759, 0, 0.92%, 10, 0, 2, 1401.80
1639487083, 1, 80, 887, 754, 0, 0.92%, 10, 0, 2, 1442.71
1639487088, 1, 117, 887, 747, 0, 0.92%, 10, 0, 2, 1447.42
1639487093, 1, 139, 887, 743, 0, 0.92%, 10, 0, 2, 1443.15
1639487098, 1, 163, 887, 737, 0, 0.92%, 10, 0, 2, 469.84
1639487103, 1, 194, 887, 727, 0, 0.92%, 10, 0, 2, 1851.78
1639487108, 1, 238, 887, 718, 0, 0.92%, 10, 0, 2, 1534.20
1639487113, 1, 262, 887, 714, 0, 0.92%, 10, 0, 2, 1473.68
1639487119, 1, 294, 887, 708, 0, 0.92%, 10, 0, 2, 1453.44
1639487124, 1, 335, 887, 701, 0, 0.92%, 10, 0, 2, 1431.46
1639487129, 1, 362, 887, 696, 0, 0.92%, 10, 0, 2, 1444.34
1639487134, 1, 392, 887, 691, 0, 0.92%, 10, 0, 2, 1439.32
1639487139, 1, 418, 887, 686, 0, 0.92%, 10, 0, 2, 1433.08
1639487144, 1, 460, 887, 681, 0, 0.92%, 10, 0, 2, 1458.30
1639487149, 1, 493, 887, 678, 0, 0.92%, 10, 0, 2, 1454.80
1639487154, 1, 519, 887, 672, 0, 0.92%, 11, 0, 2, 1462.28
1639487159, 1, 546, 887, 665, 0, 0.92%, 11, 0, 2, 1472.51
1639487164, 1, 571, 887, 659, 0, 0.92%, 11, 0, 2, 1474.75
1639487169, 1, 593, 887, 654, 0, 0.92%, 11, 0, 2, 1438.01
1639487175, 1, 624, 887, 648, 0, 0.92%, 11, 0, 2, 1441.61
1639487180, 1, 653, 887, 637, 0, 0.92%, 11, 0, 2, 1446.73
1639487185, 1, 685, 887, 632, 0, 0.92%, 11, 0, 2, 1471.71
1639487190, 1, 705, 887, 624, 0, 0.92%, 11, 0, 2, 1453.69
1639487195, 1, 732, 887, 619, 0, 0.92%, 11, 0, 2, 1456.64
1639487200, 1, 776, 887, 614, 0, 0.92%, 11, 0, 2, 1451.02
1639487205, 1, 887, 889, 612, 1, 0.92%, 11, 0, 3, 1446.35
1639487210, 1, 889, 896, 618, 4, 0.92%, 11, 0, 4, 1442.54
1639487215, 1, 891, 897, 618, 4, 0.92%, 11, 0, 4, 1451.96
1639487220, 1, 893, 906, 626, 3, 0.93%, 11, 0, 4, 1459.28
1639487225, 1, 894, 907, 626, 6, 0.93%, 11, 0, 5, 1470.69
1639487230, 1, 899, 913, 631, 5, 0.93%, 11, 0, 5, 1460.86
1639487235, 1, 904, 913, 630, 5, 0.93%, 11, 0, 5, 1459.67
1639487240, 1, 908, 913, 628, 3, 0.93%, 11, 0, 5, 1442.50
1639487245, 1, 909, 914, 628, 2, 0.93%, 11, 0, 6, 1468.58
1639487250, 1, 914, 915, 628, 2, 0.93%, 11, 0, 6, 1454.21
1639487255, 2, 199, 915, 625, 1, 0.93%, 11, 0, 6, 1383.29
1639487261, 2, 440, 915, 619, 0, 0.93%, 12, 0, 6, 1362.30
1639487266, 2, 469, 915, 614, 0, 0.93%, 12, 0, 6, 1390.14
1639487271, 2, 505, 915, 610, 0, 0.93%, 12, 0, 6, 1428.86
1639487276, 2, 541, 915, 604, 0, 0.93%, 12, 0, 6, 1442.15
1639487281, 2, 578, 915, 600, 0, 0.93%, 13, 0, 6, 1459.60
1639487286, 2, 602, 915, 595, 0, 0.93%, 15, 0, 6, 1456.94
1639487291, 2, 653, 915, 586, 0, 0.93%, 15, 0, 6, 1703.14
