# unix_time, cycles_done, cur_path, paths_total, pending_total, pending_favs, map_size, unique_crashes, unique_hangs, max_depth, execs_per_sec
1639474365, 0, 0, 537, 537, 86, 0.86%, 0, 0, 1, 1167.71
1639474370, 0, 78, 537, 525, 74, 0.86%, 4, 0, 1, 1294.79
1639474375, 0, 132, 537, 516, 67, 0.86%, 5, 0, 1, 1333.60
1639474380, 0, 190, 537, 508, 59, 0.86%, 5, 0, 1, 1367.32
1639474385, 0, 237, 539, 505, 54, 0.86%, 5, 0, 2, 1381.11
1639474390, 0, 289, 539, 494, 45, 0.86%, 6, 0, 2, 1352.42
1639474395, 0, 334, 539, 486, 37, 0.86%, 6, 0, 2, 1325.50
1639474401, 0, 396, 539, 480, 31, 0.86%, 6, 0, 2, 1309.54
1639474406, 0, 439, 539, 469, 20, 0.86%, 6, 0, 2, 1316.34
1639474411, 0, 512, 539, 458, 9, 0.86%, 6, 0, 2, 1320.34
1639474416, 1, 1, 539, 448, 0, 0.86%, 6, 0, 2, 1331.38
1639474421, 1, 21, 539, 441, 0, 0.86%, 7, 0, 2, 1311.27
1639474426, 1, 39, 539, 433, 0, 0.86%, 7, 0, 2, 1321.96
1639474431, 1, 297, 540, 429, 1, 0.86%, 7, 0, 2, 1295.73
1639474436, 1, 539, 543, 431, 1, 0.86%, 7, 0, 3, 1310.84
1639474441, 2, 55, 543, 426, 0, 0.86%, 7, 0, 3, 1334.21
1639474446, 2, 84, 543, 424, 0, 0.86%, 7, 0, 3, 1335.79
1639474451, 2, 108, 543, 418, 0, 0.86%, 7, 0, 3, 1330.77
1639474457, 2, 133, 544, 413, 0, 0.86%, 8, 0, 3, 1340.98
1639474462, 2, 156, 544, 407, 0, 0.86%, 8, 0, 3, 1297.18
1639474467, 2, 175, 544, 401, 0, 0.86%, 8, 0, 3, 1296.66
1639474472, 2, 201, 544, 396, 0, 0.86%, 8, 0, 3, 1280.72
1639474477, 2, 222, 544, 388, 0, 0.86%, 8, 0, 3, 1337.98
1639474482, 2, 243, 544, 385, 0, 0.86%, 8, 0, 3, 1346.10
1639474487, 2, 544, 545, 381, 1, 0.86%, 8, 0, 3, 1341.66
1639474493, 3, 45, 545, 375, 0, 0.86%, 8, 0, 3, 1275.21
1639474498, 3, 58, 548, 376, 0, 0.86%, 8, 0, 3, 1306.63
1639474503, 3, 58, 550, 378, 0, 0.86%, 8, 0, 3, 1296.22
1639474508, 3, 86, 550, 375, 0, 0.86%, 8, 0, 3, 1325.62
1639474513, 3, 132, 550, 370, 0, 0.86%, 9, 0, 3, 1335.51
1639474518, 3, 161, 550, 367, 0, 0.86%, 9, 0, 3, 1336.57
1639474523, 3, 189, 550, 361, 0, 0.86%, 9, 0, 3, 1314.95
1639474528, 3, 230, 550, 355, 0, 0.86%, 9, 0, 3, 1335.17
1639474533, 3, 257, 550, 353, 0, 0.86%, 9, 0, 3, 1354.86
1639474538, 3, 280, 550, 348, 0, 0.86%, 9, 0, 3, 1340.24
1639474544, 3, 301, 550, 342, 0, 0.86%, 9, 0, 3, 1343.00
1639474549, 3, 330, 550, 338, 0, 0.86%, 11, 0, 3, 1332.84
1639474554, 3, 361, 550, 335, 0, 0.86%, 11, 0, 3, 1296.55
1639474559, 3, 382, 551, 331, 0, 0.86%, 11, 0, 3, 1316.06
1639474564, 3, 398, 551, 326, 0, 0.86%, 11, 0, 3, 1330.21
1639474569, 3, 414, 551, 321, 0, 0.86%, 11, 0, 3, 1342.75
1639474574, 3, 430, 551, 319, 0, 0.86%, 11, 0, 3, 1312.69
1639474579, 3, 462, 551, 312, 0, 0.86%, 11, 0, 3, 1319.29
1639474584, 3, 494, 551, 306, 0, 0.86%, 11, 0, 3, 1303.34
1639474590, 3, 512, 551, 301, 0, 0.86%, 12, 0, 3, 1338.06
1639474595, 3, 529, 551, 297, 0, 0.86%, 12, 0, 3, 1353.00
1639474600, 3, 544, 551, 295, 0, 0.86%, 12, 0, 3, 1332.26
1639474605, 4, 23, 551, 291, 0, 0.86%, 12, 0, 3, 1325.38
1639474610, 4, 53, 551, 288, 0, 0.86%, 12, 0, 3, 1284.63
1639474615, 4, 70, 551, 285, 0, 0.86%, 12, 0, 3, 1264.11
1639474620, 4, 87, 551, 282, 0, 0.86%, 12, 0, 3, 1309.15
1639474625, 4, 119, 551, 277, 0, 0.86%, 12, 0, 3, 1489.33
1639474630, 4, 154, 551, 273, 0, 0.86%, 12, 0, 3, 1358.46
1639474635, 4, 203, 551, 268, 0, 0.86%, 12, 0, 3, 1302.26
1639474640, 4, 235, 551, 265, 0, 0.86%, 12, 0, 3, 1262.56
1639474645, 4, 252, 551, 261, 0, 0.86%, 12, 0, 3, 1276.19
1639474650, 4, 289, 551, 256, 0, 0.86%, 12, 0, 3, 1300.86
1639474656, 4, 313, 551, 254, 0, 0.86%, 12, 0, 3, 1335.72
1639474661, 4, 351, 551, 249, 0, 0.86%, 12, 0, 3, 1327.82
