# unix_time, cycles_done, cur_path, paths_total, pending_total, pending_favs, map_size, unique_crashes, unique_hangs, max_depth, execs_per_sec
1639550437, 0, 0, 1, 1, 1, 0.12%, 0, 0, 1, 1333.33
1639550442, 0, 0, 84, 84, 1, 0.44%, 4, 0, 2, 1405.84
1639550448, 0, 12, 99, 94, 34, 0.46%, 5, 0, 3, 1419.93
1639550453, 0, 20, 124, 114, 38, 0.49%, 7, 0, 3, 1414.32
1639550458, 0, 43, 140, 121, 31, 0.51%, 7, 0, 3, 1425.92
1639550463, 0, 57, 156, 130, 24, 0.53%, 8, 0, 3, 1412.28
1639550468, 0, 75, 161, 130, 22, 0.53%, 9, 0, 3, 1414.30
1639550473, 0, 109, 175, 138, 17, 0.54%, 9, 0, 4, 1418.53
1639550478, 0, 146, 191, 147, 14, 0.57%, 9, 0, 4, 1433.76
1639550483, 0, 152, 200, 155, 16, 0.57%, 9, 0, 4, 1446.35
1639550488, 0, 157, 206, 159, 18, 0.58%, 10, 0, 4, 1424.70
1639550493, 0, 170, 215, 162, 14, 0.58%, 10, 0, 5, 1440.41
1639550498, 0, 179, 219, 165, 13, 0.60%, 10, 0, 5, 1445.36
1639550503, 0, 184, 228, 172, 18, 0.63%, 10, 0, 5, 1450.64
1639550508, 0, 194, 230, 171, 16, 0.63%, 11, 0, 5, 1431.97
1639550514, 0, 203, 233, 171, 13, 0.64%, 11, 0, 5, 1437.96
1639550519, 0, 204, 237, 174, 15, 0.64%, 13, 0, 5, 1432.21
1639550524, 0, 211, 243, 178, 15, 0.64%, 13, 0, 5, 1420.54
1639550529, 0, 219, 243, 174, 11, 0.64%, 13, 0, 5, 1449.47
1639550534, 0, 225, 244, 171, 8, 0.64%, 13, 0, 6, 1450.05
1639550539, 0, 231, 244, 169, 6, 0.64%, 14, 0, 6, 1401.71
1639550544, 0, 233, 249, 172, 4, 0.65%, 14, 0, 6, 1410.95
1639550549, 0, 241, 252, 172, 2, 0.65%, 15, 0, 6, 1423.46
1639550554, 0, 243, 254, 173, 2, 0.65%, 15, 0, 7, 1438.12
1639550559, 1, 12, 256, 173, 0, 0.65%, 15, 0, 7, 1461.56
1639550564, 1, 35, 258, 171, 0, 0.65%, 15, 0, 7, 1436.40
1639550569, 1, 53, 260, 171, 0, 0.65%, 15, 0, 7, 1444.05
1639550574, 1, 85, 262, 168, 0, 0.65%, 15, 0, 7, 1445.30
1639550579, 1, 108, 263, 163, 0, 0.65%, 15, 0, 7, 1412.12
1639550585, 1, 263, 265, 160, 1, 0.65%, 15, 0, 7, 1442.25
1639550590, 1, 263, 270, 165, 1, 0.65%, 15, 0, 7, 1452.95
1639550595, 1, 265, 272, 166, 3, 0.65%, 15, 0, 7, 1431.35
1639550600, 1, 271, 275, 168, 1, 0.65%, 15, 0, 7, 1436.09
1639550605, 1, 275, 277, 169, 0, 0.65%, 15, 0, 8, 1452.01
1639550610, 1, 276, 279, 170, 0, 0.65%, 15, 0, 9, 1434.33
1639550615, 2, 36, 279, 167, 0, 0.65%, 15, 0, 9, 1462.73
1639550620, 2, 60, 279, 165, 0, 0.65%, 15, 0, 9, 1439.62
1639550625, 2, 87, 279, 161, 0, 0.65%, 15, 0, 9, 1414.90
1639550630, 2, 134, 280, 158, 0, 0.65%, 15, 0, 9, 1415.94
1639550635, 2, 152, 281, 149, 0, 0.65%, 15, 0, 9, 1868.52
1639550640, 2, 170, 281, 147, 0, 0.65%, 15, 0, 9, 1720.70
1639550645, 2, 185, 281, 145, 0, 0.65%, 15, 0, 9, 1488.52
1639550650, 2, 206, 281, 143, 0, 0.65%, 15, 0, 9, 1463.21
1639550656, 2, 214, 282, 143, 0, 0.65%, 15, 0, 9, 404.67
1639550661, 2, 219, 282, 142, 0, 0.65%, 15, 0, 9, 1827.49
1639550666, 2, 224, 282, 141, 0, 0.65%, 17, 0, 9, 1517.40
1639550671, 2, 228, 282, 140, 0, 0.65%, 17, 0, 9, 1423.29
1639550676, 2, 233, 284, 142, 0, 0.65%, 17, 0, 9, 1430.67
1639550681, 2, 238, 287, 143, 0, 0.65%, 17, 0, 9, 1431.18
1639550686, 2, 245, 288, 142, 0, 0.65%, 17, 0, 9, 1409.53
1639550691, 2, 249, 290, 142, 0, 0.65%, 17, 0, 9, 1437.51
1639550696, 3, 3, 292, 140, 0, 0.66%, 17, 0, 9, 1445.18
1639550701, 3, 36, 292, 136, 0, 0.66%, 17, 0, 9, 1418.31
1639550706, 3, 61, 292, 135, 0, 0.66%, 17, 0, 9, 1437.21
1639550711, 3, 96, 292, 130, 0, 0.66%, 17, 0, 9, 1442.99
1639550716, 3, 134, 293, 127, 0, 0.66%, 17, 0, 9, 1427.74
1639550721, 3, 160, 294, 126, 0, 0.66%, 18, 0, 9, 1435.95
1639550726, 3, 177, 294, 126, 0, 0.66%, 18, 0, 9, 1438.27
1639550732, 3, 192, 294, 124, 0, 0.66%, 18, 0, 9, 1458.38
1639550737, 3, 205, 294, 121, 0, 0.66%, 18, 0, 9, 1450.64
