# unix_time, cycles_done, cur_path, paths_total, pending_total, pending_favs, map_size, unique_crashes, unique_hangs, max_depth, execs_per_sec
1639485466, 0, 0, 846, 846, 113, 0.98%, 0, 0, 1, 1265.52
1639485471, 0, 78, 847, 836, 105, 0.98%, 2, 0, 2, 1376.11
1639485476, 0, 150, 847, 825, 95, 0.98%, 4, 0, 2, 1409.23
1639485481, 0, 240, 849, 811, 80, 0.98%, 4, 0, 2, 1619.50
1639485486, 0, 313, 849, 800, 69, 0.98%, 5, 0, 2, 1464.84
1639485492, 0, 365, 849, 792, 61, 0.98%, 5, 0, 2, 1419.05
1639485497, 0, 413, 849, 782, 51, 0.98%, 5, 0, 2, 1411.99
1639485502, 0, 503, 849, 772, 43, 0.98%, 5, 0, 2, 1409.83
1639485507, 0, 579, 850, 763, 35, 0.98%, 8, 0, 2, 1410.58
1639485512, 0, 669, 850, 755, 27, 0.98%, 8, 0, 2, 1436.95
1639485518, 0, 707, 850, 749, 22, 0.98%, 8, 0, 2, 1417.59
1639485523, 0, 786, 850, 740, 13, 0.98%, 8, 0, 2, 1418.46
1639485528, 0, 838, 850, 732, 5, 0.98%, 8, 0, 2, 1413.52
1639485533, 1, 28, 850, 724, 0, 0.98%, 8, 0, 2, 1414.26
1639485538, 1, 55, 850, 717, 0, 0.98%, 9, 0, 2, 1402.58
1639485543, 1, 81, 851, 712, 0, 0.98%, 9, 0, 2, 1416.00
1639485548, 1, 118, 851, 706, 0, 0.98%, 9, 0, 2, 1404.04
1639485553, 1, 148, 851, 699, 0, 0.98%, 10, 0, 2, 1411.10
1639485558, 1, 159, 851, 695, 0, 0.98%, 10, 0, 2, 1404.56
1639485564, 1, 178, 851, 686, 0, 0.98%, 10, 0, 2, 1424.77
1639485569, 1, 195, 851, 680, 0, 0.98%, 10, 0, 2, 1388.26
1639485574, 1, 223, 851, 672, 0, 0.98%, 10, 0, 2, 1429.45
1639485579, 1, 246, 851, 667, 0, 0.98%, 10, 0, 2, 1412.56
1639485584, 1, 282, 851, 663, 0, 0.98%, 10, 0, 2, 1399.95
1639485589, 1, 302, 851, 657, 0, 0.98%, 10, 0, 2, 1385.27
1639485594, 1, 315, 851, 654, 0, 0.98%, 10, 0, 2, 1411.16
1639485600, 1, 339, 851, 647, 0, 0.98%, 10, 0, 2, 1411.04
1639485605, 1, 357, 853, 645, 0, 0.98%, 10, 0, 2, 1411.40
1639485610, 1, 372, 853, 641, 0, 0.98%, 10, 0, 2, 1404.47
1639485615, 1, 386, 853, 638, 0, 0.98%, 10, 0, 2, 1404.14
1639485620, 1, 446, 853, 631, 0, 0.98%, 10, 0, 2, 1387.17
1639485625, 1, 470, 853, 624, 0, 0.98%, 10, 0, 2, 1403.44
1639485630, 1, 487, 853, 621, 0, 0.98%, 10, 0, 2, 1392.88
1639485635, 1, 519, 853, 613, 0, 0.98%, 10, 0, 2, 1417.84
1639485640, 1, 543, 853, 607, 0, 0.98%, 10, 0, 2, 1411.38
1639485645, 1, 579, 853, 601, 0, 0.98%, 10, 0, 2, 1400.26
1639485650, 1, 599, 853, 596, 0, 0.98%, 10, 0, 2, 1400.87
1639485656, 1, 644, 853, 589, 0, 0.98%, 10, 0, 2, 1420.40
1639485661, 1, 673, 854, 585, 0, 0.98%, 10, 0, 2, 1418.85
1639485666, 1, 703, 854, 581, 0, 0.98%, 11, 0, 2, 1413.10
1639485671, 1, 730, 854, 575, 0, 0.98%, 11, 0, 2, 1406.98
1639485676, 1, 759, 854, 569, 0, 0.98%, 11, 0, 2, 1387.30
1639485681, 1, 782, 854, 564, 0, 0.98%, 11, 0, 2, 1399.10
1639485686, 1, 812, 854, 562, 0, 0.98%, 11, 0, 2, 1411.28
1639485691, 1, 838, 854, 556, 0, 0.98%, 12, 0, 2, 1418.32
1639485696, 1, 849, 854, 554, 0, 0.98%, 12, 0, 2, 1425.99
1639485701, 2, 43, 854, 547, 0, 0.98%, 12, 0, 2, 1413.71
1639485706, 2, 92, 854, 543, 0, 0.98%, 12, 0, 2, 1410.29
1639485712, 2, 142, 854, 538, 0, 0.98%, 12, 0, 2, 1402.42
1639485717, 2, 191, 854, 535, 0, 0.98%, 12, 0, 2, 1421.44
1639485722, 2, 228, 854, 530, 0, 0.98%, 12, 0, 2, 1414.94
1639485727, 2, 263, 854, 524, 0, 0.98%, 12, 0, 2, 1429.17
1639485732, 2, 311, 854, 520, 0, 0.98%, 12, 0, 2, 1417.26
1639485737, 2, 342, 854, 516, 0, 0.98%, 12, 0, 2, 1404.67
1639485743, 2, 360, 854, 512, 0, 0.98%, 12, 0, 2, 1417.54
1639485748, 2, 386, 854, 511, 0, 0.98%, 12, 0, 2, 1415.24
1639485753, 2, 439, 854, 504, 0, 0.98%, 12, 0, 2, 1354.86
1639485758, 2, 474, 855, 496, 0, 0.98%, 12, 0, 2, 1402.94
