# unix_time, cycles_done, cur_path, paths_total, pending_total, pending_favs, map_size, unique_crashes, unique_hangs, max_depth, execs_per_sec
1639547443, 0, 0, 522, 522, 96, 0.90%, 0, 0, 1, 1107.99
1639547448, 0, 51, 522, 513, 87, 0.90%, 2, 0, 1, 1246.57
1639547453, 0, 88, 522, 503, 77, 0.90%, 2, 0, 1, 1294.56
1639547458, 0, 117, 522, 496, 71, 0.90%, 2, 0, 1, 1331.69
1639547463, 0, 154, 522, 488, 64, 0.90%, 2, 0, 1, 1348.00
1639547468, 0, 190, 525, 485, 58, 0.90%, 2, 0, 2, 1362.90
1639547473, 0, 191, 527, 486, 57, 0.90%, 2, 0, 2, 1360.16
1639547478, 0, 228, 527, 476, 48, 0.90%, 2, 0, 2, 1391.56
1639547484, 0, 274, 527, 466, 38, 0.90%, 2, 0, 2, 1411.05
1639547489, 0, 327, 527, 457, 31, 0.90%, 2, 0, 2, 1449.11
1639547494, 0, 402, 527, 444, 18, 0.90%, 4, 0, 2, 1453.93
1639547499, 0, 446, 527, 436, 10, 0.90%, 4, 0, 2, 1459.16
1639547504, 0, 526, 527, 426, 1, 0.90%, 5, 0, 2, 1437.92
1639547509, 1, 20, 527, 422, 0, 0.90%, 5, 0, 2, 1443.01
1639547514, 1, 51, 528, 417, 0, 0.90%, 5, 0, 2, 1422.39
1639547519, 1, 66, 528, 411, 0, 0.90%, 5, 0, 2, 1417.04
1639547525, 1, 93, 531, 411, 0, 0.90%, 5, 0, 2, 1360.64
1639547530, 1, 93, 532, 412, 0, 0.90%, 5, 0, 2, 1244.43
1639547535, 1, 104, 532, 409, 0, 0.90%, 5, 0, 2, 1272.39
1639547540, 1, 117, 532, 407, 0, 0.90%, 5, 0, 2, 765.85
1639547545, 1, 130, 532, 404, 0, 0.90%, 5, 0, 2, 281.87
1639547550, 1, 153, 532, 399, 0, 0.90%, 5, 0, 2, 966.43
1639547555, 1, 168, 532, 396, 0, 0.90%, 5, 0, 2, 1189.63
1639547560, 1, 203, 532, 390, 0, 0.90%, 5, 0, 2, 1350.30
1639547565, 1, 532, 534, 385, 1, 0.90%, 5, 0, 3, 1304.76
1639547570, 2, 11, 534, 382, 0, 0.90%, 5, 0, 3, 1361.32
1639547576, 2, 48, 534, 376, 0, 0.90%, 5, 0, 3, 1414.22
1639547581, 2, 67, 534, 375, 0, 0.90%, 5, 0, 3, 1404.41
1639547586, 2, 83, 534, 371, 0, 0.90%, 5, 0, 3, 1098.11
1639547591, 2, 108, 534, 367, 0, 0.90%, 5, 0, 3, 1356.58
1639547596, 2, 127, 534, 363, 0, 0.90%, 5, 0, 3, 1413.44
1639547601, 2, 149, 534, 357, 0, 0.90%, 5, 0, 3, 1397.92
1639547606, 2, 176, 534, 352, 0, 0.90%, 5, 0, 3, 1429.47
1639547611, 2, 216, 534, 350, 0, 0.90%, 5, 0, 3, 1435.39
1639547616, 2, 242, 534, 345, 0, 0.90%, 5, 0, 3, 1399.14
1639547621, 2, 261, 534, 342, 0, 0.90%, 5, 0, 3, 1382.53
1639547627, 2, 276, 534, 339, 0, 0.90%, 5, 0, 3, 1380.17
1639547632, 2, 295, 534, 332, 0, 0.90%, 5, 0, 3, 1410.10
1639547637, 2, 316, 535, 328, 0, 0.90%, 5, 0, 3, 1424.06
1639547642, 2, 347, 535, 322, 0, 0.90%, 5, 0, 3, 1444.91
1639547647, 2, 378, 535, 318, 0, 0.90%, 5, 0, 3, 1425.71
1639547652, 2, 405, 535, 311, 0, 0.90%, 5, 0, 3, 1444.34
1639547657, 2, 425, 535, 304, 0, 0.90%, 5, 0, 3, 1443.23
1639547662, 2, 433, 537, 302, 0, 0.90%, 6, 0, 3, 1421.10
1639547667, 2, 451, 537, 298, 0, 0.90%, 8, 0, 3, 1360.41
1639547672, 2, 481, 537, 292, 0, 0.90%, 8, 0, 3, 1255.53
1639547678, 2, 500, 537, 287, 0, 0.90%, 8, 0, 3, 1408.27
1639547683, 2, 528, 537, 281, 0, 0.90%, 8, 0, 3, 1418.53
1639547688, 3, 11, 537, 278, 0, 0.90%, 8, 0, 3, 1440.13
1639547693, 3, 537, 538, 277, 1, 0.90%, 8, 0, 3, 1434.11
1639547698, 4, 11, 538, 275, 0, 0.90%, 8, 0, 3, 1446.33
1639547703, 4, 45, 538, 271, 0, 0.90%, 8, 0, 3, 1436.90
1639547708, 4, 69, 538, 269, 0, 0.90%, 8, 0, 3, 1446.43
1639547713, 4, 99, 538, 266, 0, 0.90%, 8, 0, 3, 1433.07
1639547718, 4, 136, 538, 264, 0, 0.90%, 8, 0, 3, 1432.70
1639547724, 4, 170, 538, 260, 0, 0.90%, 8, 0, 3, 1716.80
1639547729, 4, 201, 540, 256, 0, 0.90%, 8, 0, 3, 1493.08
1639547734, 4, 538, 540, 253, 1, 0.90%, 8, 0, 3, 1383.51
1639547739, 4, 539, 542, 254, 0, 0.90%, 8, 0, 3, 1365.71
