# unix_time, cycles_done, cur_path, paths_total, pending_total, pending_favs, map_size, unique_crashes, unique_hangs, max_depth, execs_per_sec
1639521736, 0, 0, 901, 901, 97, 0.95%, 0, 0, 1, 1006.84
1639521741, 0, 71, 901, 893, 90, 0.95%, 3, 0, 1, 1166.90
1639521746, 0, 164, 901, 885, 83, 0.95%, 6, 0, 1, 1271.77
1639521751, 0, 229, 901, 877, 75, 0.95%, 7, 0, 1, 1326.13
1639521756, 0, 326, 902, 865, 63, 0.95%, 7, 0, 2, 1337.11
1639521761, 0, 392, 902, 856, 55, 0.95%, 8, 0, 2, 1313.83
1639521767, 0, 464, 902, 848, 47, 0.95%, 8, 0, 2, 1299.31
1639521772, 0, 548, 902, 839, 39, 0.95%, 8, 0, 2, 1350.79
1639521777, 0, 614, 902, 829, 29, 0.95%, 9, 0, 2, 1355.63
1639521782, 0, 732, 902, 817, 18, 0.95%, 9, 0, 2, 1478.83
1639521787, 0, 834, 902, 806, 8, 0.95%, 11, 0, 2, 1453.41
1639521792, 1, 4, 902, 795, 0, 0.95%, 13, 0, 2, 1348.07
1639521797, 1, 42, 902, 789, 0, 0.95%, 15, 0, 2, 1317.39
1639521802, 1, 78, 902, 784, 0, 0.95%, 15, 0, 2, 1317.76
1639521807, 1, 117, 902, 775, 0, 0.95%, 15, 0, 2, 1251.28
1639521812, 1, 144, 902, 768, 0, 0.95%, 15, 0, 2, 1192.55
1639521817, 1, 157, 902, 762, 0, 0.95%, 16, 0, 2, 1165.23
1639521822, 1, 178, 902, 758, 0, 0.95%, 16, 0, 2, 1161.86
1639521828, 1, 196, 902, 752, 0, 0.95%, 16, 0, 2, 1203.05
1639521833, 1, 211, 902, 747, 0, 0.95%, 16, 0, 2, 1233.53
1639521838, 1, 229, 902, 742, 0, 0.95%, 16, 0, 2, 1188.20
1639521843, 1, 262, 902, 737, 0, 0.95%, 17, 0, 2, 1163.42
1639521848, 1, 286, 902, 732, 0, 0.95%, 17, 0, 2, 1217.22
1639521853, 1, 299, 902, 725, 0, 0.95%, 17, 0, 2, 1276.62
1639521858, 1, 339, 902, 715, 0, 0.95%, 17, 0, 2, 1288.69
1639521864, 1, 371, 902, 709, 0, 0.95%, 18, 0, 2, 1270.29
1639521869, 1, 388, 902, 705, 0, 0.95%, 18, 0, 2, 1251.57
1639521874, 1, 403, 902, 700, 0, 0.95%, 18, 0, 2, 1277.48
1639521879, 1, 429, 903, 693, 0, 0.95%, 18, 0, 2, 1280.22
1639521884, 1, 445, 903, 688, 0, 0.95%, 18, 0, 2, 1298.85
1639521889, 1, 463, 903, 683, 0, 0.95%, 18, 0, 2, 1291.54
1639521894, 1, 483, 903, 678, 0, 0.95%, 18, 0, 2, 1337.28
1639521899, 1, 512, 903, 671, 0, 0.95%, 18, 0, 2, 1294.02
1639521905, 1, 532, 903, 665, 0, 0.95%, 18, 0, 2, 1322.33
1639521910, 1, 549, 903, 660, 0, 0.95%, 18, 0, 2, 1332.10
1639521915, 1, 593, 903, 655, 0, 0.95%, 18, 0, 2, 1318.86
1639521920, 1, 615, 903, 648, 0, 0.95%, 18, 0, 2, 1258.81
1639521925, 1, 635, 903, 641, 0, 0.95%, 18, 0, 2, 1237.91
1639521930, 1, 658, 903, 637, 0, 0.95%, 18, 0, 2, 1251.03
1639521935, 1, 674, 903, 631, 0, 0.95%, 18, 0, 2, 1290.65
1639521940, 1, 689, 903, 626, 0, 0.95%, 18, 0, 2, 1308.05
1639521945, 1, 711, 903, 619, 0, 0.95%, 18, 0, 2, 1266.44
1639521950, 1, 745, 903, 613, 0, 0.95%, 18, 0, 2, 1250.65
1639521956, 1, 774, 903, 607, 0, 0.95%, 19, 0, 2, 1256.32
1639521961, 1, 815, 903, 601, 0, 0.95%, 22, 0, 2, 1270.04
1639521966, 1, 853, 903, 596, 0, 0.95%, 22, 0, 2, 1267.85
1639521971, 1, 887, 903, 589, 0, 0.95%, 22, 0, 2, 1241.55
1639521976, 2, 0, 903, 584, 0, 0.95%, 22, 0, 2, 1180.14
1639521981, 2, 24, 903, 581, 0, 0.95%, 22, 0, 2, 1128.62
1639521986, 2, 57, 903, 574, 0, 0.95%, 22, 0, 2, 1091.59
1639521991, 2, 78, 903, 570, 0, 0.95%, 22, 0, 2, 1135.45
1639521997, 2, 132, 903, 564, 0, 0.95%, 22, 0, 2, 1161.72
1639522002, 2, 164, 903, 558, 0, 0.95%, 23, 0, 2, 1176.34
1639522007, 2, 206, 903, 553, 0, 0.95%, 24, 0, 2, 1265.93
1639522012, 2, 218, 903, 550, 0, 0.95%, 24, 0, 2, 1332.27
1639522017, 2, 242, 903, 544, 0, 0.95%, 24, 0, 2, 1407.50
1639522022, 2, 278, 903, 537, 0, 0.95%, 24, 0, 2, 1439.04
1639522027, 2, 317, 903, 532, 0, 0.95%, 24, 0, 2, 1456.26
