# unix_time, cycles_done, cur_path, paths_total, pending_total, pending_favs, map_size, unique_crashes, unique_hangs, max_depth, execs_per_sec
1639547724, 0, 0, 1, 1, 1, 0.12%, 0, 0, 1, 1333.33
1639547729, 0, 0, 78, 78, 1, 0.43%, 5, 0, 2, 1346.97
1639547734, 0, 21, 94, 86, 34, 0.49%, 5, 0, 3, 1341.45
1639547740, 0, 31, 120, 104, 30, 0.51%, 6, 0, 3, 1487.69
1639547745, 0, 51, 135, 112, 25, 0.51%, 6, 0, 3, 1691.54
1639547750, 0, 78, 141, 108, 15, 0.52%, 6, 0, 3, 1399.65
1639547755, 0, 81, 148, 113, 13, 0.52%, 7, 0, 3, 1382.52
1639547760, 0, 97, 155, 115, 9, 0.52%, 7, 0, 4, 1377.46
1639547765, 0, 137, 168, 123, 8, 0.54%, 7, 0, 4, 1378.22
1639547770, 0, 151, 170, 121, 8, 0.55%, 8, 0, 4, 1412.52
1639547775, 0, 156, 175, 125, 7, 0.59%, 9, 0, 5, 1415.85
1639547780, 0, 164, 179, 126, 10, 0.59%, 9, 0, 5, 1407.99
1639547785, 0, 169, 182, 125, 7, 0.59%, 9, 0, 5, 1433.10
1639547790, 0, 172, 182, 123, 5, 0.59%, 9, 0, 5, 1455.53
1639547796, 0, 175, 187, 126, 5, 0.60%, 9, 0, 6, 1463.07
1639547801, 0, 185, 195, 131, 4, 0.62%, 9, 0, 7, 1439.34
1639547806, 0, 186, 195, 130, 8, 0.62%, 10, 0, 7, 1444.08
1639547811, 0, 190, 201, 134, 6, 0.62%, 11, 0, 7, 1428.94
1639547816, 0, 193, 204, 134, 5, 0.63%, 11, 0, 8, 1453.12
1639547821, 0, 196, 208, 136, 4, 0.64%, 11, 0, 8, 1458.26
1639547826, 0, 201, 212, 139, 4, 0.67%, 11, 0, 9, 1462.15
1639547831, 0, 204, 213, 138, 6, 0.67%, 11, 0, 9, 1446.67
1639547836, 0, 207, 223, 147, 5, 0.68%, 11, 0, 9, 1427.01
1639547841, 0, 208, 228, 151, 10, 0.69%, 11, 0, 10, 1442.89
1639547846, 0, 211, 231, 151, 10, 0.69%, 11, 0, 10, 1445.42
1639547851, 0, 217, 234, 152, 10, 0.72%, 11, 0, 10, 1446.42
1639547857, 0, 219, 238, 154, 10, 0.72%, 11, 0, 10, 1437.38
1639547862, 0, 220, 244, 159, 10, 0.72%, 12, 0, 10, 1413.12
1639547867, 0, 222, 246, 160, 13, 0.72%, 13, 0, 10, 1419.84
1639547872, 0, 224, 248, 161, 12, 0.72%, 13, 0, 10, 1427.76
1639547877, 0, 231, 248, 158, 9, 0.72%, 13, 0, 10, 1448.07
1639547882, 0, 232, 259, 168, 8, 0.75%, 13, 0, 11, 1451.79
1639547887, 0, 234, 261, 169, 17, 0.75%, 13, 0, 11, 1442.82
1639547892, 0, 236, 264, 170, 16, 0.75%, 13, 0, 11, 1443.55
1639547897, 0, 240, 269, 174, 15, 0.76%, 13, 0, 11, 1419.52
1639547902, 0, 243, 269, 171, 13, 0.76%, 14, 0, 11, 1403.48
1639547907, 0, 251, 270, 168, 9, 0.76%, 14, 0, 12, 1447.45
1639547912, 0, 254, 271, 167, 7, 0.76%, 14, 0, 12, 1463.80
1639547917, 0, 257, 272, 165, 4, 0.76%, 14, 0, 12, 1462.86
1639547922, 0, 268, 273, 163, 1, 0.76%, 15, 0, 12, 1454.07
1639547927, 0, 268, 275, 165, 1, 0.77%, 15, 0, 12, 1451.23
1639547932, 1, 18, 276, 161, 0, 0.77%, 15, 0, 12, 1439.49
1639547938, 1, 55, 276, 158, 0, 0.77%, 15, 0, 12, 1415.80
1639547943, 1, 86, 276, 155, 0, 0.77%, 15, 0, 12, 1352.17
1639547948, 1, 110, 276, 150, 0, 0.77%, 15, 0, 12, 1331.78
1639547953, 1, 276, 278, 147, 1, 0.78%, 15, 0, 12, 1372.71
1639547958, 2, 36, 280, 147, 0, 0.78%, 15, 0, 12, 1378.55
1639547963, 2, 59, 280, 144, 0, 0.78%, 15, 0, 12, 1422.76
1639547968, 2, 106, 281, 140, 0, 0.78%, 15, 0, 12, 1428.54
1639547973, 2, 137, 281, 135, 0, 0.78%, 15, 0, 12, 1442.92
1639547978, 2, 156, 281, 134, 0, 0.78%, 15, 0, 12, 1436.83
1639547983, 2, 167, 285, 137, 0, 0.78%, 15, 0, 12, 1447.19
1639547988, 2, 172, 286, 138, 0, 0.78%, 15, 0, 12, 1452.50
1639547993, 2, 176, 286, 138, 0, 0.78%, 15, 0, 12, 1448.15
1639547999, 2, 286, 289, 139, 1, 0.78%, 15, 0, 12, 1423.07
1639548009, 3, 39, 289, 135, 0, 0.78%, 15, 0, 12, 1452.92
1639548014, 3, 74, 290, 131, 0, 0.78%, 15, 0, 12, 1463.72
1639548019, 3, 106, 290, 128, 0, 0.78%, 15, 0, 12, 1468.54
1639548024, 3, 139, 290, 124, 0, 0.78%, 15, 0, 12, 1450.57
