# unix_time, cycles_done, cur_path, paths_total, pending_total, pending_favs, map_size, unique_crashes, unique_hangs, max_depth, execs_per_sec
1639488533, 0, 0, 946, 946, 101, 0.93%, 0, 0, 1, 1280.97
1639488539, 0, 105, 946, 936, 92, 0.93%, 0, 0, 1, 1413.37
1639488544, 0, 172, 946, 928, 85, 0.93%, 2, 0, 1, 1430.20
1639488549, 0, 249, 946, 918, 75, 0.93%, 3, 0, 1, 1429.50
1639488554, 0, 382, 946, 906, 63, 0.93%, 6, 0, 1, 1415.37
1639488559, 0, 463, 946, 895, 53, 0.93%, 7, 0, 1, 1413.08
1639488564, 0, 565, 946, 885, 43, 0.93%, 7, 0, 1, 1413.13
1639488569, 0, 667, 946, 877, 35, 0.93%, 7, 0, 1, 1411.05
1639488575, 0, 706, 946, 868, 27, 0.93%, 8, 0, 1, 1426.02
1639488580, 0, 762, 946, 861, 21, 0.93%, 8, 0, 1, 1423.05
1639488585, 0, 839, 946, 852, 12, 0.93%, 8, 0, 1, 1438.97
1639488590, 0, 935, 946, 842, 2, 0.93%, 8, 0, 1, 1414.65
1639488595, 1, 32, 946, 832, 0, 0.93%, 8, 0, 1, 1431.84
1639488600, 1, 56, 946, 826, 0, 0.93%, 8, 0, 1, 1426.74
1639488605, 1, 89, 946, 819, 0, 0.93%, 8, 0, 1, 1422.02
1639488610, 1, 116, 946, 813, 0, 0.93%, 8, 0, 1, 1414.61
1639488615, 1, 142, 946, 808, 0, 0.93%, 8, 0, 1, 1400.89
1639488620, 1, 179, 946, 801, 0, 0.93%, 8, 0, 1, 1407.03
1639488625, 1, 206, 946, 796, 0, 0.93%, 9, 0, 1, 1422.69
1639488631, 1, 235, 946, 788, 0, 0.93%, 9, 0, 1, 1437.91
1639488636, 1, 264, 946, 781, 0, 0.93%, 9, 0, 1, 1432.45
1639488641, 1, 308, 946, 772, 0, 0.93%, 9, 0, 1, 1425.51
1639488646, 1, 340, 946, 764, 0, 0.93%, 9, 0, 1, 1430.41
1639488651, 1, 374, 947, 759, 0, 0.93%, 9, 0, 2, 1416.66
1639488656, 1, 388, 947, 755, 0, 0.93%, 9, 0, 2, 1405.73
1639488661, 1, 412, 947, 749, 0, 0.93%, 9, 0, 2, 1443.34
1639488666, 1, 441, 947, 743, 0, 0.93%, 9, 0, 2, 1435.97
1639488671, 1, 480, 947, 736, 0, 0.93%, 10, 0, 2, 1429.33
1639488676, 1, 498, 947, 729, 0, 0.93%, 10, 0, 2, 1438.63
1639488681, 1, 536, 947, 724, 0, 0.93%, 11, 0, 2, 1409.26
1639488686, 1, 595, 947, 719, 0, 0.93%, 11, 0, 2, 1426.42
1639488691, 1, 640, 947, 712, 0, 0.93%, 11, 0, 2, 1449.19
1639488696, 1, 653, 947, 706, 0, 0.93%, 11, 0, 2, 1449.69
1639488702, 1, 672, 947, 702, 0, 0.93%, 11, 0, 2, 1447.35
1639488707, 1, 694, 947, 696, 0, 0.93%, 11, 0, 2, 1424.48
1639488712, 1, 712, 947, 692, 0, 0.93%, 11, 0, 2, 1436.40
1639488717, 1, 733, 947, 684, 0, 0.93%, 11, 0, 2, 1439.91
1639488722, 1, 770, 947, 680, 0, 0.93%, 11, 0, 2, 1449.23
1639488727, 1, 800, 947, 675, 0, 0.93%, 11, 0, 2, 1431.68
1639488732, 1, 827, 947, 669, 0, 0.93%, 11, 0, 2, 1436.48
1639488737, 1, 860, 947, 663, 0, 0.93%, 11, 0, 2, 1443.23
1639488742, 1, 884, 947, 658, 0, 0.93%, 11, 0, 2, 1404.25
1639488747, 1, 902, 947, 651, 0, 0.93%, 11, 0, 2, 1424.56
1639488752, 1, 933, 947, 647, 0, 0.93%, 11, 0, 2, 1441.85
1639488757, 2, 44, 947, 638, 0, 0.93%, 11, 0, 2, 1420.55
1639488762, 2, 78, 947, 634, 0, 0.93%, 11, 0, 2, 1425.32
1639488768, 2, 106, 947, 629, 0, 0.93%, 11, 0, 2, 1429.56
1639488773, 2, 140, 947, 624, 0, 0.93%, 11, 0, 2, 1422.18
1639488778, 2, 176, 947, 620, 0, 0.93%, 11, 0, 2, 1431.39
1639488783, 2, 211, 947, 614, 0, 0.93%, 11, 0, 2, 1440.41
1639488788, 2, 239, 947, 610, 0, 0.93%, 11, 0, 2, 1421.88
1639488793, 2, 269, 947, 602, 0, 0.93%, 11, 0, 2, 1435.15
1639488798, 2, 304, 947, 591, 0, 0.93%, 11, 0, 2, 1653.35
1639488803, 2, 339, 947, 587, 0, 0.93%, 11, 0, 2, 1465.22
1639488808, 2, 385, 947, 581, 0, 0.93%, 11, 0, 2, 1445.42
1639488814, 2, 410, 947, 577, 0, 0.93%, 11, 0, 2, 1447.94
1639488819, 2, 457, 947, 572, 0, 0.93%, 11, 0, 2, 1441.79
1639488824, 2, 497, 947, 568, 0, 0.93%, 11, 0, 2, 1439.06
