# unix_time, cycles_done, cur_path, paths_total, pending_total, pending_favs, map_size, unique_crashes, unique_hangs, max_depth, execs_per_sec
1639547747, 0, 0, 511, 511, 95, 0.90%, 0, 0, 1, 986.96
1639547752, 0, 47, 511, 503, 87, 0.90%, 2, 0, 1, 1283.58
1639547757, 0, 98, 511, 490, 74, 0.90%, 3, 0, 1, 1358.01
1639547762, 0, 155, 512, 482, 66, 0.90%, 4, 0, 2, 1362.98
1639547767, 0, 219, 512, 473, 57, 0.90%, 4, 0, 2, 1386.62
1639547772, 0, 274, 512, 461, 45, 0.90%, 5, 0, 2, 1408.54
1639547777, 0, 318, 512, 452, 36, 0.90%, 5, 0, 2, 1398.17
1639547782, 0, 376, 512, 440, 25, 0.90%, 5, 0, 2, 1398.47
1639547788, 0, 424, 512, 433, 18, 0.90%, 5, 0, 2, 1411.59
1639547793, 0, 464, 512, 426, 11, 0.90%, 5, 0, 2, 1422.05
1639547798, 0, 494, 512, 418, 3, 0.90%, 6, 0, 2, 1415.60
1639547803, 1, 11, 513, 414, 0, 0.90%, 6, 0, 2, 1413.49
1639547808, 1, 32, 513, 409, 0, 0.90%, 7, 0, 2, 1415.28
1639547813, 1, 63, 513, 403, 0, 0.90%, 7, 0, 2, 1411.77
1639547818, 1, 90, 513, 401, 0, 0.90%, 7, 0, 2, 1411.03
1639547823, 1, 110, 513, 396, 0, 0.90%, 7, 0, 2, 1421.68
1639547828, 1, 130, 515, 392, 0, 0.90%, 7, 0, 2, 1412.54
1639547834, 1, 147, 515, 385, 0, 0.90%, 7, 0, 2, 1396.62
1639547839, 1, 159, 515, 379, 0, 0.90%, 7, 0, 2, 1387.93
1639547844, 1, 177, 515, 375, 0, 0.90%, 7, 0, 2, 1415.77
1639547849, 1, 201, 515, 367, 0, 0.90%, 7, 0, 2, 1400.51
1639547854, 1, 216, 515, 363, 0, 0.90%, 7, 0, 2, 1406.72
1639547859, 1, 234, 516, 359, 0, 0.90%, 7, 0, 2, 1389.95
1639547864, 1, 263, 516, 355, 0, 0.90%, 7, 0, 2, 1396.95
1639547869, 1, 288, 516, 350, 0, 0.90%, 7, 0, 2, 1397.63
1639547875, 1, 309, 516, 347, 0, 0.90%, 7, 0, 2, 1392.77
1639547880, 1, 327, 516, 341, 0, 0.90%, 7, 0, 2, 1406.08
1639547885, 1, 345, 516, 335, 0, 0.90%, 8, 0, 2, 1380.49
1639547890, 1, 378, 516, 333, 0, 0.90%, 8, 0, 2, 1406.55
1639547895, 1, 393, 517, 328, 0, 0.90%, 8, 0, 2, 1402.94
1639547900, 1, 416, 517, 322, 0, 0.90%, 8, 0, 2, 1381.91
1639547905, 1, 453, 517, 321, 0, 0.90%, 8, 0, 2, 1418.38
1639547910, 1, 468, 517, 316, 0, 0.90%, 9, 0, 2, 1412.77
1639547916, 1, 488, 518, 313, 0, 0.90%, 9, 0, 2, 1415.60
1639547921, 2, 8, 518, 311, 0, 0.90%, 9, 0, 2, 1422.40
1639547926, 2, 37, 518, 309, 0, 0.90%, 9, 0, 2, 1419.45
1639547931, 2, 69, 518, 302, 0, 0.90%, 9, 0, 2, 1405.31
1639547936, 2, 96, 518, 298, 0, 0.90%, 9, 0, 2, 1396.97
1639547941, 2, 108, 518, 294, 0, 0.90%, 9, 0, 2, 1330.20
1639547946, 2, 142, 518, 290, 0, 0.90%, 10, 0, 2, 1292.95
1639547952, 2, 167, 518, 288, 0, 0.90%, 10, 0, 2, 1311.07
1639547957, 2, 207, 518, 281, 0, 0.90%, 10, 0, 2, 1358.35
1639547962, 2, 235, 518, 281, 0, 0.90%, 10, 0, 2, 1364.71
1639547967, 2, 264, 518, 276, 0, 0.90%, 10, 0, 2, 1412.25
1639547972, 2, 282, 518, 272, 0, 0.90%, 10, 0, 2, 1406.14
1639547977, 2, 308, 518, 269, 0, 0.90%, 10, 0, 2, 1389.35
1639547982, 2, 350, 518, 267, 0, 0.90%, 11, 0, 2, 1409.89
1639547987, 2, 378, 518, 264, 0, 0.90%, 11, 0, 2, 1417.59
1639547993, 2, 415, 518, 261, 0, 0.90%, 11, 0, 2, 1415.88
1639547998, 2, 443, 518, 257, 0, 0.90%, 11, 0, 2, 1402.19
1639548003, 2, 455, 518, 254, 0, 0.90%, 11, 0, 2, 1415.31
1639548008, 3, 36, 520, 252, 1, 0.91%, 11, 0, 2, 1429.78
1639548013, 3, 517, 520, 247, 1, 0.91%, 11, 0, 2, 1413.46
1639548018, 4, 21, 521, 246, 0, 0.91%, 11, 0, 3, 1434.01
1639548024, 4, 69, 521, 244, 0, 0.91%, 11, 0, 3, 1422.65
1639548029, 4, 109, 521, 242, 0, 0.91%, 11, 0, 3, 1538.60
1639548034, 4, 150, 522, 239, 0, 0.91%, 11, 0, 3, 1361.64
1639548039, 4, 174, 522, 237, 0, 0.91%, 11, 0, 3, 1338.99
