# unix_time, cycles_done, cur_path, paths_total, pending_total, pending_favs, map_size, unique_crashes, unique_hangs, max_depth, execs_per_sec
1639479145, 0, 0, 1, 1, 1, 0.12%, 0, 0, 1, 1600.00
1639479150, 0, 0, 83, 83, 1, 0.42%, 5, 0, 2, 1422.76
1639479155, 0, 23, 98, 89, 28, 0.44%, 5, 0, 3, 1337.16
1639479160, 0, 23, 106, 97, 28, 0.46%, 5, 0, 3, 1379.07
1639479166, 0, 47, 126, 107, 24, 0.47%, 5, 0, 3, 1376.47
1639479171, 0, 48, 134, 114, 24, 0.47%, 6, 0, 3, 1364.46
1639479176, 0, 62, 142, 113, 16, 0.47%, 6, 0, 3, 1381.60
1639479181, 0, 95, 151, 114, 8, 0.47%, 6, 0, 4, 1394.99
1639479186, 0, 130, 153, 109, 1, 0.47%, 6, 0, 4, 1375.81
1639479191, 0, 153, 158, 110, 0, 0.47%, 6, 0, 5, 1404.85
1639479196, 1, 14, 159, 108, 0, 0.47%, 6, 0, 5, 1404.88
1639479201, 1, 161, 168, 112, 1, 0.48%, 8, 0, 5, 1397.14
1639479207, 1, 161, 179, 123, 1, 0.51%, 8, 0, 5, 1398.09
1639479212, 1, 162, 190, 133, 8, 0.51%, 8, 0, 6, 1394.64
1639479217, 1, 167, 196, 138, 9, 0.52%, 10, 0, 6, 1383.73
1639479222, 1, 168, 201, 142, 9, 0.52%, 10, 0, 6, 1391.97
1639479227, 1, 168, 204, 145, 9, 0.52%, 10, 0, 6, 1396.22
1639479232, 1, 173, 206, 146, 8, 0.52%, 11, 0, 6, 1401.10
1639479237, 1, 177, 214, 153, 9, 0.54%, 11, 0, 6, 1375.85
1639479242, 1, 178, 217, 155, 12, 0.55%, 11, 0, 6, 1385.06
1639479247, 1, 185, 219, 156, 11, 0.55%, 11, 0, 6, 1393.91
1639479252, 1, 185, 220, 157, 11, 0.55%, 11, 0, 6, 1407.87
1639479257, 1, 187, 221, 157, 10, 0.55%, 11, 0, 7, 1402.94
1639479262, 1, 195, 222, 156, 9, 0.55%, 11, 0, 7, 1373.95
1639479267, 1, 195, 226, 160, 9, 0.55%, 11, 0, 7, 1388.29
1639479272, 1, 204, 227, 159, 8, 0.55%, 11, 0, 7, 1402.45
1639479277, 1, 211, 227, 157, 7, 0.55%, 11, 0, 7, 1395.10
1639479282, 1, 212, 230, 159, 6, 0.57%, 11, 0, 7, 1404.06
1639479287, 1, 213, 230, 158, 8, 0.57%, 11, 0, 7, 1416.94
1639479292, 1, 221, 232, 158, 6, 0.57%, 11, 0, 8, 1409.67
1639479298, 1, 226, 233, 157, 4, 0.57%, 11, 0, 8, 1404.47
1639479303, 1, 227, 236, 159, 3, 0.57%, 11, 0, 8, 1389.95
1639479308, 1, 228, 238, 160, 3, 0.57%, 11, 0, 8, 1408.49
1639479313, 1, 236, 240, 160, 2, 0.57%, 12, 0, 9, 1391.46
1639479318, 1, 236, 242, 162, 2, 0.57%, 12, 0, 9, 1396.14
1639479323, 1, 237, 242, 161, 1, 0.57%, 12, 0, 9, 1378.49
1639479328, 2, 5, 242, 159, 0, 0.57%, 12, 0, 9, 1412.96
1639479333, 2, 39, 242, 156, 0, 0.57%, 12, 0, 9, 1407.25
1639479338, 2, 62, 243, 155, 0, 0.57%, 13, 0, 9, 1413.90
1639479343, 2, 84, 244, 151, 0, 0.57%, 13, 0, 9, 1409.93
1639479349, 2, 101, 244, 145, 0, 0.57%, 13, 0, 9, 1416.69
1639479354, 2, 124, 244, 138, 0, 0.57%, 13, 0, 9, 1392.84
1639479359, 2, 146, 244, 131, 0, 0.57%, 13, 0, 9, 1400.59
1639479364, 2, 175, 244, 129, 0, 0.57%, 13, 0, 9, 1655.13
1639479369, 2, 183, 244, 127, 0, 0.57%, 13, 0, 9, 1750.58
1639479374, 2, 187, 245, 127, 0, 0.57%, 13, 0, 9, 1406.19
1639479379, 2, 194, 246, 127, 0, 0.57%, 13, 0, 9, 1419.40
1639479384, 2, 195, 247, 127, 0, 0.57%, 13, 0, 9, 1417.89
1639479389, 2, 201, 247, 127, 0, 0.57%, 13, 0, 9, 1402.33
1639479394, 2, 205, 247, 126, 0, 0.57%, 13, 0, 9, 1388.71
1639479399, 2, 208, 247, 125, 0, 0.57%, 13, 0, 9, 1399.83
1639479405, 2, 213, 248, 125, 0, 0.57%, 13, 0, 9, 1396.01
1639479410, 2, 215, 248, 125, 0, 0.57%, 13, 0, 9, 1386.94
1639479415, 2, 216, 249, 125, 0, 0.57%, 13, 0, 9, 1386.83
1639479420, 2, 249, 250, 125, 1, 0.58%, 13, 0, 9, 1387.45
1639479425, 3, 42, 250, 122, 0, 0.58%, 13, 0, 9, 1381.07
1639479430, 3, 251, 255, 125, 1, 0.63%, 14, 0, 9, 1377.00
1639479435, 3, 252, 257, 126, 2, 0.63%, 14, 0, 9, 1391.19
1639479440, 3, 254, 257, 125, 2, 0.63%, 14, 0, 9, 1396.35
1639479445, 3, 258, 262, 128, 2, 0.63%, 14, 0, 9, 1401.46
