# unix_time, cycles_done, cur_path, paths_total, pending_total, pending_favs, map_size, unique_crashes, unique_hangs, max_depth, execs_per_sec
1639445061, 0, 0, 929, 929, 101, 0.92%, 0, 0, 1, 1238.87
1639445066, 0, 109, 929, 917, 90, 0.92%, 2, 0, 1, 1385.80
1639445071, 0, 199, 929, 906, 80, 0.92%, 3, 0, 1, 1418.65
1639445076, 0, 337, 929, 895, 70, 0.92%, 3, 0, 1, 1429.45
1639445081, 0, 389, 929, 886, 61, 0.92%, 4, 0, 1, 1437.90
1639445086, 0, 416, 930, 880, 54, 0.92%, 4, 0, 2, 1419.56
1639445092, 0, 458, 930, 870, 45, 0.92%, 5, 0, 2, 1426.71
1639445097, 0, 527, 930, 862, 37, 0.92%, 5, 0, 2, 1428.29
1639445102, 0, 605, 930, 853, 29, 0.92%, 5, 0, 2, 1436.93
1639445107, 0, 698, 930, 845, 21, 0.92%, 6, 0, 2, 1417.46
1639445112, 0, 826, 930, 834, 11, 0.92%, 7, 0, 2, 1408.98
1639445117, 0, 906, 930, 826, 3, 0.92%, 7, 0, 2, 1409.71
1639445122, 1, 23, 931, 819, 0, 0.92%, 7, 0, 2, 1420.87
1639445128, 1, 51, 931, 812, 0, 0.92%, 7, 0, 2, 1419.62
1639445133, 1, 96, 931, 808, 0, 0.92%, 7, 0, 2, 1420.32
1639445138, 1, 120, 931, 802, 0, 0.92%, 7, 0, 2, 1426.17
1639445143, 1, 142, 932, 797, 0, 0.92%, 7, 0, 2, 1436.68
1639445148, 1, 173, 932, 792, 0, 0.92%, 8, 0, 2, 1401.09
1639445153, 1, 200, 932, 785, 0, 0.92%, 8, 0, 2, 1425.07
1639445158, 1, 234, 932, 776, 0, 0.92%, 8, 0, 2, 1422.40
1639445163, 1, 257, 932, 767, 0, 0.92%, 9, 0, 2, 1420.72
1639445169, 1, 280, 932, 760, 0, 0.92%, 9, 0, 2, 1417.47
1639445174, 1, 321, 932, 752, 0, 0.92%, 9, 0, 2, 1425.75
1639445179, 1, 365, 932, 746, 0, 0.92%, 9, 0, 2, 1380.44
1639445184, 1, 381, 932, 740, 0, 0.92%, 9, 0, 2, 1439.12
1639445189, 1, 396, 932, 735, 0, 0.92%, 9, 0, 2, 1426.33
1639445194, 1, 411, 932, 730, 0, 0.92%, 9, 0, 2, 1445.08
1639445199, 1, 433, 932, 726, 0, 0.92%, 9, 0, 2, 1452.34
1639445204, 1, 456, 932, 720, 0, 0.92%, 9, 0, 2, 1422.23
1639445209, 1, 480, 932, 712, 0, 0.92%, 9, 0, 2, 1421.88
1639445214, 1, 496, 932, 703, 0, 0.92%, 9, 0, 2, 1391.80
1639445220, 1, 521, 932, 698, 0, 0.92%, 9, 0, 2, 1418.70
1639445225, 1, 549, 932, 692, 0, 0.92%, 9, 0, 2, 1423.83
1639445230, 1, 570, 932, 686, 0, 0.92%, 9, 0, 2, 1419.30
1639445235, 1, 597, 932, 680, 0, 0.92%, 9, 0, 2, 1418.51
1639445240, 1, 624, 932, 676, 0, 0.92%, 9, 0, 2, 1414.94
1639445245, 1, 641, 932, 671, 0, 0.92%, 10, 0, 2, 1415.10
1639445250, 1, 668, 932, 666, 0, 0.92%, 11, 0, 2, 1417.27
1639445255, 1, 702, 932, 660, 0, 0.92%, 11, 0, 2, 1421.03
1639445260, 1, 724, 932, 653, 0, 0.92%, 11, 0, 2, 1418.91
1639445265, 1, 754, 932, 647, 0, 0.92%, 11, 0, 2, 1419.44
1639445270, 1, 783, 932, 642, 0, 0.92%, 11, 0, 2, 1426.53
1639445275, 1, 815, 932, 634, 0, 0.92%, 11, 0, 2, 1447.46
1639445280, 1, 839, 932, 628, 0, 0.92%, 11, 0, 2, 1420.23
1639445285, 1, 863, 932, 623, 0, 0.92%, 11, 0, 2, 1415.91
1639445290, 1, 882, 932, 615, 0, 0.92%, 11, 0, 2, 1443.06
1639445295, 1, 901, 933, 611, 0, 0.92%, 11, 0, 2, 1427.67
1639445300, 2, 2, 933, 605, 0, 0.92%, 11, 0, 2, 1424.29
1639445306, 2, 42, 933, 598, 0, 0.92%, 11, 0, 2, 1444.35
1639445311, 2, 85, 933, 592, 0, 0.92%, 11, 0, 2, 1429.24
1639445316, 2, 115, 934, 586, 0, 0.92%, 11, 0, 2, 1427.21
1639445321, 2, 158, 934, 580, 0, 0.92%, 11, 0, 2, 1414.97
1639445326, 2, 196, 934, 570, 0, 0.92%, 11, 0, 2, 1560.66
1639445331, 2, 242, 934, 562, 0, 0.92%, 11, 0, 2, 1443.53
1639445337, 2, 291, 934, 558, 0, 0.92%, 11, 0, 2, 1451.87
1639445342, 2, 315, 934, 550, 0, 0.92%, 11, 0, 2, 1394.54
1639445347, 2, 340, 935, 546, 0, 0.92%, 11, 0, 2, 1403.50
1639445352, 2, 363, 935, 539, 0, 0.92%, 11, 0, 2, 1425.59
