# unix_time, cycles_done, cur_path, paths_total, pending_total, pending_favs, map_size, unique_crashes, unique_hangs, max_depth, execs_per_sec
1639592302, 0, 0, 625, 625, 96, 0.91%, 0, 0, 1, 1178.41
1639592308, 0, 89, 625, 617, 88, 0.91%, 4, 0, 1, 1377.18
1639592313, 0, 129, 625, 610, 82, 0.91%, 5, 0, 1, 1412.34
1639592318, 0, 158, 625, 604, 76, 0.91%, 5, 0, 1, 1420.53
1639592323, 0, 236, 625, 592, 64, 0.91%, 5, 0, 1, 1435.20
1639592328, 0, 315, 625, 581, 54, 0.91%, 7, 0, 1, 1443.11
1639592333, 0, 353, 625, 571, 45, 0.91%, 8, 0, 1, 1479.80
1639592338, 0, 411, 625, 559, 33, 0.91%, 8, 0, 1, 1484.98
1639592343, 0, 467, 625, 551, 25, 0.91%, 8, 0, 1, 1467.74
1639592348, 0, 525, 625, 541, 16, 0.91%, 9, 0, 1, 1472.72
1639592353, 0, 575, 625, 532, 7, 0.91%, 10, 0, 1, 1483.94
1639592358, 1, 6, 625, 523, 0, 0.91%, 10, 0, 1, 1462.15
1639592363, 1, 29, 626, 517, 0, 0.91%, 10, 0, 2, 1458.78
1639592368, 1, 58, 626, 509, 0, 0.91%, 10, 0, 2, 1444.97
1639592374, 1, 81, 626, 504, 0, 0.91%, 10, 0, 2, 1454.14
1639592379, 1, 101, 626, 502, 0, 0.91%, 12, 0, 2, 1456.43
1639592384, 1, 129, 626, 498, 0, 0.91%, 13, 0, 2, 1460.38
1639592389, 1, 150, 626, 496, 0, 0.91%, 13, 0, 2, 1466.94
1639592394, 1, 166, 626, 490, 0, 0.91%, 13, 0, 2, 1473.02
1639592399, 1, 189, 626, 484, 0, 0.91%, 13, 0, 2, 1443.19
1639592404, 1, 208, 626, 480, 0, 0.91%, 13, 0, 2, 1442.29
1639592409, 1, 237, 626, 472, 0, 0.91%, 15, 0, 2, 1466.04
1639592414, 1, 265, 626, 466, 0, 0.91%, 16, 0, 2, 1462.15
1639592419, 1, 292, 626, 457, 0, 0.91%, 16, 0, 2, 1457.54
1639592424, 1, 312, 626, 452, 0, 0.91%, 16, 0, 2, 1459.25
1639592429, 1, 335, 626, 448, 0, 0.91%, 16, 0, 2, 1447.98
1639592435, 1, 354, 626, 445, 0, 0.91%, 16, 0, 2, 1438.98
1639592440, 1, 393, 627, 439, 0, 0.91%, 17, 0, 2, 1702.40
1639592445, 1, 409, 627, 431, 0, 0.91%, 17, 0, 2, 1454.99
1639592450, 1, 436, 627, 425, 0, 0.91%, 17, 0, 2, 1406.48
1639592455, 1, 451, 627, 418, 0, 0.91%, 17, 0, 2, 1430.98
1639592460, 1, 467, 627, 414, 0, 0.91%, 17, 0, 2, 1439.81
1639592465, 1, 499, 627, 409, 0, 0.91%, 17, 0, 2, 1433.92
1639592471, 1, 532, 627, 405, 0, 0.91%, 17, 0, 2, 1455.46
1639592476, 1, 558, 627, 400, 0, 0.91%, 17, 0, 2, 1449.49
1639592481, 1, 582, 627, 396, 0, 0.91%, 17, 0, 2, 1448.59
1639592486, 1, 611, 627, 391, 0, 0.91%, 17, 0, 2, 1438.92
1639592491, 2, 18, 627, 384, 0, 0.91%, 17, 0, 2, 1449.51
1639592496, 2, 61, 627, 377, 0, 0.91%, 17, 0, 2, 1440.22
1639592501, 2, 89, 627, 373, 0, 0.91%, 17, 0, 2, 1450.55
1639592506, 2, 107, 627, 372, 0, 0.91%, 17, 0, 2, 1441.82
1639592511, 2, 139, 627, 368, 0, 0.91%, 17, 0, 2, 1429.70
1639592516, 2, 153, 627, 365, 0, 0.91%, 17, 0, 2, 1418.60
1639592522, 2, 192, 627, 360, 0, 0.91%, 17, 0, 2, 1450.43
1639592527, 2, 226, 627, 354, 0, 0.91%, 17, 0, 2, 1464.68
1639592532, 2, 264, 627, 349, 0, 0.91%, 17, 0, 2, 1461.34
1639592537, 2, 309, 627, 344, 0, 0.91%, 17, 0, 2, 1460.66
1639592542, 2, 337, 627, 342, 0, 0.91%, 17, 0, 2, 1466.29
1639592548, 2, 359, 627, 337, 0, 0.91%, 17, 0, 2, 1462.37
1639592553, 2, 388, 627, 332, 0, 0.91%, 17, 0, 2, 1453.58
1639592558, 2, 416, 627, 327, 0, 0.91%, 17, 0, 2, 1433.11
1639592563, 2, 444, 627, 320, 0, 0.91%, 17, 0, 2, 1440.55
1639592568, 2, 465, 627, 317, 0, 0.91%, 17, 0, 2, 1445.10
1639592573, 2, 486, 627, 312, 0, 0.91%, 18, 0, 2, 1462.34
1639592579, 2, 523, 627, 306, 0, 0.91%, 18, 0, 2, 1451.41
1639592584, 2, 545, 627, 302, 0, 0.91%, 18, 0, 2, 1451.13
1639592589, 2, 569, 627, 297, 0, 0.91%, 20, 0, 2, 1442.14
1639592594, 2, 598, 627, 292, 0, 0.91%, 20, 0, 2, 1464.93
