# unix_time, cycles_done, cur_path, paths_total, pending_total, pending_favs, map_size, unique_crashes, unique_hangs, max_depth, execs_per_sec
1639560088, 0, 0, 1, 1, 1, 0.12%, 0, 0, 1, 1600.00
1639560093, 0, 0, 80, 80, 1, 0.46%, 4, 0, 2, 1394.34
1639560098, 0, 1, 99, 98, 43, 0.49%, 5, 0, 3, 1445.21
1639560103, 0, 17, 119, 110, 41, 0.51%, 5, 0, 3, 1442.81
1639560108, 0, 17, 131, 122, 41, 0.51%, 6, 0, 3, 1361.11
1639560113, 0, 30, 148, 131, 40, 0.54%, 7, 0, 3, 1422.56
1639560118, 0, 56, 165, 137, 30, 0.55%, 8, 0, 3, 1428.98
1639560124, 0, 77, 175, 138, 24, 0.56%, 9, 0, 3, 1427.31
1639560129, 0, 108, 181, 137, 20, 0.56%, 9, 0, 4, 1424.21
1639560134, 0, 123, 188, 142, 17, 0.57%, 9, 0, 4, 1433.26
1639560139, 0, 142, 194, 143, 16, 0.57%, 9, 0, 4, 1434.35
1639560144, 0, 163, 199, 142, 10, 0.58%, 9, 0, 4, 1450.54
1639560149, 0, 181, 203, 142, 10, 0.59%, 9, 0, 5, 1443.92
1639560154, 0, 187, 208, 144, 8, 0.59%, 9, 0, 5, 1444.63
1639560159, 0, 189, 213, 148, 10, 0.61%, 9, 0, 5, 1452.51
1639560164, 0, 201, 218, 150, 9, 0.61%, 10, 0, 6, 1452.42
1639560169, 0, 209, 225, 154, 8, 0.64%, 10, 0, 6, 1453.86
1639560174, 0, 210, 227, 155, 7, 0.64%, 10, 0, 6, 1409.27
1639560179, 0, 217, 231, 156, 7, 0.65%, 10, 0, 6, 1439.22
1639560185, 0, 218, 233, 157, 7, 0.65%, 10, 0, 7, 1384.95
1639560190, 0, 219, 243, 166, 6, 0.66%, 10, 0, 7, 1356.85
1639560195, 0, 230, 245, 164, 7, 0.66%, 10, 0, 7, 1433.32
1639560200, 0, 234, 248, 165, 4, 0.66%, 10, 0, 8, 1406.00
1639560205, 0, 242, 251, 166, 1, 0.67%, 10, 0, 8, 1419.87
1639560210, 0, 250, 255, 169, 1, 0.67%, 10, 0, 9, 1415.59
1639560215, 0, 251, 257, 170, 2, 0.67%, 10, 0, 9, 1355.67
1639560220, 0, 253, 274, 186, 1, 0.73%, 10, 0, 10, 1374.84
1639560225, 0, 260, 279, 189, 11, 0.73%, 10, 0, 11, 1434.56
1639560230, 0, 262, 285, 193, 9, 0.73%, 10, 0, 11, 1419.89
1639560235, 0, 267, 285, 191, 9, 0.73%, 10, 0, 11, 1444.00
1639560240, 0, 271, 286, 189, 6, 0.73%, 10, 0, 11, 1470.30
1639560245, 0, 282, 286, 186, 2, 0.73%, 10, 0, 11, 1451.58
1639560250, 0, 284, 294, 193, 1, 0.73%, 10, 0, 12, 1450.03
1639560255, 1, 17, 296, 192, 0, 0.73%, 10, 0, 12, 1453.39
1639560260, 1, 31, 297, 190, 0, 0.73%, 10, 0, 12, 1452.34
1639560265, 1, 56, 297, 186, 0, 0.73%, 10, 0, 12, 1462.90
1639560271, 1, 73, 297, 182, 0, 0.73%, 10, 0, 12, 1403.69
1639560276, 1, 98, 297, 176, 0, 0.73%, 11, 0, 12, 1451.57
1639560281, 1, 113, 298, 172, 0, 0.73%, 11, 0, 12, 1439.60
1639560286, 1, 136, 298, 167, 0, 0.73%, 11, 0, 12, 1433.72
1639560291, 1, 155, 302, 169, 0, 0.73%, 11, 0, 12, 1442.33
1639560296, 1, 180, 303, 168, 0, 0.73%, 11, 0, 12, 1452.27
1639560301, 1, 189, 303, 167, 0, 0.73%, 11, 0, 12, 1444.40
1639560306, 1, 199, 304, 166, 0, 0.73%, 11, 0, 12, 1463.87
1639560311, 1, 208, 305, 165, 0, 0.73%, 11, 0, 12, 1454.41
1639560316, 1, 213, 306, 166, 0, 0.73%, 11, 0, 12, 1457.40
1639560321, 1, 223, 308, 167, 0, 0.73%, 11, 0, 12, 1446.03
1639560326, 1, 234, 308, 166, 0, 0.73%, 11, 0, 12, 1421.90
1639560331, 1, 237, 308, 166, 0, 0.73%, 11, 0, 12, 1269.69
1639560336, 1, 249, 308, 163, 0, 0.73%, 11, 0, 12, 1310.11
1639560341, 1, 251, 308, 162, 0, 0.73%, 11, 0, 12, 1398.80
1639560346, 1, 254, 309, 163, 0, 0.73%, 11, 0, 12, 1409.78
1639560352, 1, 260, 309, 162, 0, 0.73%, 11, 0, 12, 1413.26
1639560357, 1, 263, 310, 163, 0, 0.73%, 11, 0, 12, 1413.53
1639560362, 1, 265, 313, 166, 0, 0.73%, 11, 0, 12, 1421.67
1639560367, 1, 312, 314, 166, 1, 0.74%, 11, 0, 12, 1431.75
1639560372, 2, 22, 314, 161, 0, 0.74%, 11, 0, 12, 1432.98
1639560377, 2, 45, 315, 161, 0, 0.74%, 11, 0, 12, 1454.50
1639560382, 2, 69, 315, 159, 0, 0.74%, 11, 0, 12, 1453.03
1639560387, 2, 98, 315, 157, 0, 0.74%, 11, 0, 12, 1455.85
