# unix_time, cycles_done, cur_path, paths_total, pending_total, pending_favs, map_size, unique_crashes, unique_hangs, max_depth, execs_per_sec
1639434767, 0, 0, 1, 1, 1, 0.12%, 0, 0, 1, 2000.00
1639434772, 0, 0, 78, 78, 1, 0.48%, 2, 0, 2, 1525.00
1639434777, 0, 7, 109, 107, 40, 0.50%, 2, 0, 3, 1450.55
1639434782, 0, 19, 126, 119, 40, 0.50%, 2, 0, 3, 1442.56
1639434787, 0, 44, 132, 113, 30, 0.50%, 3, 0, 3, 1454.07
1639434792, 0, 58, 143, 115, 21, 0.50%, 3, 0, 3, 1445.05
1639434797, 0, 59, 147, 118, 22, 0.51%, 3, 0, 3, 1443.17
1639434802, 0, 69, 156, 121, 20, 0.52%, 3, 0, 3, 1462.22
1639434807, 0, 110, 160, 118, 15, 0.52%, 4, 0, 4, 1460.82
1639434812, 0, 143, 177, 130, 10, 0.55%, 4, 0, 4, 1964.10
1639434818, 0, 147, 183, 133, 16, 0.56%, 4, 0, 4, 1598.95
1639434823, 0, 159, 193, 140, 16, 0.57%, 4, 0, 5, 1462.61
1639434828, 0, 165, 202, 147, 17, 0.58%, 5, 0, 5, 1456.13
1639434833, 0, 176, 213, 155, 21, 0.63%, 5, 0, 5, 1434.28
1639434838, 0, 180, 222, 162, 21, 0.64%, 5, 0, 5, 1402.29
1639434843, 0, 185, 224, 162, 21, 0.64%, 6, 0, 5, 1418.74
1639434848, 0, 195, 236, 171, 21, 0.65%, 6, 0, 6, 1447.39
1639434853, 0, 197, 238, 172, 20, 0.65%, 6, 0, 6, 1426.71
1639434858, 0, 202, 240, 172, 18, 0.65%, 6, 0, 6, 1426.48
1639434863, 0, 207, 242, 170, 16, 0.65%, 6, 0, 6, 1434.53
1639434868, 0, 212, 248, 173, 14, 0.66%, 6, 0, 6, 1436.19
1639434873, 0, 219, 256, 179, 13, 0.66%, 6, 0, 6, 1431.62
1639434878, 0, 231, 265, 185, 11, 0.68%, 6, 0, 6, 1456.45
1639434883, 0, 234, 265, 184, 11, 0.68%, 6, 0, 6, 1461.71
1639434889, 0, 253, 267, 183, 9, 0.68%, 6, 0, 7, 1399.86
1639434894, 0, 258, 271, 186, 9, 0.68%, 8, 0, 7, 1423.49
1639434899, 0, 259, 279, 193, 9, 0.69%, 8, 0, 7, 1440.41
1639434904, 0, 268, 281, 192, 6, 0.69%, 8, 0, 8, 1424.61
1639434909, 0, 272, 286, 195, 5, 0.69%, 8, 0, 8, 1444.90
1639434914, 0, 281, 288, 196, 6, 0.70%, 8, 0, 9, 1455.14
1639434919, 0, 285, 291, 198, 6, 0.74%, 9, 0, 9, 1441.84
1639434924, 0, 287, 300, 205, 5, 0.78%, 9, 0, 10, 1449.88
1639434929, 0, 290, 305, 209, 12, 0.78%, 9, 0, 10, 1453.96
1639434934, 0, 292, 307, 210, 17, 0.79%, 9, 0, 10, 1449.17
1639434939, 0, 292, 311, 214, 17, 0.79%, 9, 0, 10, 1448.03
1639434944, 0, 295, 311, 211, 15, 0.79%, 9, 0, 10, 1452.55
1639434949, 0, 299, 316, 213, 14, 0.80%, 9, 0, 11, 1447.73
1639434954, 0, 302, 316, 210, 11, 0.80%, 9, 0, 11, 1453.37
1639434959, 0, 304, 317, 209, 9, 0.80%, 9, 0, 11, 1455.81
1639434964, 0, 305, 319, 210, 8, 0.80%, 9, 0, 11, 1472.01
1639434970, 0, 306, 320, 210, 8, 0.81%, 9, 0, 11, 1467.82
1639434975, 0, 312, 321, 209, 7, 0.81%, 9, 0, 12, 1471.95
1639434980, 0, 314, 324, 211, 8, 0.81%, 9, 0, 12, 1461.15
1639434985, 0, 317, 326, 212, 7, 0.81%, 9, 0, 12, 1464.44
1639434990, 0, 320, 328, 212, 7, 0.81%, 9, 0, 13, 1451.46
1639434995, 0, 322, 330, 213, 6, 0.81%, 9, 0, 13, 1433.36
1639435000, 0, 325, 334, 216, 5, 0.81%, 9, 0, 13, 1449.06
1639435005, 0, 326, 338, 219, 5, 0.83%, 9, 0, 13, 1452.58
1639435010, 0, 330, 339, 219, 5, 0.83%, 9, 0, 14, 1454.64
1639435015, 0, 335, 342, 221, 4, 0.84%, 9, 0, 14, 1458.92
1639435020, 0, 340, 347, 225, 7, 0.85%, 9, 0, 15, 1421.48
1639435025, 0, 340, 351, 229, 7, 0.85%, 9, 0, 15, 1466.11
1639435030, 0, 342, 355, 232, 7, 0.85%, 9, 0, 15, 1454.28
1639435035, 0, 343, 357, 233, 7, 0.85%, 9, 0, 15, 1458.49
1639435040, 0, 344, 358, 233, 7, 0.85%, 9, 0, 15, 1451.66
1639435046, 0, 344, 361, 236, 7, 0.85%, 9, 0, 15, 1459.11
1639435051, 0, 350, 364, 238, 8, 0.85%, 9, 0, 16, 1449.40
1639435056, 0, 350, 365, 239, 8, 0.85%, 9, 0, 16, 1461.60
1639435061, 0, 356, 365, 237, 6, 0.85%, 9, 0, 16, 1459.80
1639435066, 0, 358, 365, 236, 5, 0.85%, 9, 0, 16, 1436.77
