# unix_time, cycles_done, cur_path, paths_total, pending_total, pending_favs, map_size, unique_crashes, unique_hangs, max_depth, execs_per_sec
1639555515, 0, 0, 847, 847, 96, 0.97%, 0, 0, 1, 1041.02
1639555520, 0, 68, 847, 838, 91, 0.97%, 1, 0, 1, 1352.74
1639555525, 0, 115, 847, 831, 84, 0.97%, 3, 0, 1, 1402.66
1639555530, 0, 208, 848, 822, 75, 0.97%, 5, 0, 2, 1419.44
1639555535, 0, 269, 848, 811, 65, 0.97%, 5, 0, 2, 1441.29
1639555540, 0, 333, 848, 801, 56, 0.97%, 5, 0, 2, 1448.29
1639555545, 0, 376, 848, 794, 49, 0.97%, 5, 0, 2, 1438.14
1639555551, 0, 469, 848, 783, 41, 0.97%, 5, 0, 2, 1430.58
1639555556, 0, 554, 848, 773, 32, 0.97%, 6, 0, 2, 1430.14
1639555561, 0, 664, 848, 764, 25, 0.97%, 7, 0, 2, 1437.11
1639555566, 0, 769, 848, 749, 11, 0.97%, 9, 0, 2, 1838.53
1639555571, 0, 837, 848, 741, 4, 0.97%, 10, 0, 2, 1429.96
1639555576, 1, 33, 848, 733, 0, 0.97%, 10, 0, 2, 1412.00
1639555581, 1, 62, 848, 730, 0, 0.97%, 10, 0, 2, 1374.86
1639555586, 1, 72, 848, 724, 0, 0.97%, 10, 0, 2, 1405.77
1639555592, 1, 88, 848, 719, 0, 0.97%, 10, 0, 2, 1419.87
1639555597, 1, 113, 848, 714, 0, 0.97%, 11, 0, 2, 1418.98
1639555602, 1, 131, 848, 707, 0, 0.97%, 11, 0, 2, 1400.21
1639555607, 1, 160, 848, 699, 0, 0.97%, 11, 0, 2, 1401.89
1639555612, 1, 187, 848, 694, 0, 0.97%, 11, 0, 2, 1400.35
1639555617, 1, 204, 848, 690, 0, 0.97%, 11, 0, 2, 1407.69
1639555622, 1, 238, 848, 686, 0, 0.97%, 11, 0, 2, 1422.27
1639555627, 1, 262, 848, 679, 0, 0.97%, 12, 0, 2, 1420.97
1639555632, 1, 280, 848, 676, 0, 0.97%, 12, 0, 2, 1424.71
1639555637, 1, 295, 848, 671, 0, 0.97%, 12, 0, 2, 1429.04
1639555643, 1, 333, 848, 664, 0, 0.97%, 12, 0, 2, 1412.79
1639555648, 1, 350, 848, 661, 0, 0.97%, 12, 0, 2, 1433.75
1639555653, 1, 406, 848, 655, 0, 0.97%, 12, 0, 2, 1424.64
1639555658, 1, 424, 848, 649, 0, 0.97%, 12, 0, 2, 1406.76
1639555663, 1, 450, 848, 640, 0, 0.97%, 12, 0, 2, 1422.89
1639555668, 1, 473, 848, 633, 0, 0.97%, 12, 0, 2, 1445.39
1639555673, 1, 508, 848, 628, 0, 0.97%, 12, 0, 2, 1444.26
1639555678, 1, 537, 848, 620, 0, 0.97%, 12, 0, 2, 1444.00
1639555684, 1, 592, 848, 611, 0, 0.97%, 12, 0, 2, 1437.92
1639555689, 1, 631, 848, 604, 0, 0.97%, 12, 0, 2, 1423.85
1639555694, 1, 655, 848, 600, 0, 0.97%, 12, 0, 2, 1410.83
1639555699, 1, 684, 848, 595, 0, 0.97%, 12, 0, 2, 1435.34
1639555704, 1, 710, 848, 589, 0, 0.97%, 12, 0, 2, 1426.07
1639555709, 1, 742, 848, 584, 0, 0.97%, 12, 0, 2, 1411.40
1639555714, 1, 771, 848, 578, 0, 0.97%, 12, 0, 2, 1413.01
1639555720, 1, 804, 848, 572, 0, 0.97%, 12, 0, 2, 1415.63
1639555725, 1, 837, 848, 564, 0, 0.97%, 12, 0, 2, 1415.00
1639555730, 2, 22, 848, 559, 0, 0.97%, 12, 0, 2, 1398.34
1639555735, 2, 53, 848, 554, 0, 0.97%, 12, 0, 2, 1388.64
1639555740, 2, 80, 848, 551, 0, 0.97%, 12, 0, 2, 1399.47
1639555745, 2, 115, 848, 545, 0, 0.97%, 12, 0, 2, 1434.85
1639555750, 2, 162, 848, 539, 0, 0.97%, 12, 0, 2, 1418.87
1639555755, 2, 190, 848, 535, 0, 0.97%, 12, 0, 2, 1426.03
1639555760, 2, 235, 848, 533, 0, 0.97%, 13, 0, 2, 1424.32
1639555766, 2, 260, 848, 526, 0, 0.97%, 13, 0, 2, 1406.95
1639555771, 2, 276, 848, 523, 0, 0.97%, 13, 0, 2, 1349.20
1639555776, 2, 326, 848, 517, 0, 0.97%, 13, 0, 2, 1373.58
1639555781, 2, 348, 848, 514, 0, 0.97%, 13, 0, 2, 1377.62
1639555786, 2, 362, 848, 511, 0, 0.97%, 13, 0, 2, 1371.40
1639555791, 2, 396, 848, 503, 0, 0.97%, 13, 0, 2, 1355.25
1639555796, 2, 442, 848, 496, 0, 0.97%, 13, 0, 2, 1382.14
1639555801, 2, 466, 848, 491, 0, 0.97%, 13, 0, 2, 1404.68
1639555807, 2, 482, 848, 487, 0, 0.97%, 13, 0, 2, 1432.63
