# unix_time, cycles_done, cur_path, paths_total, pending_total, pending_favs, map_size, unique_crashes, unique_hangs, max_depth, execs_per_sec
1639595759, 0, 0, 1, 1, 1, 0.12%, 0, 0, 1, 444.44
1639595764, 0, 0, 62, 62, 1, 0.39%, 0, 0, 2, 516.11
1639595769, 0, 0, 71, 71, 1, 0.40%, 4, 0, 2, 656.71
1639595774, 0, 0, 94, 94, 1, 0.47%, 5, 0, 2, 720.31
1639595779, 0, 8, 110, 108, 44, 0.48%, 5, 0, 3, 767.85
1639595784, 0, 8, 115, 113, 44, 0.49%, 6, 0, 3, 708.61
1639595789, 0, 10, 117, 114, 43, 0.49%, 6, 0, 3, 775.33
1639595794, 0, 20, 123, 113, 37, 0.52%, 6, 0, 3, 889.05
1639595799, 0, 20, 127, 117, 37, 0.52%, 6, 0, 3, 994.72
1639595804, 0, 30, 135, 120, 34, 0.52%, 6, 0, 3, 1080.20
1639595809, 0, 47, 142, 119, 28, 0.53%, 6, 0, 3, 1237.77
1639595815, 0, 73, 150, 123, 25, 0.54%, 6, 0, 3, 1297.56
1639595820, 0, 87, 156, 122, 20, 0.58%, 8, 0, 3, 1360.03
1639595825, 0, 104, 160, 122, 17, 0.58%, 8, 0, 4, 1346.96
1639595830, 0, 122, 166, 125, 14, 0.58%, 8, 0, 4, 1301.74
1639595835, 0, 138, 175, 130, 12, 0.59%, 8, 0, 4, 1310.01
1639595840, 0, 151, 176, 127, 8, 0.59%, 8, 0, 4, 1294.46
1639595845, 0, 158, 177, 125, 6, 0.59%, 9, 0, 4, 961.18
1639595850, 0, 159, 179, 126, 5, 0.59%, 9, 0, 5, 1113.63
1639595855, 0, 164, 185, 131, 5, 0.59%, 10, 0, 5, 1161.65
1639595860, 0, 168, 186, 131, 7, 0.59%, 10, 0, 5, 1208.45
1639595865, 0, 179, 190, 133, 5, 0.61%, 10, 0, 6, 1204.23
1639595870, 0, 180, 194, 136, 7, 0.61%, 13, 0, 6, 1201.79
1639595875, 0, 184, 202, 143, 7, 0.62%, 13, 0, 6, 1221.59
1639595880, 0, 188, 208, 147, 9, 0.63%, 13, 0, 7, 1128.03
1639595885, 0, 189, 212, 150, 11, 0.63%, 13, 0, 7, 1186.56
1639595890, 0, 193, 213, 150, 10, 0.63%, 13, 0, 7, 1221.46
1639595896, 0, 195, 220, 156, 11, 0.65%, 14, 0, 7, 1175.01
1639595901, 0, 199, 221, 156, 11, 0.65%, 14, 0, 7, 1158.72
1639595906, 0, 200, 222, 156, 10, 0.65%, 14, 0, 7, 1155.61
1639595911, 0, 207, 226, 157, 8, 0.65%, 16, 0, 8, 1116.47
1639595916, 0, 212, 236, 165, 11, 0.69%, 16, 0, 8, 1142.81
1639595921, 0, 214, 238, 166, 10, 0.69%, 16, 0, 8, 1194.86
1639595926, 0, 225, 242, 167, 8, 0.69%, 16, 0, 8, 1219.25
1639595931, 0, 230, 244, 167, 6, 0.69%, 16, 0, 9, 1253.83
1639595936, 0, 233, 246, 166, 4, 0.69%, 16, 0, 9, 1247.24
1639595941, 0, 244, 253, 172, 3, 0.69%, 16, 0, 10, 1292.47
1639595946, 0, 247, 259, 177, 5, 0.70%, 16, 0, 11, 1317.25
1639595951, 0, 253, 262, 179, 5, 0.70%, 16, 0, 11, 1602.48
1639595957, 0, 263, 265, 179, 4, 0.70%, 16, 0, 11, 1915.23
1639595962, 0, 265, 270, 182, 4, 0.73%, 16, 0, 13, 1325.22
1639595967, 0, 266, 275, 186, 3, 0.75%, 16, 0, 13, 1266.11
1639595972, 0, 266, 281, 192, 3, 0.76%, 16, 0, 13, 1332.37
1639595977, 0, 271, 281, 190, 9, 0.76%, 16, 0, 13, 1327.55
1639595982, 0, 276, 282, 188, 6, 0.76%, 16, 0, 14, 1325.04
1639595987, 0, 279, 282, 186, 4, 0.76%, 16, 0, 14, 1192.08
1639595992, 1, 153, 286, 186, 1, 0.76%, 16, 0, 14, 1193.60
1639595997, 2, 15, 287, 182, 0, 0.76%, 16, 0, 14, 1169.43
1639596002, 2, 37, 287, 180, 0, 0.76%, 16, 0, 14, 1099.98
1639596007, 2, 60, 290, 177, 0, 0.76%, 16, 0, 14, 1139.34
1639596013, 2, 232, 291, 172, 1, 0.76%, 17, 0, 14, 1161.11
1639596018, 3, 19, 293, 170, 0, 0.76%, 17, 0, 14, 1251.26
1639596023, 3, 43, 293, 167, 0, 0.76%, 17, 0, 14, 1217.42
1639596028, 3, 84, 295, 166, 0, 0.76%, 17, 0, 14, 1255.21
1639596033, 3, 186, 296, 163, 1, 0.77%, 17, 0, 14, 1293.88
1639596038, 3, 285, 298, 163, 1, 0.77%, 17, 0, 14, 1353.16
1639596043, 4, 44, 299, 161, 0, 0.77%, 17, 0, 14, 1410.87
1639596048, 4, 84, 299, 157, 0, 0.77%, 17, 0, 14, 1465.05
1639596054, 4, 171, 301, 155, 1, 0.77%, 17, 0, 14, 1450.83
1639596059, 4, 300, 304, 157, 1, 0.77%, 17, 0, 14, 1472.78
