# unix_time, cycles_done, cur_path, paths_total, pending_total, pending_favs, map_size, unique_crashes, unique_hangs, max_depth, execs_per_sec
1639558256, 0, 0, 859, 859, 100, 0.96%, 0, 0, 1, 1066.09
1639558262, 0, 78, 859, 848, 92, 0.96%, 3, 0, 1, 1392.43
1639558267, 0, 152, 859, 841, 85, 0.96%, 3, 0, 1, 1463.40
1639558272, 0, 208, 859, 835, 80, 0.96%, 4, 0, 1, 1471.65
1639558277, 0, 268, 859, 827, 72, 0.96%, 4, 0, 1, 1473.69
1639558282, 0, 338, 859, 816, 62, 0.96%, 6, 0, 1, 1623.56
1639558287, 0, 426, 859, 805, 51, 0.96%, 6, 0, 1, 1491.15
1639558292, 0, 525, 859, 794, 41, 0.96%, 6, 0, 1, 1458.61
1639558297, 0, 594, 859, 783, 31, 0.96%, 6, 0, 1, 1407.26
1639558302, 0, 680, 859, 777, 25, 0.96%, 6, 0, 1, 1447.73
1639558307, 0, 732, 859, 769, 17, 0.96%, 6, 0, 1, 1412.46
1639558313, 0, 812, 859, 758, 6, 0.96%, 6, 0, 1, 1458.54
1639558318, 1, 4, 859, 749, 0, 0.96%, 6, 0, 1, 1454.29
1639558323, 1, 52, 859, 741, 0, 0.96%, 7, 0, 1, 1454.30
1639558328, 1, 78, 859, 735, 0, 0.96%, 7, 0, 1, 1453.89
1639558333, 1, 105, 859, 729, 0, 0.96%, 7, 0, 1, 1446.45
1639558338, 1, 133, 859, 723, 0, 0.96%, 7, 0, 1, 1438.38
1639558343, 1, 152, 859, 719, 0, 0.96%, 7, 0, 1, 1446.50
1639558348, 1, 198, 859, 714, 0, 0.96%, 8, 0, 1, 1435.17
1639558353, 1, 221, 859, 710, 0, 0.96%, 8, 0, 1, 1406.32
1639558358, 1, 261, 859, 705, 0, 0.96%, 8, 0, 1, 1433.41
1639558364, 1, 283, 859, 702, 0, 0.96%, 8, 0, 1, 1443.65
1639558369, 1, 314, 859, 695, 0, 0.96%, 8, 0, 1, 1426.30
1639558374, 1, 335, 859, 689, 0, 0.96%, 8, 0, 1, 1452.91
1639558379, 1, 363, 859, 684, 0, 0.96%, 9, 0, 1, 1478.99
1639558384, 1, 400, 859, 677, 0, 0.96%, 9, 0, 1, 1439.97
1639558389, 1, 426, 859, 671, 0, 0.96%, 9, 0, 1, 1449.27
1639558394, 1, 468, 859, 667, 0, 0.96%, 9, 0, 1, 1460.89
1639558399, 1, 518, 859, 658, 0, 0.96%, 9, 0, 1, 1463.53
1639558404, 1, 543, 859, 653, 0, 0.96%, 11, 0, 1, 1449.93
1639558409, 1, 577, 859, 647, 0, 0.96%, 12, 0, 1, 1460.75
1639558414, 1, 594, 859, 643, 0, 0.96%, 12, 0, 1, 1442.58
1639558419, 1, 625, 859, 637, 0, 0.96%, 12, 0, 1, 1455.69
1639558424, 1, 648, 859, 628, 0, 0.96%, 12, 0, 1, 1471.73
1639558429, 1, 670, 859, 622, 0, 0.96%, 12, 0, 1, 1450.39
1639558434, 1, 696, 859, 617, 0, 0.96%, 12, 0, 1, 1464.76
1639558440, 1, 716, 859, 612, 0, 0.96%, 13, 0, 1, 1465.88
1639558445, 1, 740, 859, 608, 0, 0.96%, 13, 0, 1, 1436.19
1639558450, 1, 776, 859, 601, 0, 0.96%, 13, 0, 1, 1458.96
1639558455, 1, 809, 859, 593, 0, 0.96%, 13, 0, 1, 1421.40
1639558460, 1, 832, 859, 588, 0, 0.96%, 13, 0, 1, 1411.42
1639558465, 2, 14, 859, 583, 0, 0.96%, 13, 0, 1, 1448.03
1639558470, 2, 61, 859, 575, 0, 0.96%, 13, 0, 1, 1409.88
1639558475, 2, 90, 859, 571, 0, 0.96%, 13, 0, 1, 1437.53
1639558480, 2, 111, 859, 565, 0, 0.96%, 13, 0, 1, 1453.58
1639558485, 2, 129, 859, 560, 0, 0.96%, 13, 0, 1, 1425.75
1639558490, 2, 145, 859, 554, 0, 0.96%, 13, 0, 1, 1435.53
1639558495, 2, 190, 859, 547, 0, 0.96%, 13, 0, 1, 1479.54
1639558500, 2, 201, 859, 544, 0, 0.96%, 13, 0, 1, 1459.00
1639558506, 2, 228, 859, 538, 0, 0.96%, 13, 0, 1, 1448.07
1639558511, 2, 261, 859, 532, 0, 0.96%, 13, 0, 1, 1471.08
1639558516, 2, 288, 859, 530, 0, 0.96%, 13, 0, 1, 1471.69
1639558521, 2, 329, 859, 524, 0, 0.96%, 13, 0, 1, 1419.80
1639558526, 2, 354, 859, 521, 0, 0.96%, 14, 0, 1, 1461.37
1639558531, 2, 386, 859, 514, 0, 0.96%, 14, 0, 1, 1448.99
1639558536, 2, 409, 859, 507, 0, 0.96%, 14, 0, 1, 1457.46
1639558541, 2, 434, 859, 503, 0, 0.96%, 14, 0, 1, 1466.12
1639558546, 2, 458, 859, 496, 0, 0.96%, 14, 0, 1, 1460.35
