# unix_time, cycles_done, cur_path, paths_total, pending_total, pending_favs, map_size, unique_crashes, unique_hangs, max_depth, execs_per_sec
1639487617, 0, 0, 937, 937, 99, 0.93%, 0, 0, 1, 1259.20
1639487622, 0, 69, 937, 929, 92, 0.93%, 5, 0, 1, 1392.64
1639487627, 0, 165, 937, 917, 82, 0.93%, 5, 0, 1, 1420.49
1639487632, 0, 242, 937, 905, 71, 0.93%, 5, 0, 1, 1448.90
1639487637, 0, 392, 937, 890, 57, 0.93%, 5, 0, 1, 1448.67
1639487643, 0, 473, 937, 882, 49, 0.93%, 6, 0, 1, 1414.03
1639487648, 0, 527, 937, 873, 41, 0.93%, 6, 0, 1, 1429.41
1639487653, 0, 615, 937, 862, 30, 0.93%, 7, 0, 1, 1437.39
1639487658, 0, 708, 937, 853, 21, 0.93%, 7, 0, 1, 1431.43
1639487663, 0, 815, 937, 844, 12, 0.93%, 7, 0, 1, 1442.41
1639487668, 0, 904, 937, 836, 5, 0.93%, 7, 0, 1, 1406.10
1639487673, 1, 18, 937, 828, 0, 0.93%, 7, 0, 1, 1426.73
1639487678, 1, 47, 937, 823, 0, 0.93%, 7, 0, 1, 1438.25
1639487684, 1, 75, 937, 815, 0, 0.93%, 7, 0, 1, 1435.43
1639487689, 1, 88, 937, 809, 0, 0.93%, 7, 0, 1, 1418.62
1639487694, 1, 113, 937, 801, 0, 0.93%, 7, 0, 1, 1408.19
1639487699, 1, 145, 937, 796, 0, 0.93%, 7, 0, 1, 1435.85
1639487704, 1, 182, 937, 791, 0, 0.93%, 7, 0, 1, 1435.94
1639487709, 1, 208, 937, 785, 0, 0.93%, 7, 0, 1, 1408.52
1639487714, 1, 808, 937, 777, 0, 0.93%, 7, 0, 1, 1425.51
1639487719, 1, 828, 937, 771, 0, 0.93%, 7, 0, 1, 1401.05
1639487724, 1, 854, 937, 765, 0, 0.93%, 8, 0, 1, 1402.32
1639487729, 1, 868, 937, 761, 0, 0.93%, 8, 0, 1, 1398.26
1639487735, 1, 905, 937, 754, 0, 0.93%, 8, 0, 1, 1442.20
1639487740, 1, 929, 937, 748, 0, 0.93%, 9, 0, 1, 1432.30
1639487745, 2, 20, 937, 741, 0, 0.93%, 9, 0, 1, 1437.39
1639487750, 2, 38, 937, 736, 0, 0.93%, 9, 0, 1, 1391.59
1639487755, 2, 80, 937, 731, 0, 0.93%, 9, 0, 1, 1421.71
1639487760, 2, 114, 937, 727, 0, 0.93%, 9, 0, 1, 1435.03
1639487765, 2, 145, 937, 721, 0, 0.93%, 9, 0, 1, 1426.94
1639487770, 2, 181, 937, 714, 0, 0.93%, 9, 0, 1, 1413.51
1639487775, 2, 206, 937, 709, 0, 0.93%, 9, 0, 1, 1430.10
1639487780, 2, 242, 937, 704, 0, 0.93%, 9, 0, 1, 1428.94
1639487785, 2, 278, 937, 696, 0, 0.93%, 10, 0, 1, 1453.24
1639487790, 2, 307, 937, 689, 0, 0.93%, 11, 0, 1, 1446.60
1639487795, 2, 335, 937, 684, 0, 0.93%, 11, 0, 1, 1423.15
1639487800, 2, 359, 937, 676, 0, 0.93%, 11, 0, 1, 1437.25
1639487805, 2, 399, 938, 670, 0, 0.93%, 11, 0, 2, 1430.90
1639487811, 2, 422, 938, 665, 0, 0.93%, 11, 0, 2, 1440.57
1639487816, 2, 449, 938, 659, 0, 0.93%, 11, 0, 2, 1431.77
1639487821, 2, 475, 938, 652, 0, 0.93%, 11, 0, 2, 1427.95
1639487826, 2, 492, 938, 646, 0, 0.93%, 11, 0, 2, 1439.74
1639487831, 2, 515, 938, 638, 0, 0.93%, 11, 0, 2, 1430.57
1639487836, 2, 544, 938, 631, 0, 0.93%, 11, 0, 2, 1430.73
1639487841, 2, 571, 938, 626, 0, 0.93%, 11, 0, 2, 1438.04
1639487847, 2, 610, 938, 618, 0, 0.93%, 11, 0, 2, 1437.96
1639487852, 2, 643, 938, 612, 0, 0.93%, 11, 0, 2, 1449.62
1639487857, 2, 679, 938, 606, 0, 0.93%, 11, 0, 2, 1448.78
1639487862, 2, 705, 938, 599, 0, 0.93%, 11, 0, 2, 1446.74
1639487867, 2, 726, 938, 593, 0, 0.93%, 11, 0, 2, 1428.99
1639487872, 2, 739, 938, 588, 0, 0.93%, 11, 0, 2, 1359.34
1639487877, 2, 767, 938, 580, 0, 0.93%, 11, 0, 2, 1405.39
1639487883, 2, 782, 938, 572, 0, 0.93%, 11, 0, 2, 1399.04
1639487888, 2, 814, 938, 568, 0, 0.93%, 11, 0, 2, 1407.51
1639487893, 2, 840, 938, 562, 0, 0.93%, 11, 0, 2, 186.29
1639487898, 2, 850, 938, 558, 0, 0.93%, 11, 0, 2, 849.00
1639487903, 2, 861, 938, 554, 0, 0.93%, 11, 0, 2, 1234.71
1639487908, 2, 917, 938, 550, 0, 0.93%, 11, 0, 2, 1396.44
