# unix_time, cycles_done, cur_path, paths_total, pending_total, pending_favs, map_size, unique_crashes, unique_hangs, max_depth, execs_per_sec
1639594548, 0, 0, 1, 1, 1, 0.12%, 0, 0, 1, 2000.00
1639594553, 0, 0, 82, 82, 1, 0.40%, 5, 0, 2, 1528.70
1639594558, 0, 13, 106, 102, 33, 0.40%, 7, 0, 3, 1440.24
1639594563, 0, 17, 120, 113, 29, 0.42%, 7, 0, 3, 1438.03
1639594569, 0, 55, 129, 108, 19, 0.44%, 9, 0, 3, 1440.04
1639594574, 0, 64, 136, 113, 17, 0.44%, 9, 0, 3, 1448.32
1639594579, 0, 82, 145, 115, 12, 0.45%, 9, 0, 3, 1451.06
1639594584, 0, 121, 159, 125, 8, 0.47%, 9, 0, 4, 1444.57
1639594589, 0, 142, 165, 128, 9, 0.47%, 9, 0, 4, 1436.40
1639594594, 0, 145, 171, 132, 9, 0.48%, 9, 0, 5, 1442.58
1639594599, 0, 155, 173, 132, 9, 0.48%, 9, 0, 5, 1416.94
1639594604, 0, 157, 180, 137, 7, 0.48%, 9, 0, 5, 1431.32
1639594609, 0, 164, 185, 140, 6, 0.49%, 9, 0, 5, 1464.38
1639594614, 0, 172, 189, 141, 6, 0.49%, 9, 0, 6, 1463.55
1639594619, 0, 183, 189, 138, 3, 0.49%, 9, 0, 6, 1460.29
1639594625, 1, 39, 190, 133, 0, 0.49%, 9, 0, 6, 1460.30
1639594630, 1, 191, 192, 130, 1, 0.50%, 9, 0, 6, 1436.73
1639594635, 2, 30, 192, 128, 0, 0.50%, 9, 0, 6, 1450.92
1639594640, 2, 158, 193, 126, 1, 0.50%, 9, 0, 6, 1464.35
1639594645, 3, 19, 193, 124, 0, 0.50%, 9, 0, 6, 1461.16
1639594650, 3, 51, 195, 124, 0, 0.50%, 9, 0, 6, 1419.65
1639594655, 3, 197, 201, 129, 1, 0.51%, 9, 0, 6, 1410.99
1639594660, 3, 199, 207, 134, 3, 0.51%, 9, 0, 6, 1327.35
1639594665, 3, 202, 209, 135, 3, 0.51%, 9, 0, 6, 1371.83
1639594670, 3, 202, 213, 139, 3, 0.52%, 9, 0, 6, 1417.48
1639594675, 3, 206, 219, 144, 4, 0.52%, 9, 0, 6, 1413.38
1639594680, 3, 207, 220, 144, 4, 0.52%, 9, 0, 6, 1430.76
1639594685, 3, 209, 225, 148, 3, 0.52%, 11, 0, 6, 1419.82
1639594690, 3, 212, 226, 148, 2, 0.52%, 12, 0, 6, 1386.76
1639594695, 3, 225, 229, 150, 1, 0.52%, 12, 0, 7, 1323.15
1639594701, 3, 226, 232, 152, 1, 0.52%, 13, 0, 7, 1360.20
1639594711, 3, 232, 234, 153, 0, 0.52%, 13, 0, 8, 1163.65
1639594716, 3, 233, 237, 155, 1, 0.52%, 13, 0, 9, 1173.97
1639594721, 3, 234, 239, 156, 2, 0.53%, 13, 0, 10, 1240.57
1639594726, 3, 237, 242, 158, 2, 0.53%, 13, 0, 10, 1325.38
1639594731, 3, 241, 245, 159, 1, 0.53%, 13, 0, 11, 2231.06
1639594736, 4, 24, 245, 156, 0, 0.53%, 13, 0, 11, 1569.98
1639594741, 4, 63, 245, 155, 0, 0.53%, 13, 0, 11, 1408.75
1639594746, 4, 78, 245, 150, 0, 0.53%, 14, 0, 11, 1379.33
1639594752, 4, 95, 245, 144, 0, 0.53%, 14, 0, 11, 1386.71
1639594757, 4, 127, 245, 138, 0, 0.53%, 14, 0, 11, 1422.05
1639594762, 4, 146, 245, 134, 0, 0.53%, 14, 0, 11, 1393.43
1639594767, 4, 155, 245, 130, 0, 0.53%, 14, 0, 11, 1410.52
1639594772, 4, 160, 245, 130, 0, 0.53%, 14, 0, 11, 1387.75
1639594777, 4, 246, 255, 139, 1, 0.57%, 14, 0, 11, 1411.66
1639594782, 4, 247, 257, 140, 7, 0.57%, 14, 0, 11, 1354.61
1639594787, 4, 248, 257, 139, 6, 0.57%, 14, 0, 11, 1421.64
1639594792, 4, 250, 257, 138, 5, 0.57%, 14, 0, 11, 1438.51
1639594797, 4, 253, 257, 136, 3, 0.57%, 14, 0, 11, 1447.23
1639594802, 4, 254, 258, 136, 2, 0.57%, 14, 0, 11, 1438.68
1639594807, 4, 254, 260, 138, 2, 0.57%, 14, 0, 11, 1448.40
1639594812, 4, 256, 260, 137, 1, 0.57%, 14, 0, 11, 1420.72
1639594818, 4, 258, 264, 140, 0, 0.57%, 14, 0, 11, 1414.25
1639594823, 4, 260, 265, 140, 1, 0.57%, 14, 0, 11, 1405.84
1639594828, 4, 260, 266, 141, 1, 0.58%, 14, 0, 11, 1414.09
1639594833, 4, 265, 267, 141, 1, 0.58%, 14, 0, 11, 1419.68
1639594843, 4, 266, 267, 140, 1, 0.58%, 14, 0, 11, 1400.26
1639594848, 5, 12, 268, 138, 0, 0.58%, 14, 0, 11, 1376.33
