# unix_time, cycles_done, cur_path, paths_total, pending_total, pending_favs, map_size, unique_crashes, unique_hangs, max_depth, execs_per_sec
1639604803, 0, 0, 1, 1, 1, 0.12%, 0, 0, 1, 1333.33
1639604809, 0, 0, 78, 78, 1, 0.42%, 4, 0, 2, 1390.07
1639604814, 0, 13, 95, 90, 34, 0.46%, 4, 0, 3, 1432.66
1639604819, 0, 22, 108, 99, 36, 0.49%, 4, 0, 3, 1434.33
1639604824, 0, 25, 117, 106, 34, 0.49%, 4, 0, 3, 1463.45
1639604829, 0, 47, 123, 102, 27, 0.51%, 4, 0, 3, 1444.95
1639604834, 0, 64, 147, 118, 22, 0.53%, 4, 0, 3, 1395.38
1639604839, 0, 93, 156, 120, 17, 0.53%, 6, 0, 4, 1377.22
1639604844, 0, 142, 169, 120, 8, 0.54%, 8, 0, 4, 2222.97
1639604849, 0, 149, 189, 138, 7, 0.56%, 11, 0, 4, 1640.66
1639604854, 0, 158, 193, 140, 10, 0.57%, 11, 0, 4, 1376.26
1639604859, 0, 170, 208, 152, 8, 0.58%, 11, 0, 5, 1415.52
1639604864, 0, 180, 210, 153, 7, 0.59%, 11, 0, 5, 1392.01
1639604869, 0, 183, 214, 156, 7, 0.60%, 12, 0, 5, 1399.43
1639604874, 0, 194, 219, 159, 7, 0.60%, 13, 0, 6, 1422.76
1639604880, 0, 201, 222, 161, 7, 0.60%, 13, 0, 6, 1429.42
1639604885, 0, 204, 227, 165, 8, 0.60%, 13, 0, 6, 1434.74
1639604890, 0, 211, 239, 174, 12, 0.64%, 13, 0, 6, 1421.02
1639604895, 0, 218, 243, 176, 11, 0.64%, 14, 0, 7, 1448.00
1639604900, 0, 227, 247, 177, 10, 0.65%, 14, 0, 7, 1439.92
1639604905, 0, 233, 248, 173, 6, 0.65%, 14, 0, 7, 1427.78
1639604910, 0, 241, 253, 174, 6, 0.67%, 14, 0, 7, 1449.16
1639604915, 0, 251, 256, 172, 2, 0.68%, 14, 0, 8, 1400.82
1639604920, 0, 253, 260, 175, 2, 0.69%, 14, 0, 9, 1414.32
1639604925, 0, 255, 264, 178, 4, 0.70%, 14, 0, 9, 1423.89
1639604930, 0, 256, 269, 182, 6, 0.71%, 14, 0, 10, 1439.62
1639604935, 0, 259, 272, 184, 8, 0.71%, 14, 0, 10, 1392.12
1639604940, 0, 261, 274, 184, 6, 0.71%, 14, 0, 10, 1385.23
1639604945, 0, 267, 277, 184, 3, 0.71%, 14, 0, 11, 1346.40
1639604950, 0, 277, 284, 189, 4, 0.72%, 14, 0, 11, 1297.53
1639604955, 0, 277, 287, 192, 4, 0.72%, 14, 0, 12, 1312.31
1639604960, 0, 283, 288, 191, 3, 0.72%, 14, 0, 12, 1267.76
1639604965, 1, 103, 290, 191, 1, 0.72%, 14, 0, 13, 1248.91
1639604970, 2, 11, 291, 187, 0, 0.72%, 14, 0, 13, 1267.64
1639604976, 2, 31, 292, 185, 0, 0.72%, 14, 0, 13, 1351.61
1639604981, 2, 52, 293, 180, 0, 0.72%, 14, 0, 13, 1421.91
1639604986, 2, 82, 294, 178, 0, 0.72%, 14, 0, 13, 1435.88
1639604991, 2, 109, 294, 172, 0, 0.72%, 14, 0, 13, 1439.05
1639604996, 2, 204, 296, 168, 1, 0.72%, 14, 0, 13, 1416.66
1639605001, 2, 294, 298, 170, 1, 0.72%, 15, 0, 13, 1435.16
1639605006, 3, 10, 301, 170, 0, 0.73%, 15, 0, 13, 1456.99
1639605011, 3, 160, 304, 171, 1, 0.73%, 15, 0, 13, 1455.71
1639605016, 4, 16, 304, 167, 0, 0.73%, 15, 0, 13, 1462.90
1639605021, 4, 52, 307, 168, 0, 0.73%, 15, 0, 13, 1440.56
1639605026, 4, 74, 307, 166, 0, 0.73%, 15, 0, 13, 1379.76
1639605032, 4, 121, 308, 162, 0, 0.73%, 15, 0, 13, 1412.00
1639605037, 4, 142, 308, 156, 0, 0.73%, 15, 0, 13, 1424.01
1639605042, 4, 157, 310, 155, 0, 0.73%, 15, 0, 13, 1447.49
1639605047, 4, 311, 312, 155, 1, 0.73%, 15, 0, 13, 1423.15
1639605052, 4, 311, 313, 156, 1, 0.73%, 15, 0, 13, 1398.85
1639605057, 4, 312, 313, 155, 0, 0.73%, 16, 0, 13, 1400.70
1639605062, 5, 28, 314, 153, 0, 0.73%, 16, 0, 13, 1445.40
1639605067, 5, 64, 314, 151, 0, 0.73%, 16, 0, 13, 1450.18
1639605072, 5, 93, 314, 149, 0, 0.73%, 16, 0, 13, 1440.62
1639605077, 5, 142, 315, 146, 0, 0.73%, 16, 0, 13, 1421.99
1639605082, 5, 156, 315, 141, 0, 0.73%, 16, 0, 13, 1422.04
1639605087, 5, 163, 315, 139, 0, 0.73%, 16, 0, 13, 1434.61
1639605092, 5, 171, 316, 139, 0, 0.73%, 16, 0, 13, 1437.41
1639605097, 5, 181, 316, 136, 0, 0.73%, 16, 0, 13, 1426.84
1639605102, 5, 189, 317, 134, 0, 0.73%, 16, 0, 13, 1403.53
