# unix_time, cycles_done, cur_path, paths_total, pending_total, pending_favs, map_size, unique_crashes, unique_hangs, max_depth, execs_per_sec
1639589723, 0, 0, 1, 1, 1, 0.12%, 0, 0, 1, 1142.86
1639589728, 0, 0, 60, 60, 1, 0.43%, 13, 0, 2, 778.19
1639589733, 0, 0, 65, 65, 1, 0.43%, 13, 0, 2, 75.80
1639589738, 0, 0, 89, 89, 1, 0.47%, 14, 0, 2, 762.95
1639589743, 0, 17, 123, 117, 36, 0.52%, 15, 0, 3, 1170.59
1639589749, 0, 28, 131, 118, 30, 0.52%, 15, 0, 3, 778.67
1639589754, 0, 28, 133, 120, 30, 0.52%, 15, 0, 3, 490.87
1639589759, 0, 28, 135, 122, 30, 0.52%, 15, 0, 3, 538.57
1639589764, 0, 35, 141, 125, 28, 0.52%, 15, 0, 3, 644.04
1639589769, 0, 35, 146, 130, 28, 0.53%, 15, 0, 3, 712.31
1639589774, 0, 42, 150, 129, 28, 0.54%, 16, 0, 3, 770.27
1639589779, 0, 62, 161, 136, 28, 0.55%, 16, 0, 3, 806.49
1639589784, 0, 75, 169, 140, 24, 0.55%, 18, 0, 3, 919.27
1639589789, 0, 82, 171, 140, 24, 0.55%, 19, 0, 3, 979.36
1639589794, 0, 102, 178, 142, 24, 0.57%, 21, 0, 4, 1028.86
1639589799, 0, 143, 188, 145, 19, 0.58%, 21, 0, 4, 1154.24
1639589804, 0, 165, 190, 140, 12, 0.58%, 22, 0, 4, 1224.25
1639589809, 0, 177, 194, 137, 8, 0.59%, 23, 0, 4, 1222.46
1639589814, 0, 187, 200, 140, 5, 0.59%, 23, 0, 5, 1239.67
1639589820, 0, 188, 209, 148, 4, 0.60%, 23, 0, 5, 1320.16
1639589825, 0, 192, 212, 150, 9, 0.60%, 23, 0, 5, 1327.88
1639589830, 0, 206, 217, 151, 8, 0.63%, 25, 0, 6, 1382.80
1639589835, 0, 208, 221, 153, 9, 0.64%, 25, 0, 6, 1207.56
1639589840, 0, 214, 222, 150, 7, 0.64%, 25, 0, 6, 1230.05
1639589845, 0, 217, 224, 150, 5, 0.64%, 25, 0, 7, 1281.16
1639589850, 0, 220, 229, 152, 2, 0.64%, 26, 0, 7, 1283.42
1639589855, 0, 220, 230, 153, 2, 0.64%, 27, 0, 7, 1269.08
1639589860, 1, 11, 234, 153, 0, 0.64%, 28, 0, 8, 1266.80
1639589865, 1, 49, 234, 152, 0, 0.64%, 28, 0, 8, 1310.80
1639589870, 1, 94, 234, 147, 0, 0.64%, 28, 0, 8, 1318.66
1639589876, 1, 119, 234, 145, 0, 0.64%, 28, 0, 8, 1316.27
1639589881, 1, 235, 237, 143, 1, 0.68%, 29, 0, 8, 1332.27
1639589886, 1, 235, 239, 145, 1, 0.70%, 29, 0, 8, 1341.08
1639589891, 1, 239, 241, 145, 1, 0.70%, 29, 0, 8, 1330.31
1639589896, 1, 240, 245, 148, 0, 0.70%, 29, 0, 8, 1372.54
1639589901, 1, 243, 248, 150, 1, 0.70%, 30, 0, 9, 1356.74
1639589906, 1, 243, 249, 151, 1, 0.70%, 30, 0, 9, 1358.24
1639589911, 1, 246, 250, 151, 0, 0.70%, 30, 0, 9, 1350.76
1639589916, 1, 248, 251, 151, 0, 0.70%, 30, 0, 10, 1329.24
1639589921, 2, 0, 251, 149, 0, 0.70%, 30, 0, 10, 1351.63
1639589926, 2, 29, 251, 145, 0, 0.70%, 30, 0, 10, 1356.07
1639589931, 2, 98, 252, 141, 0, 0.70%, 30, 0, 10, 1333.71
1639589936, 2, 112, 253, 139, 0, 0.70%, 30, 0, 10, 1383.30
1639589942, 2, 149, 253, 131, 0, 0.70%, 30, 0, 10, 1383.87
1639589947, 2, 169, 253, 127, 0, 0.70%, 30, 0, 10, 1305.66
1639589952, 2, 178, 253, 127, 0, 0.70%, 30, 0, 10, 1315.91
1639589957, 2, 190, 253, 125, 0, 0.70%, 30, 0, 10, 1359.91
1639589962, 2, 195, 254, 124, 0, 0.70%, 30, 0, 10, 1373.37
1639589967, 3, 158, 254, 121, 0, 0.70%, 30, 0, 10, 1364.36
1639589972, 3, 177, 254, 119, 0, 0.70%, 30, 0, 10, 1353.94
1639589977, 3, 195, 254, 119, 0, 0.70%, 30, 0, 10, 1367.97
1639589982, 3, 207, 257, 120, 0, 0.70%, 30, 0, 10, 1361.00
1639589987, 3, 214, 257, 120, 0, 0.70%, 30, 0, 10, 1368.17
1639589992, 3, 219, 258, 121, 0, 0.70%, 31, 0, 10, 1367.46
1639589997, 3, 227, 259, 122, 0, 0.70%, 31, 0, 10, 1361.45
1639590002, 3, 231, 260, 121, 0, 0.70%, 31, 0, 10, 1381.61
1639590007, 3, 237, 262, 122, 0, 0.70%, 31, 0, 10, 1349.35
1639590012, 3, 262, 265, 125, 1, 0.70%, 31, 0, 10, 1285.84
1639590017, 3, 262, 266, 126, 1, 0.71%, 31, 0, 10, 1290.98
1639590023, 3, 263, 266, 125, 3, 0.71%, 31, 0, 10, 1304.77
