# unix_time, cycles_done, cur_path, paths_total, pending_total, pending_favs, map_size, unique_crashes, unique_hangs, max_depth, execs_per_sec
1639550641, 0, 0, 622, 622, 96, 0.96%, 0, 0, 1, 1223.81
1639550646, 0, 57, 622, 613, 88, 0.96%, 1, 0, 1, 1358.78
1639550651, 0, 110, 622, 604, 80, 0.96%, 1, 0, 1, 1427.08
1639550657, 0, 190, 622, 593, 70, 0.96%, 2, 0, 1, 1516.72
1639550662, 0, 229, 622, 586, 63, 0.96%, 5, 0, 1, 1687.59
1639550667, 0, 317, 622, 572, 51, 0.96%, 5, 0, 1, 1482.56
1639550672, 0, 359, 622, 564, 43, 0.96%, 6, 0, 1, 1398.51
1639550677, 0, 419, 622, 554, 34, 0.96%, 6, 0, 1, 1418.08
1639550682, 0, 468, 622, 546, 25, 0.96%, 6, 0, 1, 1412.34
1639550687, 0, 520, 622, 539, 18, 0.96%, 6, 0, 1, 1412.87
1639550692, 0, 549, 622, 531, 10, 0.96%, 6, 0, 1, 1430.60
1639550697, 0, 602, 622, 524, 3, 0.96%, 7, 0, 1, 1425.10
1639550702, 1, 12, 622, 514, 0, 0.96%, 8, 0, 1, 1419.66
1639550708, 1, 31, 622, 508, 0, 0.96%, 8, 0, 1, 1421.27
1639550713, 1, 58, 623, 504, 0, 0.96%, 8, 0, 2, 1425.68
1639550718, 1, 81, 623, 501, 0, 0.96%, 8, 0, 2, 1418.26
1639550723, 1, 107, 623, 492, 0, 0.96%, 8, 0, 2, 1424.91
1639550728, 1, 140, 623, 488, 0, 0.96%, 8, 0, 2, 1419.52
1639550733, 1, 190, 623, 482, 0, 0.96%, 9, 0, 2, 1443.80
1639550738, 1, 217, 623, 478, 0, 0.96%, 9, 0, 2, 1831.67
1639550743, 1, 240, 623, 471, 0, 0.96%, 9, 0, 2, 1670.66
1639550748, 1, 280, 623, 465, 0, 0.96%, 9, 0, 2, 1427.52
1639550754, 1, 313, 623, 460, 0, 0.96%, 10, 0, 2, 1412.02
1639550759, 1, 335, 623, 454, 0, 0.96%, 10, 0, 2, 1414.23
1639550764, 1, 356, 623, 448, 0, 0.96%, 10, 0, 2, 1440.89
1639550769, 1, 382, 623, 444, 0, 0.96%, 11, 0, 2, 1416.50
1639550774, 1, 413, 623, 438, 0, 0.96%, 11, 0, 2, 1432.94
1639550779, 1, 435, 623, 433, 0, 0.96%, 11, 0, 2, 1417.03
1639550784, 1, 451, 623, 428, 0, 0.96%, 11, 0, 2, 1427.26
1639550789, 1, 482, 623, 422, 0, 0.96%, 11, 0, 2, 1418.87
1639550795, 1, 502, 624, 419, 0, 0.96%, 12, 0, 2, 1416.72
1639550800, 1, 521, 624, 413, 0, 0.96%, 12, 0, 2, 1419.44
1639550805, 1, 547, 625, 411, 0, 0.96%, 12, 0, 2, 1409.65
1639550810, 1, 568, 625, 404, 0, 0.96%, 12, 0, 2, 1398.06
1639550815, 1, 594, 625, 397, 0, 0.96%, 12, 0, 2, 1407.75
1639550820, 1, 623, 625, 394, 0, 0.96%, 12, 0, 2, 1356.31
1639550825, 2, 25, 625, 390, 0, 0.96%, 12, 0, 2, 1342.29
1639550830, 2, 57, 625, 387, 0, 0.96%, 12, 0, 2, 1123.40
1639550835, 2, 73, 625, 384, 0, 0.96%, 13, 0, 2, 1317.92
1639550841, 2, 122, 625, 376, 0, 0.96%, 13, 0, 2, 1374.94
1639550846, 2, 146, 625, 370, 0, 0.96%, 13, 0, 2, 1401.52
1639550851, 2, 187, 625, 364, 0, 0.96%, 13, 0, 2, 1409.88
1639550856, 2, 203, 627, 361, 0, 0.96%, 14, 0, 2, 1394.94
1639550861, 2, 229, 627, 357, 0, 0.96%, 14, 0, 2, 1408.19
1639550866, 2, 258, 627, 351, 0, 0.96%, 14, 0, 2, 1387.82
1639550871, 2, 285, 627, 346, 0, 0.96%, 14, 0, 2, 1394.41
1639550876, 2, 306, 627, 342, 0, 0.96%, 14, 0, 2, 1418.27
1639550881, 2, 327, 627, 338, 0, 0.96%, 14, 0, 2, 1421.93
1639550886, 2, 352, 627, 333, 0, 0.96%, 14, 0, 2, 1394.51
1639550891, 2, 378, 627, 331, 0, 0.96%, 15, 0, 2, 1426.68
1639550897, 2, 411, 627, 327, 0, 0.96%, 15, 0, 2, 1411.65
1639550902, 2, 429, 628, 325, 0, 0.96%, 15, 0, 2, 1400.71
1639550907, 2, 445, 628, 322, 0, 0.96%, 15, 0, 2, 1277.67
1639550912, 2, 476, 628, 320, 0, 0.96%, 15, 0, 2, 1293.35
1639550917, 2, 495, 628, 316, 0, 0.96%, 15, 0, 2, 1379.25
1639550922, 2, 518, 628, 313, 0, 0.96%, 15, 0, 2, 1359.58
1639550927, 2, 531, 628, 311, 0, 0.96%, 15, 0, 2, 1374.79
1639550932, 2, 556, 628, 308, 0, 0.96%, 15, 0, 2, 1393.82
