# unix_time, cycles_done, cur_path, paths_total, pending_total, pending_favs, map_size, unique_crashes, unique_hangs, max_depth, execs_per_sec
1639445976, 0, 0, 939, 939, 92, 0.93%, 0, 0, 1, 1260.19
1639445981, 0, 137, 940, 924, 78, 0.93%, 2, 0, 2, 1387.84
1639445986, 0, 274, 940, 915, 69, 0.93%, 4, 0, 2, 1419.13
1639445991, 0, 378, 940, 903, 57, 0.93%, 4, 0, 2, 1415.88
1639445996, 0, 472, 940, 892, 46, 0.93%, 4, 0, 2, 1430.77
1639446001, 0, 549, 940, 881, 38, 0.93%, 4, 0, 2, 1404.74
1639446006, 0, 651, 940, 871, 28, 0.93%, 4, 0, 2, 1373.38
1639446011, 0, 702, 940, 865, 22, 0.93%, 5, 0, 2, 1435.08
1639446016, 0, 829, 940, 855, 13, 0.93%, 7, 0, 2, 1448.08
1639446022, 0, 892, 940, 847, 6, 0.93%, 7, 0, 2, 1405.76
1639446027, 1, 295, 940, 838, 1, 0.93%, 7, 0, 2, 1324.38
1639446032, 1, 360, 940, 833, 0, 0.93%, 8, 0, 2, 1373.80
1639446037, 1, 390, 940, 826, 0, 0.93%, 8, 0, 2, 1418.94
1639446042, 1, 409, 940, 822, 0, 0.93%, 8, 0, 2, 1437.49
1639446047, 1, 457, 940, 817, 0, 0.93%, 9, 0, 2, 1443.88
1639446052, 1, 479, 940, 809, 0, 0.93%, 9, 0, 2, 1432.01
1639446057, 1, 516, 940, 804, 0, 0.93%, 10, 0, 2, 1445.45
1639446062, 1, 548, 940, 798, 0, 0.93%, 10, 0, 2, 1427.01
1639446067, 1, 563, 940, 796, 0, 0.93%, 11, 0, 2, 1413.26
1639446072, 1, 607, 940, 789, 0, 0.93%, 11, 0, 2, 1436.28
1639446078, 1, 628, 940, 782, 0, 0.93%, 11, 0, 2, 1432.35
1639446083, 1, 661, 940, 778, 0, 0.93%, 12, 0, 2, 1423.77
1639446088, 1, 697, 940, 770, 0, 0.93%, 13, 0, 2, 1422.74
1639446093, 1, 719, 940, 765, 0, 0.93%, 13, 0, 2, 1414.66
1639446098, 1, 739, 940, 759, 0, 0.93%, 13, 0, 2, 1420.41
1639446103, 1, 781, 940, 750, 0, 0.93%, 13, 0, 2, 1445.04
1639446108, 1, 803, 940, 743, 0, 0.93%, 13, 0, 2, 1434.15
1639446113, 1, 834, 940, 736, 0, 0.93%, 13, 0, 2, 1458.63
1639446118, 1, 863, 940, 730, 0, 0.93%, 13, 0, 2, 1452.02
1639446124, 1, 886, 940, 726, 0, 0.93%, 13, 0, 2, 1435.41
1639446129, 1, 924, 940, 720, 0, 0.93%, 13, 0, 2, 1425.07
1639446134, 2, 31, 940, 714, 0, 0.93%, 13, 0, 2, 1424.45
1639446139, 2, 58, 940, 707, 0, 0.93%, 13, 0, 2, 1418.14
1639446144, 2, 99, 940, 701, 0, 0.93%, 13, 0, 2, 1447.08
1639446149, 2, 144, 940, 694, 0, 0.93%, 13, 0, 2, 1441.33
1639446154, 2, 183, 940, 685, 0, 0.93%, 13, 0, 2, 1443.74
1639446159, 2, 210, 940, 678, 0, 0.93%, 13, 0, 2, 1433.35
1639446164, 2, 251, 940, 670, 0, 0.93%, 13, 0, 2, 1424.94
1639446169, 2, 383, 941, 667, 1, 0.93%, 13, 0, 2, 1407.55
1639446175, 3, 24, 941, 663, 0, 0.93%, 13, 0, 2, 1442.20
1639446180, 3, 51, 942, 655, 0, 0.93%, 13, 0, 2, 1388.60
1639446185, 3, 92, 942, 649, 0, 0.93%, 13, 0, 2, 1444.55
1639446190, 3, 130, 943, 643, 0, 0.93%, 13, 0, 2, 1440.24
1639446195, 3, 166, 943, 638, 0, 0.93%, 13, 0, 2, 1437.24
1639446200, 3, 207, 943, 631, 0, 0.93%, 13, 0, 2, 1430.53
1639446206, 3, 253, 943, 622, 0, 0.93%, 13, 0, 2, 1438.80
1639446211, 3, 301, 943, 615, 0, 0.93%, 13, 0, 2, 1412.60
1639446216, 3, 329, 943, 609, 0, 0.93%, 13, 0, 2, 1432.09
1639446221, 3, 362, 943, 604, 0, 0.93%, 13, 0, 2, 1427.76
1639446226, 3, 390, 943, 600, 0, 0.93%, 13, 0, 2, 1435.03
1639446231, 3, 447, 943, 595, 0, 0.93%, 13, 0, 2, 1556.39
1639446236, 3, 481, 943, 588, 0, 0.93%, 13, 0, 2, 1468.50
1639446241, 3, 511, 943, 581, 0, 0.93%, 13, 0, 2, 1427.41
1639446246, 3, 540, 943, 576, 0, 0.93%, 13, 0, 2, 1424.84
1639446251, 3, 572, 943, 571, 0, 0.93%, 13, 0, 2, 1447.25
1639446256, 3, 585, 943, 565, 0, 0.93%, 13, 0, 2, 1430.73
1639446262, 3, 635, 943, 558, 0, 0.93%, 13, 0, 2, 1427.19
1639446267, 3, 657, 943, 555, 0, 0.93%, 13, 0, 2, 1433.98
