# unix_time, cycles_done, cur_path, paths_total, pending_total, pending_favs, map_size, unique_crashes, unique_hangs, max_depth, execs_per_sec
1639549533, 0, 0, 1, 1, 1, 0.12%, 0, 0, 1, 1142.86
1639549538, 0, 0, 73, 73, 1, 0.47%, 4, 0, 2, 1360.44
1639549543, 0, 7, 96, 94, 38, 0.48%, 5, 0, 3, 1409.50
1639549548, 0, 10, 111, 107, 37, 0.49%, 5, 0, 3, 1442.37
1639549553, 0, 16, 117, 110, 35, 0.51%, 5, 0, 3, 1441.43
1639549558, 0, 36, 137, 122, 30, 0.52%, 5, 0, 3, 1429.78
1639549563, 0, 51, 147, 125, 24, 0.52%, 5, 0, 3, 1450.24
1639549569, 0, 67, 154, 126, 20, 0.53%, 5, 0, 3, 1433.29
1639549574, 0, 86, 166, 132, 17, 0.54%, 5, 0, 4, 1436.49
1639549579, 0, 113, 170, 132, 15, 0.55%, 6, 0, 4, 1432.52
1639549584, 0, 135, 177, 134, 11, 0.55%, 6, 0, 4, 1450.74
1639549589, 0, 142, 180, 136, 15, 0.56%, 6, 0, 4, 1456.34
1639549594, 0, 162, 186, 137, 13, 0.57%, 6, 0, 4, 1454.50
1639549599, 0, 165, 190, 139, 11, 0.57%, 6, 0, 5, 1448.30
1639549604, 0, 168, 197, 145, 10, 0.58%, 7, 0, 5, 1423.98
1639549609, 0, 178, 202, 147, 9, 0.58%, 7, 0, 5, 1439.95
1639549614, 0, 179, 209, 153, 8, 0.61%, 7, 0, 5, 1471.96
1639549619, 0, 194, 213, 154, 10, 0.61%, 7, 0, 6, 1447.97
1639549624, 0, 196, 218, 158, 9, 0.62%, 9, 0, 6, 1442.13
1639549629, 0, 206, 222, 158, 11, 0.64%, 9, 0, 6, 1459.87
1639549634, 0, 214, 224, 156, 7, 0.64%, 9, 0, 7, 1427.65
1639549639, 0, 215, 228, 159, 8, 0.64%, 10, 0, 7, 1424.37
1639549645, 0, 215, 232, 163, 8, 0.65%, 12, 0, 7, 1399.42
1639549650, 0, 219, 235, 163, 7, 0.65%, 12, 0, 7, 1431.20
1639549655, 0, 227, 239, 164, 4, 0.65%, 13, 0, 8, 1449.89
1639549660, 0, 229, 247, 171, 3, 0.65%, 13, 0, 8, 1397.47
1639549665, 0, 234, 252, 175, 2, 0.65%, 13, 0, 8, 1427.25
1639549670, 0, 238, 257, 179, 2, 0.65%, 13, 0, 9, 1414.55
1639549675, 0, 248, 257, 178, 1, 0.65%, 13, 0, 9, 1420.16
1639549680, 1, 40, 258, 173, 0, 0.65%, 13, 0, 9, 1430.44
1639549685, 1, 59, 260, 172, 0, 0.65%, 13, 0, 9, 1454.99
1639549690, 1, 92, 260, 170, 0, 0.65%, 13, 0, 9, 1451.01
1639549695, 1, 113, 261, 165, 0, 0.66%, 13, 0, 9, 1458.83
1639549700, 1, 261, 264, 165, 1, 0.66%, 13, 0, 9, 1448.92
1639549705, 1, 266, 268, 168, 0, 0.66%, 13, 0, 9, 1449.00
1639549710, 1, 267, 268, 167, 0, 0.66%, 13, 0, 9, 1426.84
1639549715, 2, 21, 268, 165, 0, 0.66%, 13, 0, 9, 1455.78
1639549721, 2, 57, 270, 165, 0, 0.66%, 13, 0, 9, 1451.17
1639549726, 2, 96, 273, 163, 0, 0.66%, 13, 0, 9, 2012.50
1639549731, 2, 118, 275, 162, 0, 0.66%, 14, 0, 9, 1535.28
1639549736, 2, 142, 275, 157, 0, 0.66%, 14, 0, 9, 1442.61
1639549741, 2, 160, 276, 155, 0, 0.66%, 14, 0, 9, 1364.14
1639549746, 2, 178, 276, 153, 0, 0.66%, 14, 0, 9, 1419.28
1639549751, 2, 183, 277, 154, 0, 0.66%, 14, 0, 9, 1400.75
1639549756, 2, 194, 277, 151, 0, 0.66%, 14, 0, 9, 1398.10
1639549761, 2, 202, 277, 149, 0, 0.66%, 14, 0, 9, 1410.58
1639549766, 2, 206, 278, 149, 0, 0.66%, 14, 0, 9, 1447.22
1639549772, 2, 210, 278, 149, 0, 0.66%, 14, 0, 9, 1440.04
1639549777, 2, 219, 280, 148, 0, 0.66%, 14, 0, 9, 1450.89
1639549782, 2, 227, 282, 148, 0, 0.66%, 14, 0, 9, 1425.81
1639549787, 2, 238, 282, 147, 0, 0.66%, 14, 0, 9, 1368.93
1639549792, 2, 239, 282, 147, 0, 0.66%, 14, 0, 9, 1435.72
1639549797, 2, 243, 283, 146, 0, 0.66%, 14, 0, 9, 1444.10
1639549802, 2, 283, 285, 146, 1, 0.66%, 14, 0, 9, 1448.78
1639549807, 2, 284, 289, 149, 0, 0.69%, 14, 0, 10, 1457.76
1639549812, 2, 287, 302, 161, 1, 0.72%, 14, 0, 11, 1434.83
1639549817, 2, 287, 304, 163, 1, 0.72%, 14, 0, 11, 1438.73
1639549822, 2, 290, 305, 163, 9, 0.72%, 14, 0, 12, 1443.24
1639549827, 2, 293, 305, 161, 7, 0.72%, 14, 0, 12, 1453.50
1639549833, 2, 294, 306, 161, 6, 0.72%, 14, 0, 12, 1453.56
