# unix_time, cycles_done, cur_path, paths_total, pending_total, pending_favs, map_size, unique_crashes, unique_hangs, max_depth, execs_per_sec
1639447502, 0, 0, 956, 956, 99, 0.94%, 0, 0, 1, 1243.58
1639447507, 0, 126, 956, 944, 87, 0.94%, 3, 0, 1, 1372.56
1639447512, 0, 217, 956, 933, 77, 0.94%, 5, 0, 1, 1427.95
1639447517, 0, 348, 956, 921, 66, 0.94%, 7, 0, 1, 1428.23
1639447522, 0, 425, 956, 913, 59, 0.94%, 7, 0, 1, 1434.95
1639447527, 0, 518, 956, 902, 49, 0.94%, 8, 0, 1, 1419.46
1639447532, 0, 592, 956, 892, 40, 0.94%, 8, 0, 1, 1460.47
1639447538, 0, 705, 956, 881, 29, 0.94%, 8, 0, 1, 1458.43
1639447543, 0, 784, 956, 873, 21, 0.94%, 8, 0, 1, 1453.17
1639447548, 0, 842, 956, 864, 14, 0.94%, 9, 0, 1, 1443.78
1639447553, 0, 934, 956, 853, 3, 0.94%, 10, 0, 1, 1454.44
1639447558, 1, 48, 956, 844, 0, 0.94%, 11, 0, 1, 1401.63
1639447563, 1, 66, 956, 838, 0, 0.94%, 11, 0, 1, 1436.62
1639447568, 1, 87, 956, 829, 0, 0.94%, 11, 0, 1, 1437.94
1639447573, 1, 112, 956, 824, 0, 0.94%, 12, 0, 1, 1453.50
1639447579, 1, 143, 956, 820, 0, 0.94%, 12, 0, 1, 1410.09
1639447584, 1, 201, 956, 815, 0, 0.94%, 12, 0, 1, 1444.78
1639447589, 1, 219, 956, 807, 0, 0.94%, 12, 0, 1, 1447.66
1639447594, 1, 244, 956, 802, 0, 0.94%, 12, 0, 1, 1437.63
1639447599, 1, 282, 956, 794, 0, 0.94%, 12, 0, 1, 1437.19
1639447604, 1, 313, 956, 789, 0, 0.94%, 12, 0, 1, 1434.40
1639447609, 1, 347, 956, 781, 0, 0.94%, 14, 0, 1, 1421.61
1639447614, 1, 379, 956, 776, 0, 0.94%, 14, 0, 1, 1443.36
1639447619, 1, 421, 956, 769, 0, 0.94%, 14, 0, 1, 1426.11
1639447624, 1, 456, 956, 765, 0, 0.94%, 14, 0, 1, 1417.54
1639447629, 1, 480, 956, 759, 0, 0.94%, 14, 0, 1, 1438.07
1639447635, 1, 510, 956, 752, 0, 0.94%, 14, 0, 1, 1453.84
1639447640, 1, 549, 956, 746, 0, 0.94%, 15, 0, 1, 1449.41
1639447645, 1, 585, 956, 739, 0, 0.94%, 15, 0, 1, 1450.04
1639447650, 1, 608, 956, 732, 0, 0.94%, 15, 0, 1, 1445.66
1639447655, 1, 629, 956, 725, 0, 0.94%, 15, 0, 1, 1431.78
1639447660, 1, 668, 956, 716, 0, 0.94%, 15, 0, 1, 1445.66
1639447665, 1, 681, 957, 712, 0, 0.94%, 15, 0, 2, 1428.86
1639447670, 1, 705, 957, 706, 0, 0.94%, 15, 0, 2, 1443.78
1639447675, 1, 750, 957, 701, 0, 0.94%, 15, 0, 2, 1448.77
1639447681, 1, 770, 957, 695, 0, 0.94%, 15, 0, 2, 1461.76
1639447686, 1, 796, 957, 690, 0, 0.94%, 15, 0, 2, 1436.39
1639447691, 1, 821, 957, 684, 0, 0.94%, 15, 0, 2, 1433.61
1639447696, 1, 839, 957, 678, 0, 0.94%, 15, 0, 2, 1387.14
1639447701, 1, 858, 957, 674, 0, 0.94%, 15, 0, 2, 1430.57
1639447706, 1, 885, 957, 663, 0, 0.94%, 15, 0, 2, 1445.25
1639447711, 1, 919, 957, 657, 0, 0.94%, 15, 0, 2, 1452.81
1639447716, 1, 940, 957, 651, 0, 0.94%, 15, 0, 2, 1441.50
1639447721, 2, 34, 957, 642, 0, 0.94%, 15, 0, 2, 1442.52
1639447726, 2, 57, 957, 634, 0, 0.94%, 15, 0, 2, 1435.32
1639447732, 2, 93, 957, 629, 0, 0.94%, 15, 0, 2, 1459.04
1639447737, 2, 128, 957, 624, 0, 0.94%, 15, 0, 2, 1591.16
1639447742, 2, 149, 957, 618, 0, 0.94%, 15, 0, 2, 1470.49
1639447747, 2, 191, 957, 613, 0, 0.94%, 15, 0, 2, 1441.08
1639447752, 2, 217, 957, 608, 0, 0.94%, 15, 0, 2, 1441.03
1639447757, 2, 259, 957, 603, 0, 0.94%, 15, 0, 2, 1445.41
1639447762, 2, 298, 957, 595, 0, 0.94%, 15, 0, 2, 1444.00
1639447767, 2, 327, 957, 590, 0, 0.94%, 15, 0, 2, 1438.14
1639447772, 2, 359, 957, 588, 0, 0.94%, 15, 0, 2, 1423.68
1639447777, 2, 405, 957, 582, 0, 0.94%, 15, 0, 2, 1424.59
1639447782, 2, 434, 957, 578, 0, 0.94%, 15, 0, 2, 1444.19
1639447787, 2, 449, 957, 574, 0, 0.94%, 15, 0, 2, 1435.13
1639447792, 2, 493, 958, 569, 0, 0.94%, 15, 0, 2, 1451.15
