# unix_time, cycles_done, cur_path, paths_total, pending_total, pending_favs, map_size, unique_crashes, unique_hangs, max_depth, execs_per_sec
1639442015, 0, 0, 900, 900, 93, 0.92%, 0, 0, 1, 1268.28
1639442020, 0, 106, 900, 890, 84, 0.92%, 2, 0, 1, 1402.80
1639442025, 0, 235, 900, 880, 77, 0.92%, 4, 0, 1, 1447.80
1639442030, 0, 292, 900, 870, 68, 0.92%, 5, 0, 1, 1428.21
1639442035, 0, 353, 900, 859, 58, 0.92%, 6, 0, 1, 1459.36
1639442040, 0, 418, 900, 851, 50, 0.92%, 6, 0, 1, 1458.11
1639442045, 0, 451, 900, 843, 44, 0.92%, 6, 0, 1, 1447.36
1639442050, 0, 515, 900, 835, 38, 0.92%, 8, 0, 1, 1433.01
1639442055, 0, 617, 900, 826, 29, 0.92%, 8, 0, 1, 1385.18
1639442060, 0, 701, 900, 815, 18, 0.92%, 8, 0, 1, 1431.51
1639442066, 0, 782, 900, 808, 12, 0.92%, 8, 0, 1, 1445.92
1639442071, 0, 881, 900, 798, 3, 0.92%, 8, 0, 1, 1430.36
1639442076, 1, 49, 900, 788, 0, 0.92%, 9, 0, 1, 1450.55
1639442081, 1, 74, 900, 781, 0, 0.92%, 9, 0, 1, 1443.99
1639442086, 1, 106, 900, 773, 0, 0.92%, 10, 0, 1, 1439.61
1639442091, 1, 138, 900, 766, 0, 0.92%, 10, 0, 1, 1438.84
1639442096, 1, 179, 900, 759, 0, 0.92%, 10, 0, 1, 1444.65
1639442102, 1, 204, 900, 754, 0, 0.92%, 10, 0, 1, 1430.22
1639442107, 1, 235, 900, 746, 0, 0.92%, 11, 0, 1, 1438.84
1639442112, 1, 260, 900, 740, 0, 0.92%, 11, 0, 1, 1446.64
1639442117, 1, 276, 900, 735, 0, 0.92%, 11, 0, 1, 1436.76
1639442122, 1, 311, 900, 729, 0, 0.92%, 11, 0, 1, 1438.44
1639442127, 1, 343, 900, 723, 0, 0.92%, 11, 0, 1, 1463.17
1639442132, 1, 360, 900, 720, 0, 0.92%, 11, 0, 1, 1447.56
1639442137, 1, 374, 900, 714, 0, 0.92%, 11, 0, 1, 1436.12
1639442142, 1, 398, 900, 707, 0, 0.92%, 11, 0, 1, 94.30
1639442147, 1, 410, 900, 701, 0, 0.92%, 11, 0, 1, 2535.35
1639442152, 1, 427, 901, 698, 0, 0.92%, 11, 0, 2, 1071.98
1639442157, 1, 444, 901, 695, 0, 0.92%, 11, 0, 2, 1334.50
1639442162, 1, 467, 901, 691, 0, 0.92%, 11, 0, 2, 1405.15
1639442167, 1, 493, 901, 684, 0, 0.92%, 11, 0, 2, 1435.73
1639442173, 1, 520, 901, 676, 0, 0.92%, 11, 0, 2, 1404.04
1639442178, 1, 544, 901, 668, 0, 0.92%, 11, 0, 2, 1426.32
1639442183, 1, 578, 901, 660, 0, 0.92%, 12, 0, 2, 1451.61
1639442188, 1, 605, 901, 653, 0, 0.92%, 12, 0, 2, 1462.63
1639442193, 1, 631, 901, 646, 0, 0.92%, 12, 0, 2, 1459.26
1639442198, 1, 651, 901, 640, 0, 0.92%, 12, 0, 2, 1462.38
1639442203, 1, 677, 901, 633, 0, 0.92%, 12, 0, 2, 1435.50
1639442208, 1, 701, 901, 627, 0, 0.92%, 12, 0, 2, 1425.92
1639442213, 1, 723, 901, 621, 0, 0.92%, 12, 0, 2, 1453.67
1639442218, 1, 750, 901, 613, 0, 0.92%, 12, 0, 2, 1451.29
1639442223, 1, 786, 901, 606, 0, 0.92%, 12, 0, 2, 1450.04
1639442229, 1, 807, 901, 600, 0, 0.92%, 12, 0, 2, 1444.21
1639442234, 1, 828, 901, 592, 0, 0.92%, 12, 0, 2, 1445.48
1639442239, 1, 844, 901, 586, 0, 0.92%, 12, 0, 2, 1419.40
1639442244, 1, 879, 901, 581, 0, 0.92%, 12, 0, 2, 1446.08
1639442249, 2, 16, 901, 573, 0, 0.92%, 12, 0, 2, 1414.61
1639442254, 2, 46, 901, 567, 0, 0.92%, 12, 0, 2, 1433.74
1639442259, 2, 94, 901, 562, 0, 0.92%, 12, 0, 2, 1439.04
1639442264, 2, 115, 901, 556, 0, 0.92%, 12, 0, 2, 1449.97
1639442269, 2, 149, 901, 549, 0, 0.92%, 12, 0, 2, 1428.66
1639442274, 2, 193, 901, 539, 0, 0.92%, 12, 0, 2, 1437.27
1639442279, 2, 227, 901, 532, 0, 0.92%, 12, 0, 2, 1449.35
1639442284, 2, 251, 901, 527, 0, 0.92%, 12, 0, 2, 1445.77
1639442289, 2, 276, 901, 522, 0, 0.92%, 12, 0, 2, 1453.62
1639442294, 2, 300, 901, 517, 0, 0.92%, 12, 0, 2, 1457.48
1639442299, 2, 325, 901, 512, 0, 0.92%, 12, 0, 2, 1419.79
1639442305, 2, 347, 901, 508, 0, 0.92%, 12, 0, 2, 1442.07
