# unix_time, cycles_done, cur_path, paths_total, pending_total, pending_favs, map_size, unique_crashes, unique_hangs, max_depth, execs_per_sec
1639591695, 0, 0, 612, 612, 96, 0.90%, 0, 0, 1, 1043.92
1639591701, 0, 43, 612, 605, 89, 0.90%, 1, 0, 1, 1263.80
1639591706, 0, 101, 612, 595, 79, 0.90%, 2, 0, 1, 1364.72
1639591711, 0, 129, 612, 589, 73, 0.90%, 2, 0, 1, 1384.24
1639591716, 0, 186, 612, 580, 64, 0.90%, 3, 0, 1, 1415.37
1639591721, 0, 276, 612, 567, 53, 0.90%, 5, 0, 1, 1410.51
1639591726, 0, 325, 612, 559, 45, 0.90%, 5, 0, 1, 1398.61
1639591731, 0, 381, 612, 549, 35, 0.90%, 5, 0, 1, 1431.03
1639591737, 0, 415, 612, 539, 26, 0.90%, 5, 0, 1, 1438.52
1639591742, 0, 525, 612, 526, 13, 0.90%, 6, 0, 1, 1444.96
1639591747, 0, 562, 612, 518, 5, 0.90%, 6, 0, 1, 1444.24
1639591752, 1, 11, 612, 509, 0, 0.90%, 6, 0, 1, 1450.29
1639591757, 1, 27, 612, 503, 0, 0.90%, 6, 0, 1, 1368.27
1639591762, 1, 46, 612, 500, 0, 0.90%, 6, 0, 1, 1387.18
1639591767, 1, 64, 612, 495, 0, 0.90%, 7, 0, 1, 1385.84
1639591772, 1, 97, 612, 489, 0, 0.90%, 7, 0, 1, 1380.33
1639591778, 1, 118, 612, 486, 0, 0.90%, 7, 0, 1, 1376.95
1639591783, 1, 137, 612, 484, 0, 0.90%, 9, 0, 1, 1392.60
1639591788, 1, 166, 612, 478, 0, 0.90%, 9, 0, 1, 1373.13
1639591793, 1, 186, 612, 473, 0, 0.90%, 9, 0, 1, 1326.41
1639591798, 1, 218, 612, 466, 0, 0.90%, 9, 0, 1, 1308.58
1639591804, 1, 244, 612, 461, 0, 0.90%, 9, 0, 1, 1290.68
1639591809, 1, 289, 612, 454, 0, 0.90%, 9, 0, 1, 1333.89
1639591814, 1, 310, 612, 451, 0, 0.90%, 9, 0, 1, 1382.16
1639591819, 1, 327, 612, 446, 0, 0.90%, 9, 0, 1, 1402.12
1639591824, 1, 358, 612, 441, 0, 0.90%, 9, 0, 1, 1386.98
1639591829, 1, 389, 612, 438, 0, 0.90%, 9, 0, 1, 1393.49
1639591835, 1, 417, 612, 434, 0, 0.90%, 9, 0, 1, 1739.49
1639591840, 1, 437, 612, 427, 0, 0.90%, 9, 0, 1, 1407.52
1639591845, 1, 468, 612, 421, 0, 0.90%, 9, 0, 1, 1338.53
1639591850, 1, 494, 612, 414, 0, 0.90%, 9, 0, 1, 1316.71
1639591855, 1, 522, 612, 409, 0, 0.90%, 10, 0, 1, 1334.90
1639591860, 1, 540, 613, 406, 0, 0.90%, 10, 0, 2, 1312.88
1639591865, 2, 3, 613, 401, 0, 0.90%, 10, 0, 2, 1309.76
1639591870, 2, 30, 614, 398, 0, 0.90%, 10, 0, 2, 1325.33
1639591875, 2, 55, 614, 397, 0, 0.90%, 10, 0, 2, 1339.34
1639591880, 2, 85, 614, 393, 0, 0.90%, 10, 0, 2, 1342.88
1639591885, 2, 106, 614, 391, 0, 0.90%, 10, 0, 2, 1374.83
1639591890, 2, 127, 614, 388, 0, 0.90%, 10, 0, 2, 1378.40
1639591895, 2, 147, 614, 383, 0, 0.90%, 10, 0, 2, 1401.82
1639591900, 2, 163, 614, 377, 0, 0.90%, 10, 0, 2, 1415.50
1639591906, 2, 195, 614, 374, 0, 0.90%, 10, 0, 2, 1418.00
1639591911, 2, 235, 614, 368, 0, 0.90%, 10, 0, 2, 1366.54
1639591916, 2, 283, 614, 363, 0, 0.90%, 10, 0, 2, 1366.09
1639591921, 2, 306, 615, 359, 0, 0.90%, 10, 0, 2, 1365.63
1639591926, 2, 327, 616, 358, 0, 0.90%, 10, 0, 2, 1347.78
1639591931, 2, 347, 616, 353, 0, 0.90%, 11, 0, 2, 1305.54
1639591936, 2, 381, 616, 348, 0, 0.90%, 11, 0, 2, 1334.20
1639591941, 2, 402, 616, 345, 0, 0.90%, 11, 0, 2, 1346.25
1639591946, 2, 439, 616, 341, 0, 0.90%, 11, 0, 2, 1310.67
1639591951, 2, 465, 616, 334, 0, 0.90%, 11, 0, 2, 1317.50
1639591956, 2, 499, 616, 327, 0, 0.90%, 11, 0, 2, 1362.25
1639591962, 2, 525, 616, 322, 0, 0.90%, 11, 0, 2, 1388.65
1639591967, 2, 545, 616, 319, 0, 0.90%, 11, 0, 2, 1370.32
1639591972, 2, 560, 616, 312, 0, 0.90%, 12, 0, 2, 1378.09
1639591977, 2, 580, 617, 309, 0, 0.90%, 12, 0, 2, 1368.68
1639591982, 2, 612, 620, 307, 0, 0.90%, 12, 0, 2, 1313.81
1639591987, 3, 22, 620, 305, 0, 0.90%, 12, 0, 2, 1279.05
