# unix_time, cycles_done, cur_path, paths_total, pending_total, pending_favs, map_size, unique_crashes, unique_hangs, max_depth, execs_per_sec
1639517261, 0, 0, 1, 1, 1, 0.12%, 0, 0, 1, 2000.00
1639517266, 0, 0, 76, 76, 1, 0.46%, 3, 0, 2, 1561.42
1639517271, 0, 6, 124, 121, 41, 0.51%, 3, 0, 3, 1470.95
1639517276, 0, 34, 141, 127, 33, 0.52%, 3, 0, 3, 1469.83
1639517281, 0, 49, 149, 128, 27, 0.54%, 3, 0, 3, 1488.17
1639517286, 0, 56, 150, 125, 27, 0.54%, 3, 0, 3, 1483.23
1639517291, 0, 77, 162, 131, 21, 0.54%, 6, 0, 3, 1460.24
1639517296, 0, 117, 169, 130, 13, 0.54%, 6, 0, 4, 1457.38
1639517301, 0, 144, 170, 124, 7, 0.54%, 6, 0, 4, 1461.57
1639517306, 0, 169, 174, 123, 2, 0.54%, 6, 0, 5, 1474.28
1639517311, 2, 1, 175, 119, 0, 0.54%, 6, 0, 5, 1463.25
1639517317, 2, 34, 178, 119, 0, 0.54%, 6, 0, 5, 1455.15
1639517322, 2, 178, 187, 127, 1, 0.57%, 6, 0, 5, 1423.71
1639517327, 2, 180, 191, 130, 7, 0.58%, 6, 0, 5, 1393.97
1639517332, 2, 180, 195, 134, 7, 0.60%, 6, 0, 5, 1388.59
1639517337, 2, 182, 200, 137, 8, 0.61%, 7, 0, 5, 1393.04
1639517342, 2, 183, 203, 139, 8, 0.61%, 7, 0, 5, 1408.88
1639517347, 2, 187, 206, 140, 6, 0.61%, 8, 0, 5, 1448.41
1639517352, 2, 194, 215, 148, 10, 0.63%, 8, 0, 6, 1463.94
1639517357, 2, 196, 224, 155, 12, 0.64%, 8, 0, 6, 1436.29
1639517362, 2, 196, 226, 157, 12, 0.64%, 8, 0, 6, 1441.24
1639517367, 2, 202, 235, 164, 12, 0.65%, 8, 0, 6, 1445.92
1639517372, 2, 205, 238, 166, 12, 0.65%, 8, 0, 6, 1434.60
1639517377, 2, 207, 239, 165, 10, 0.65%, 8, 0, 6, 1453.45
1639517383, 2, 214, 240, 165, 9, 0.65%, 8, 0, 7, 1439.27
1639517388, 2, 217, 242, 166, 8, 0.65%, 8, 0, 7, 1374.71
1639517393, 2, 219, 245, 168, 7, 0.65%, 8, 0, 7, 1414.36
1639517398, 2, 220, 246, 168, 8, 0.66%, 8, 0, 7, 1465.00
1639517403, 2, 223, 252, 173, 8, 0.66%, 9, 0, 7, 1428.14
1639517408, 2, 225, 255, 175, 7, 0.66%, 9, 0, 7, 1453.88
1639517413, 2, 229, 258, 177, 7, 0.67%, 10, 0, 7, 1453.21
1639517418, 2, 229, 261, 180, 7, 0.67%, 10, 0, 7, 1445.46
1639517423, 2, 244, 261, 177, 8, 0.67%, 10, 0, 7, 1457.14
1639517428, 2, 248, 261, 175, 6, 0.67%, 10, 0, 7, 1449.96
1639517433, 2, 256, 264, 177, 5, 0.67%, 12, 0, 8, 1454.84
1639517438, 2, 258, 267, 179, 4, 0.67%, 12, 0, 8, 1461.78
1639517443, 2, 266, 268, 178, 4, 0.67%, 12, 0, 8, 1447.06
1639517448, 2, 266, 272, 182, 4, 0.68%, 12, 0, 9, 1404.48
1639517453, 2, 271, 278, 186, 5, 0.68%, 12, 0, 10, 2176.93
1639517459, 2, 274, 279, 186, 5, 0.68%, 12, 0, 11, 1500.70
1639517464, 2, 275, 282, 188, 4, 0.68%, 12, 0, 11, 1358.79
1639517469, 3, 0, 282, 187, 3, 0.68%, 12, 0, 11, 1380.21
1639517474, 3, 171, 285, 186, 2, 0.68%, 13, 0, 11, 1427.32
1639517479, 3, 204, 286, 186, 3, 0.68%, 13, 0, 11, 1412.29
1639517484, 4, 10, 286, 182, 0, 0.68%, 13, 0, 11, 1454.37
1639517489, 4, 34, 286, 178, 0, 0.68%, 13, 0, 11, 1470.63
1639517494, 4, 286, 288, 176, 1, 0.69%, 14, 0, 11, 1429.31
1639517499, 4, 287, 290, 177, 1, 0.69%, 14, 0, 11, 1423.52
1639517504, 4, 287, 291, 178, 1, 0.69%, 14, 0, 11, 1392.93
1639517510, 4, 289, 293, 179, 0, 0.69%, 14, 0, 11, 1375.08
1639517515, 5, 14, 293, 178, 0, 0.69%, 14, 0, 11, 1382.66
1639517520, 5, 35, 294, 175, 0, 0.69%, 14, 0, 11, 1389.07
1639517525, 5, 53, 294, 171, 0, 0.69%, 14, 0, 11, 1404.35
1639517530, 5, 69, 294, 166, 0, 0.69%, 14, 0, 11, 1439.26
1639517535, 5, 95, 294, 159, 0, 0.69%, 15, 0, 11, 1442.97
1639517540, 5, 130, 294, 154, 0, 0.69%, 15, 0, 11, 1434.50
1639517545, 5, 146, 294, 152, 0, 0.69%, 15, 0, 11, 1453.74
1639517551, 5, 168, 294, 149, 0, 0.69%, 15, 0, 11, 1455.26
1639517556, 5, 181, 294, 148, 0, 0.69%, 15, 0, 11, 1460.49
1639517561, 5, 184, 294, 148, 0, 0.69%, 15, 0, 11, 1460.80
