# unix_time, cycles_done, cur_path, paths_total, pending_total, pending_favs, map_size, unique_crashes, unique_hangs, max_depth, execs_per_sec
1639519974, 0, 0, 1, 1, 1, 0.12%, 0, 0, 1, 1600.00
1639519979, 0, 0, 80, 80, 1, 0.47%, 4, 0, 2, 1454.26
1639519985, 0, 8, 117, 113, 39, 0.48%, 5, 0, 3, 1421.65
1639519990, 0, 42, 123, 105, 27, 0.49%, 5, 0, 3, 1416.84
1639519995, 0, 53, 138, 115, 25, 0.52%, 5, 0, 3, 1414.18
1639520000, 0, 59, 150, 123, 24, 0.53%, 5, 0, 3, 1401.49
1639520005, 0, 75, 158, 124, 17, 0.54%, 5, 0, 3, 1430.75
1639520010, 0, 118, 165, 125, 12, 0.54%, 5, 0, 4, 1485.93
1639520015, 0, 136, 178, 133, 10, 0.56%, 7, 0, 4, 1495.07
1639520020, 0, 170, 191, 140, 10, 0.57%, 7, 0, 4, 1471.99
1639520025, 0, 173, 208, 156, 9, 0.59%, 8, 0, 5, 1482.06
1639520030, 0, 178, 210, 155, 9, 0.59%, 8, 0, 5, 1487.70
1639520035, 0, 195, 214, 156, 6, 0.59%, 8, 0, 6, 1488.98
1639520040, 0, 197, 216, 157, 5, 0.59%, 8, 0, 6, 1478.21
1639520045, 0, 204, 224, 163, 3, 0.60%, 8, 0, 6, 1487.62
1639520050, 0, 206, 225, 163, 5, 0.60%, 10, 0, 6, 1463.18
1639520056, 0, 208, 228, 165, 4, 0.60%, 11, 0, 6, 1467.42
1639520061, 0, 228, 237, 170, 7, 0.65%, 11, 0, 7, 1457.44
1639520066, 0, 233, 239, 168, 5, 0.65%, 11, 0, 8, 1487.96
1639520071, 0, 237, 242, 168, 3, 0.65%, 11, 0, 8, 1463.55
1639520076, 0, 241, 250, 174, 1, 0.66%, 11, 0, 9, 1421.53
1639520081, 0, 246, 253, 176, 3, 0.66%, 12, 0, 10, 1379.73
1639520086, 0, 249, 256, 177, 1, 0.66%, 12, 0, 10, 1350.10
1639520091, 0, 256, 260, 180, 3, 0.67%, 12, 0, 11, 1364.91
1639520096, 0, 260, 265, 183, 2, 0.67%, 12, 0, 12, 1403.84
1639520101, 1, 176, 265, 181, 1, 0.67%, 12, 0, 12, 1445.31
1639520106, 1, 227, 267, 181, 0, 0.67%, 12, 0, 12, 1461.14
1639520111, 1, 232, 268, 180, 0, 0.67%, 12, 0, 12, 1486.29
1639520116, 1, 237, 272, 184, 0, 0.70%, 12, 0, 12, 1483.60
1639520121, 1, 268, 282, 194, 6, 0.72%, 12, 0, 12, 1479.36
1639520126, 1, 269, 284, 195, 13, 0.72%, 12, 0, 12, 1491.81
1639520131, 1, 270, 284, 194, 12, 0.72%, 12, 0, 12, 1497.44
1639520136, 1, 272, 284, 192, 10, 0.72%, 12, 0, 12, 1505.00
1639520141, 1, 274, 284, 191, 9, 0.72%, 12, 0, 12, 1398.91
1639520147, 1, 276, 287, 193, 8, 0.72%, 12, 0, 12, 1468.54
1639520152, 1, 278, 288, 192, 8, 0.73%, 12, 0, 12, 1494.02
1639520157, 1, 280, 289, 191, 6, 0.73%, 12, 0, 12, 1500.12
1639520162, 1, 281, 290, 191, 5, 0.73%, 12, 0, 12, 1508.04
1639520167, 1, 284, 292, 191, 4, 0.73%, 12, 0, 12, 1487.21
1639520172, 1, 287, 293, 191, 3, 0.73%, 12, 0, 12, 1492.50
1639520177, 1, 289, 294, 191, 3, 0.73%, 12, 0, 12, 1461.55
1639520182, 1, 289, 295, 192, 3, 0.73%, 12, 0, 12, 1478.45
1639520187, 2, 89, 296, 187, 0, 0.73%, 13, 0, 13, 1490.91
1639520192, 2, 116, 298, 182, 0, 0.73%, 13, 0, 13, 1484.29
1639520197, 2, 298, 302, 183, 2, 0.78%, 13, 0, 13, 1914.59
1639520202, 2, 300, 302, 181, 2, 0.78%, 13, 0, 13, 2067.44
1639520207, 2, 300, 305, 184, 2, 0.79%, 13, 0, 13, 1525.52
1639520212, 2, 301, 305, 183, 3, 0.79%, 13, 0, 13, 1420.05
1639520218, 2, 304, 305, 181, 1, 0.79%, 13, 0, 13, 1417.65
1639520223, 3, 24, 305, 176, 0, 0.79%, 13, 0, 13, 1436.92
1639520228, 3, 56, 305, 172, 0, 0.79%, 13, 0, 13, 1449.40
1639520233, 3, 81, 305, 169, 0, 0.79%, 13, 0, 13, 1486.61
1639520238, 3, 112, 307, 167, 0, 0.79%, 13, 0, 13, 1484.94
1639520243, 3, 133, 307, 163, 0, 0.79%, 13, 0, 13, 1427.64
1639520248, 3, 150, 307, 157, 0, 0.79%, 13, 0, 13, 1415.18
1639520253, 3, 168, 309, 156, 0, 0.79%, 13, 0, 13, 1462.56
1639520258, 3, 176, 309, 154, 0, 0.79%, 13, 0, 13, 1480.59
1639520263, 3, 190, 312, 156, 0, 0.79%, 13, 0, 13, 1477.73
1639520268, 3, 197, 313, 155, 0, 0.79%, 13, 0, 13, 1456.40
1639520274, 3, 202, 316, 156, 0, 0.79%, 13, 0, 13, 1458.94
