# unix_time, cycles_done, cur_path, paths_total, pending_total, pending_favs, map_size, unique_crashes, unique_hangs, max_depth, execs_per_sec
1639602705, 0, 0, 955, 955, 96, 0.93%, 0, 0, 1, 999.08
1639602710, 0, 99, 955, 943, 86, 0.93%, 4, 0, 1, 1167.11
1639602715, 0, 167, 955, 934, 77, 0.93%, 4, 0, 1, 1148.28
1639602720, 0, 292, 955, 923, 67, 0.93%, 4, 0, 1, 1141.94
1639602726, 0, 361, 955, 915, 60, 0.93%, 5, 0, 1, 1139.31
1639602731, 0, 406, 955, 908, 54, 0.93%, 5, 0, 1, 1152.15
1639602736, 0, 513, 955, 898, 45, 0.93%, 5, 0, 1, 1196.22
1639602741, 0, 598, 955, 889, 36, 0.93%, 5, 0, 1, 1250.17
1639602746, 0, 669, 955, 881, 28, 0.93%, 6, 0, 1, 1218.17
1639602751, 0, 740, 955, 873, 20, 0.93%, 7, 0, 1, 1140.72
1639602756, 0, 831, 955, 863, 14, 0.93%, 8, 0, 1, 1132.97
1639602761, 0, 910, 955, 856, 7, 0.93%, 9, 0, 1, 1158.92
1639602766, 1, 27, 955, 848, 0, 0.93%, 9, 0, 1, 1191.78
1639602772, 1, 333, 955, 839, 1, 0.93%, 9, 0, 1, 1277.32
1639602777, 1, 361, 955, 833, 0, 0.93%, 9, 0, 1, 1344.66
1639602782, 1, 390, 955, 825, 0, 0.93%, 9, 0, 1, 1404.37
1639602787, 1, 420, 955, 820, 0, 0.93%, 10, 0, 1, 1415.73
1639602792, 1, 461, 955, 813, 0, 0.93%, 10, 0, 1, 1414.34
1639602797, 1, 484, 955, 805, 0, 0.93%, 11, 0, 1, 1397.41
1639602803, 1, 511, 955, 796, 0, 0.93%, 11, 0, 1, 1347.13
1639602808, 1, 542, 955, 789, 0, 0.93%, 12, 0, 1, 1366.48
1639602813, 1, 577, 955, 785, 0, 0.93%, 12, 0, 1, 1287.70
1639602818, 1, 589, 955, 779, 0, 0.93%, 12, 0, 1, 1233.47
1639602823, 1, 618, 955, 775, 0, 0.93%, 12, 0, 1, 1288.87
1639602828, 1, 660, 955, 769, 0, 0.93%, 12, 0, 1, 1323.02
1639602833, 1, 677, 955, 764, 0, 0.93%, 12, 0, 1, 1337.82
1639602838, 1, 710, 955, 759, 0, 0.93%, 12, 0, 1, 1359.53
1639602844, 1, 762, 955, 752, 0, 0.93%, 12, 0, 1, 1420.41
1639602849, 1, 807, 955, 744, 0, 0.93%, 12, 0, 1, 1459.70
1639602854, 1, 839, 955, 737, 0, 0.93%, 12, 0, 1, 1466.55
1639602859, 1, 871, 955, 731, 0, 0.93%, 14, 0, 1, 1464.72
1639602864, 1, 904, 955, 723, 0, 0.93%, 14, 0, 1, 1449.47
1639602869, 1, 937, 955, 713, 0, 0.93%, 14, 0, 1, 1445.83
1639602874, 2, 9, 955, 707, 0, 0.93%, 14, 0, 1, 1463.50
1639602879, 2, 48, 955, 702, 0, 0.93%, 14, 0, 1, 1469.21
1639602884, 2, 90, 955, 693, 0, 0.93%, 14, 0, 1, 1472.66
1639602889, 2, 119, 955, 687, 0, 0.93%, 15, 0, 1, 1432.51
1639602894, 2, 149, 955, 682, 0, 0.93%, 15, 0, 1, 1429.51
1639602899, 2, 178, 955, 675, 0, 0.93%, 15, 0, 1, 1428.73
1639602904, 2, 201, 955, 667, 0, 0.93%, 15, 0, 1, 1392.51
1639602909, 2, 230, 955, 659, 0, 0.93%, 15, 0, 1, 1448.30
1639602915, 2, 269, 955, 653, 0, 0.93%, 15, 0, 1, 1442.69
1639602920, 2, 294, 955, 645, 0, 0.93%, 15, 0, 1, 1426.74
1639602925, 2, 322, 955, 636, 0, 0.93%, 15, 0, 1, 1419.80
1639602930, 2, 345, 955, 632, 0, 0.93%, 16, 0, 1, 1425.56
1639602935, 2, 394, 955, 628, 0, 0.93%, 16, 0, 1, 1453.90
1639602940, 2, 421, 955, 623, 0, 0.93%, 16, 0, 1, 1467.34
1639602945, 2, 446, 955, 615, 0, 0.93%, 16, 0, 1, 1435.13
1639602950, 2, 482, 955, 609, 0, 0.93%, 16, 0, 1, 1412.16
1639602956, 2, 532, 955, 604, 0, 0.93%, 16, 0, 1, 1420.88
1639602961, 2, 563, 955, 598, 0, 0.93%, 16, 0, 1, 1418.65
1639602966, 2, 598, 955, 591, 0, 0.93%, 16, 0, 1, 1432.33
1639602971, 2, 629, 955, 586, 0, 0.93%, 16, 0, 1, 1475.29
1639602976, 2, 649, 955, 580, 0, 0.93%, 16, 0, 1, 1464.87
1639602981, 2, 679, 955, 574, 0, 0.93%, 16, 0, 1, 1451.67
1639602986, 2, 711, 955, 567, 0, 0.93%, 16, 0, 1, 1465.32
1639602992, 2, 738, 955, 560, 0, 0.93%, 16, 0, 1, 1469.50
1639602997, 2, 795, 955, 553, 0, 0.93%, 16, 0, 1, 1633.66
