# unix_time, cycles_done, cur_path, paths_total, pending_total, pending_favs, map_size, unique_crashes, unique_hangs, max_depth, execs_per_sec
1639526004, 0, 0, 1, 1, 1, 0.12%, 0, 0, 1, 2000.00
1639526009, 0, 0, 87, 87, 1, 0.46%, 4, 0, 2, 1499.83
1639526014, 0, 14, 108, 103, 36, 0.47%, 7, 0, 3, 1422.92
1639526020, 0, 25, 128, 119, 33, 0.51%, 7, 0, 3, 1431.26
1639526025, 0, 27, 151, 140, 36, 0.52%, 8, 0, 3, 1419.24
1639526030, 0, 44, 157, 138, 29, 0.53%, 8, 0, 3, 1466.72
1639526035, 0, 88, 170, 137, 18, 0.54%, 8, 0, 3, 2290.86
1639526040, 0, 120, 177, 138, 18, 0.57%, 8, 0, 4, 1883.82
1639526045, 0, 152, 182, 136, 12, 0.57%, 8, 0, 4, 1523.40
1639526050, 0, 170, 187, 134, 7, 0.58%, 8, 0, 4, 1421.20
1639526055, 0, 177, 193, 136, 4, 0.58%, 8, 0, 5, 1396.32
1639526060, 0, 190, 199, 139, 1, 0.60%, 8, 0, 5, 1271.26
1639526065, 0, 194, 206, 145, 10, 0.61%, 8, 0, 5, 1344.76
1639526070, 0, 198, 211, 146, 6, 0.61%, 8, 0, 6, 1370.25
1639526075, 0, 204, 214, 145, 5, 0.62%, 8, 0, 6, 1428.35
1639526081, 0, 211, 225, 154, 3, 0.62%, 10, 0, 7, 1446.27
1639526086, 0, 213, 228, 155, 5, 0.62%, 10, 0, 7, 1465.90
1639526091, 0, 221, 230, 155, 4, 0.63%, 11, 0, 8, 1447.37
1639526096, 0, 221, 240, 165, 4, 0.64%, 13, 0, 8, 1434.36
1639526101, 0, 222, 249, 173, 7, 0.64%, 13, 0, 8, 1458.13
1639526106, 0, 228, 255, 177, 7, 0.65%, 15, 0, 8, 1441.32
1639526111, 0, 238, 257, 176, 6, 0.65%, 16, 0, 9, 1436.68
1639526116, 0, 239, 261, 179, 5, 0.65%, 17, 0, 9, 1455.21
1639526121, 0, 245, 264, 181, 4, 0.65%, 17, 0, 9, 1449.23
1639526126, 0, 249, 268, 184, 3, 0.65%, 17, 0, 9, 1430.28
1639526131, 0, 251, 272, 187, 2, 0.65%, 17, 0, 9, 1455.55
1639526136, 0, 254, 273, 187, 4, 0.65%, 17, 0, 9, 1469.45
1639526141, 0, 270, 273, 185, 2, 0.65%, 17, 0, 9, 1463.56
1639526146, 0, 271, 276, 187, 1, 0.65%, 17, 0, 10, 1471.94
1639526152, 1, 13, 276, 184, 0, 0.65%, 17, 0, 10, 1471.95
1639526157, 1, 37, 277, 179, 0, 0.65%, 17, 0, 10, 1474.78
1639526162, 1, 56, 278, 175, 0, 0.65%, 19, 0, 10, 1420.10
1639526167, 1, 86, 279, 172, 0, 0.65%, 19, 0, 10, 1473.24
1639526172, 1, 108, 280, 167, 0, 0.65%, 19, 0, 10, 1471.79
1639526177, 1, 130, 281, 161, 0, 0.65%, 19, 0, 10, 1474.57
1639526182, 1, 153, 282, 158, 0, 0.65%, 19, 0, 10, 1443.01
1639526187, 1, 283, 284, 158, 1, 0.65%, 19, 0, 10, 1449.87
1639526192, 2, 39, 284, 154, 0, 0.65%, 19, 0, 10, 1449.08
1639526198, 2, 71, 285, 154, 0, 0.65%, 19, 0, 10, 1467.79
1639526203, 2, 102, 286, 147, 0, 0.65%, 19, 0, 10, 1475.42
1639526208, 2, 137, 287, 144, 0, 0.65%, 19, 0, 10, 1468.80
1639526213, 2, 160, 287, 140, 0, 0.65%, 19, 0, 10, 1432.45
1639526218, 2, 177, 287, 139, 0, 0.65%, 19, 0, 10, 1406.93
1639526223, 2, 183, 289, 139, 0, 0.65%, 19, 0, 10, 1386.13
1639526228, 2, 196, 289, 138, 0, 0.65%, 19, 0, 10, 1438.81
1639526233, 2, 204, 289, 138, 0, 0.65%, 20, 0, 10, 1475.37
1639526238, 2, 217, 289, 137, 0, 0.65%, 20, 0, 10, 1474.52
1639526243, 2, 236, 289, 135, 0, 0.65%, 20, 0, 10, 1464.29
1639526248, 2, 239, 289, 134, 0, 0.65%, 20, 0, 10, 1449.07
1639526253, 2, 245, 289, 132, 0, 0.65%, 20, 0, 10, 1446.29
1639526258, 2, 251, 290, 133, 0, 0.65%, 20, 0, 10, 1447.02
1639526263, 2, 256, 290, 132, 0, 0.65%, 20, 0, 10, 1463.10
1639526269, 2, 260, 290, 129, 0, 0.65%, 20, 0, 10, 1481.91
1639526274, 2, 266, 292, 129, 0, 0.65%, 20, 0, 10, 1470.23
1639526279, 2, 269, 294, 129, 0, 0.65%, 20, 0, 10, 1472.75
1639526284, 2, 270, 295, 129, 0, 0.66%, 20, 0, 10, 1470.66
1639526289, 2, 294, 301, 135, 1, 0.66%, 20, 0, 11, 1440.28
1639526294, 2, 295, 303, 136, 2, 0.66%, 20, 0, 11, 1458.19
1639526299, 2, 296, 304, 136, 2, 0.67%, 20, 0, 12, 1474.19
1639526304, 3, 6, 305, 135, 0, 0.67%, 20, 0, 13, 1479.74
