# unix_time, cycles_done, cur_path, paths_total, pending_total, pending_favs, map_size, unique_crashes, unique_hangs, max_depth, execs_per_sec
1639557951, 0, 0, 921, 921, 100, 0.97%, 0, 0, 1, 1244.80
1639557956, 0, 170, 921, 908, 87, 0.97%, 2, 0, 1, 1400.56
1639557961, 0, 252, 921, 901, 81, 0.97%, 4, 0, 1, 1438.15
1639557966, 0, 310, 921, 894, 74, 0.97%, 5, 0, 1, 1414.07
1639557971, 0, 416, 921, 884, 65, 0.97%, 5, 0, 1, 1274.71
1639557976, 0, 511, 921, 873, 54, 0.97%, 5, 0, 1, 1403.12
1639557981, 0, 626, 921, 861, 42, 0.97%, 5, 0, 1, 1521.88
1639557986, 0, 678, 921, 853, 36, 0.97%, 6, 0, 1, 1444.71
1639557992, 0, 763, 921, 843, 26, 0.97%, 6, 0, 1, 1427.31
1639557997, 0, 835, 921, 834, 17, 0.97%, 7, 0, 1, 1422.19
1639558002, 0, 887, 921, 825, 8, 0.97%, 7, 0, 1, 1427.50
1639558007, 1, 160, 921, 818, 2, 0.97%, 8, 0, 1, 1434.58
1639558012, 1, 554, 921, 811, 0, 0.97%, 8, 0, 1, 1442.86
1639558017, 1, 576, 921, 805, 0, 0.97%, 8, 0, 1, 1385.17
1639558022, 1, 601, 921, 800, 0, 0.97%, 8, 0, 1, 1400.54
1639558027, 1, 627, 921, 793, 0, 0.97%, 8, 0, 1, 1396.04
1639558032, 1, 649, 921, 788, 0, 0.97%, 8, 0, 1, 1410.43
1639558037, 1, 692, 921, 780, 0, 0.97%, 8, 0, 1, 1427.50
1639558042, 1, 727, 921, 773, 0, 0.97%, 9, 0, 1, 1430.28
1639558047, 1, 747, 921, 767, 0, 0.97%, 9, 0, 1, 1447.17
1639558053, 1, 764, 921, 762, 0, 0.97%, 9, 0, 1, 1394.20
1639558058, 1, 812, 921, 757, 0, 0.97%, 10, 0, 1, 1433.07
1639558063, 1, 839, 921, 751, 0, 0.97%, 10, 0, 1, 1434.09
1639558068, 1, 859, 921, 744, 0, 0.97%, 10, 0, 1, 1424.38
1639558073, 1, 884, 921, 739, 0, 0.97%, 10, 0, 1, 1408.65
1639558078, 1, 904, 921, 734, 0, 0.97%, 10, 0, 1, 1402.63
1639558083, 1, 919, 921, 729, 0, 0.97%, 10, 0, 1, 1412.31
1639558088, 2, 22, 921, 721, 0, 0.97%, 10, 0, 1, 1401.13
1639558093, 2, 56, 921, 713, 0, 0.97%, 10, 0, 1, 1425.48
1639558098, 2, 93, 921, 706, 0, 0.97%, 10, 0, 1, 1428.67
1639558103, 2, 127, 922, 699, 0, 0.97%, 10, 0, 2, 1407.67
1639558109, 2, 159, 922, 694, 0, 0.97%, 10, 0, 2, 1438.74
1639558114, 2, 178, 922, 688, 0, 0.97%, 10, 0, 2, 1392.90
1639558119, 2, 219, 922, 681, 0, 0.97%, 10, 0, 2, 1411.51
1639558124, 2, 246, 922, 675, 0, 0.97%, 10, 0, 2, 1438.95
1639558129, 2, 285, 922, 668, 0, 0.97%, 10, 0, 2, 1438.91
1639558134, 2, 301, 922, 662, 0, 0.97%, 10, 0, 2, 1453.69
1639558139, 2, 323, 922, 654, 0, 0.97%, 10, 0, 2, 1464.13
1639558144, 2, 358, 922, 647, 0, 0.97%, 10, 0, 2, 1434.92
1639558149, 2, 381, 922, 641, 0, 0.97%, 11, 0, 2, 1443.60
1639558154, 2, 444, 922, 633, 0, 0.97%, 11, 0, 2, 1447.47
1639558159, 2, 476, 922, 627, 0, 0.97%, 11, 0, 2, 1381.56
1639558164, 2, 507, 923, 618, 0, 0.97%, 11, 0, 2, 1426.70
1639558170, 2, 529, 923, 614, 0, 0.97%, 11, 0, 2, 1342.56
1639558175, 2, 570, 923, 606, 0, 0.97%, 11, 0, 2, 1420.72
1639558180, 2, 609, 923, 603, 0, 0.97%, 12, 0, 2, 1366.14
1639558185, 2, 636, 923, 599, 0, 0.97%, 12, 0, 2, 1414.80
1639558190, 2, 659, 923, 595, 0, 0.97%, 12, 0, 2, 1346.88
1639558195, 2, 678, 923, 590, 0, 0.97%, 14, 0, 2, 1368.48
1639558200, 2, 720, 923, 585, 0, 0.97%, 14, 0, 2, 1432.84
1639558205, 2, 744, 923, 580, 0, 0.97%, 14, 0, 2, 1446.47
1639558210, 2, 783, 923, 576, 0, 0.97%, 14, 0, 2, 1453.34
1639558216, 2, 812, 923, 568, 0, 0.97%, 14, 0, 2, 1440.52
1639558221, 2, 839, 923, 563, 0, 0.97%, 14, 0, 2, 1437.26
1639558226, 2, 870, 923, 559, 0, 0.97%, 14, 0, 2, 1396.03
1639558231, 2, 884, 923, 556, 0, 0.97%, 14, 0, 2, 1131.72
1639558236, 2, 907, 923, 552, 0, 0.97%, 14, 0, 2, 1193.93
1639558241, 3, 18, 923, 550, 0, 0.97%, 14, 0, 2, 1337.74
