# unix_time, cycles_done, cur_path, paths_total, pending_total, pending_favs, map_size, unique_crashes, unique_hangs, max_depth, execs_per_sec
1639589421, 0, 0, 1, 1, 1, 0.12%, 0, 0, 1, 615.38
1639589426, 0, 0, 75, 75, 1, 0.45%, 3, 0, 2, 1128.17
1639589431, 0, 16, 101, 98, 36, 0.49%, 4, 0, 3, 1200.54
1639589436, 0, 25, 122, 115, 36, 0.50%, 4, 0, 3, 1751.62
1639589441, 0, 49, 132, 113, 25, 0.51%, 6, 0, 3, 1481.54
1639589446, 0, 57, 151, 128, 22, 0.52%, 11, 0, 3, 1259.12
1639589451, 0, 75, 154, 126, 25, 0.53%, 12, 0, 3, 1294.54
1639589456, 0, 99, 166, 132, 22, 0.55%, 12, 0, 3, 1332.50
1639589461, 0, 130, 171, 131, 16, 0.55%, 12, 0, 4, 1292.00
1639589466, 0, 142, 184, 141, 18, 0.56%, 12, 0, 4, 1303.37
1639589471, 0, 146, 192, 147, 16, 0.57%, 13, 0, 4, 1291.17
1639589476, 0, 149, 199, 152, 17, 0.58%, 14, 0, 4, 1225.69
1639589481, 0, 173, 204, 151, 14, 0.58%, 15, 0, 4, 1277.52
1639589486, 0, 178, 205, 149, 11, 0.58%, 15, 0, 5, 1314.38
1639589491, 0, 187, 214, 157, 10, 0.59%, 15, 0, 5, 1297.09
1639589496, 0, 192, 221, 163, 12, 0.61%, 15, 0, 5, 1335.26
1639589501, 0, 193, 230, 171, 21, 0.64%, 15, 0, 5, 1380.45
1639589506, 0, 193, 234, 175, 21, 0.64%, 15, 0, 5, 1319.17
1639589512, 0, 213, 237, 173, 17, 0.64%, 15, 0, 6, 1363.22
1639589517, 0, 217, 242, 175, 14, 0.64%, 15, 0, 6, 1371.28
1639589522, 0, 221, 245, 174, 10, 0.64%, 15, 0, 6, 1291.60
1639589527, 0, 225, 246, 171, 6, 0.64%, 17, 0, 6, 1298.96
1639589532, 1, 10, 247, 168, 3, 0.64%, 17, 0, 6, 1285.23
1639589537, 1, 110, 249, 165, 0, 0.64%, 17, 0, 6, 1307.23
1639589542, 1, 127, 250, 159, 0, 0.64%, 17, 0, 6, 1348.93
1639589547, 1, 250, 253, 161, 1, 0.64%, 17, 0, 6, 1377.51
1639589552, 2, 23, 255, 157, 0, 0.64%, 17, 0, 6, 1403.08
1639589557, 2, 45, 257, 155, 0, 0.64%, 17, 0, 6, 1404.25
1639589563, 2, 173, 258, 153, 1, 0.65%, 17, 0, 6, 1377.78
1639589568, 2, 258, 260, 153, 0, 0.65%, 17, 0, 6, 1412.29
1639589573, 3, 4, 261, 152, 0, 0.65%, 18, 0, 6, 1433.60
1639589578, 3, 36, 262, 150, 0, 0.65%, 18, 0, 6, 1371.17
1639589583, 3, 64, 263, 148, 0, 0.65%, 18, 0, 6, 1321.00
1639589588, 3, 87, 263, 145, 0, 0.65%, 18, 0, 6, 1162.88
1639589593, 3, 187, 264, 142, 1, 0.67%, 19, 0, 6, 1108.80
1639589598, 4, 156, 266, 142, 1, 0.67%, 19, 0, 6, 1071.72
1639589603, 4, 265, 268, 142, 1, 0.67%, 19, 0, 6, 1006.78
1639589608, 4, 267, 271, 144, 0, 0.67%, 19, 0, 6, 984.92
1639589619, 5, 26, 272, 142, 0, 0.67%, 19, 0, 6, 1100.56
1639589624, 5, 53, 272, 141, 0, 0.67%, 19, 0, 6, 1156.51
1639589629, 5, 67, 272, 138, 0, 0.67%, 19, 0, 6, 1134.03
1639589634, 5, 105, 272, 136, 0, 0.67%, 19, 0, 6, 1171.06
1639589639, 5, 133, 272, 134, 0, 0.67%, 19, 0, 6, 1181.75
1639589644, 5, 159, 273, 132, 0, 0.67%, 19, 0, 6, 1165.99
1639589649, 5, 174, 273, 130, 0, 0.67%, 19, 0, 6, 1187.05
1639589654, 5, 178, 273, 129, 0, 0.67%, 19, 0, 6, 1181.37
1639589659, 5, 188, 273, 128, 0, 0.67%, 19, 0, 6, 1149.25
1639589664, 5, 211, 274, 127, 0, 0.67%, 19, 0, 6, 1148.59
1639589669, 5, 213, 276, 129, 0, 0.67%, 19, 0, 6, 1082.66
1639589674, 5, 217, 277, 130, 0, 0.67%, 19, 0, 6, 1224.56
1639589679, 5, 277, 281, 134, 3, 0.68%, 19, 0, 7, 1266.77
1639589690, 5, 278, 282, 134, 2, 0.69%, 19, 0, 7, 1205.74
1639589695, 5, 279, 284, 135, 2, 0.69%, 19, 0, 7, 1208.14
1639589700, 5, 279, 285, 136, 2, 0.69%, 19, 0, 7, 1209.11
1639589710, 5, 281, 286, 136, 1, 0.69%, 19, 0, 8, 1102.07
1639589720, 5, 285, 287, 136, 1, 0.72%, 19, 0, 9, 595.17
