# unix_time, cycles_done, cur_path, paths_total, pending_total, pending_favs, map_size, unique_crashes, unique_hangs, max_depth, execs_per_sec
1639442922, 0, 0, 45, 45, 21, 0.13%, 0, 0, 1, 1304.35
1639442928, 0, 21, 47, 35, 9, 0.13%, 9, 0, 2, 1338.97
1639442933, 1, 6, 47, 26, 0, 0.13%, 10, 0, 2, 1361.93
1639442938, 1, 29, 47, 25, 0, 0.13%, 10, 0, 2, 1383.22
1639442943, 2, 1, 47, 22, 0, 0.13%, 11, 0, 2, 1378.39
1639442948, 2, 17, 47, 19, 0, 0.13%, 11, 0, 2, 1392.43
1639442953, 2, 44, 47, 17, 0, 0.13%, 11, 0, 2, 1401.22
1639442958, 3, 15, 47, 15, 0, 0.13%, 11, 0, 2, 1406.03
1639442963, 3, 41, 47, 13, 0, 0.13%, 11, 0, 2, 1396.55
1639442968, 4, 15, 48, 14, 0, 0.13%, 11, 0, 2, 1381.56
1639442973, 4, 35, 48, 8, 0, 0.13%, 11, 0, 2, 1361.41
1639442979, 5, 9, 48, 6, 0, 0.13%, 11, 0, 2, 1400.27
1639442984, 5, 35, 48, 6, 0, 0.13%, 11, 0, 2, 1414.36
1639442989, 6, 9, 48, 5, 0, 0.13%, 11, 0, 2, 1398.00
1639442994, 6, 37, 48, 4, 0, 0.13%, 11, 0, 2, 1414.38
1639442999, 7, 12, 48, 4, 0, 0.13%, 11, 0, 2, 1407.44
1639443004, 7, 40, 48, 4, 0, 0.13%, 11, 0, 2, 1407.13
1639443009, 8, 14, 48, 4, 0, 0.13%, 11, 0, 2, 1416.70
1639443014, 8, 41, 48, 4, 0, 0.13%, 11, 0, 2, 1421.79
1639443019, 9, 9, 48, 2, 0, 0.13%, 11, 0, 2, 1401.43
1639443024, 9, 37, 48, 1, 0, 0.13%, 11, 0, 2, 1409.74
1639443029, 10, 12, 48, 1, 0, 0.13%, 11, 0, 2, 1411.86
1639443034, 10, 39, 48, 1, 0, 0.13%, 11, 0, 2, 1408.76
1639443040, 11, 15, 48, 1, 0, 0.13%, 11, 0, 2, 1405.50
1639443045, 11, 41, 48, 0, 0, 0.13%, 11, 0, 2, 1410.52
1639443050, 12, 17, 48, 0, 0, 0.13%, 11, 0, 2, 1397.62
1639443055, 13, 1, 48, 0, 0, 0.13%, 11, 0, 2, 1399.05
1639443060, 13, 29, 48, 0, 0, 0.13%, 11, 0, 2, 1416.45
1639443065, 14, 7, 48, 0, 0, 0.13%, 11, 0, 2, 1421.99
1639443070, 14, 35, 48, 0, 0, 0.13%, 11, 0, 2, 1371.42
1639443075, 15, 9, 48, 0, 0, 0.13%, 11, 0, 2, 1391.90
1639443080, 15, 35, 48, 0, 0, 0.13%, 11, 0, 2, 1387.10
1639443085, 16, 12, 48, 0, 0, 0.13%, 11, 0, 2, 1423.24
1639443090, 17, 10, 49, 0, 0, 0.14%, 11, 0, 2, 1423.58
1639443095, 17, 39, 49, 0, 0, 0.14%, 11, 0, 2, 1405.55
1639443100, 18, 7, 49, 0, 0, 0.14%, 11, 0, 2, 1426.03
1639443105, 18, 35, 49, 0, 0, 0.14%, 11, 0, 2, 1426.89
1639443111, 19, 6, 49, 0, 0, 0.14%, 11, 0, 2, 1403.34
1639443116, 19, 30, 49, 0, 0, 0.14%, 11, 0, 2, 1440.95
1639443121, 20, 0, 49, 0, 0, 0.14%, 11, 0, 2, 1429.95
1639443126, 20, 22, 49, 0, 0, 0.14%, 11, 0, 2, 1420.60
1639443131, 21, 3, 49, 0, 0, 0.14%, 11, 0, 2, 1417.26
1639443136, 21, 23, 49, 0, 0, 0.14%, 11, 0, 2, 1415.36
1639443141, 22, 3, 49, 0, 0, 0.14%, 11, 0, 2, 1407.58
1639443146, 22, 24, 49, 0, 0, 0.14%, 11, 0, 2, 1434.11
1639443151, 23, 3, 49, 0, 0, 0.14%, 11, 0, 2, 1429.18
1639443156, 23, 29, 49, 0, 0, 0.14%, 11, 0, 2, 1419.49
1639443161, 24, 6, 49, 0, 0, 0.14%, 11, 0, 2, 1323.23
1639443166, 24, 22, 49, 0, 0, 0.14%, 11, 0, 2, 1208.09
1639443172, 24, 47, 49, 0, 0, 0.14%, 12, 0, 2, 1366.95
1639443177, 25, 21, 49, 0, 0, 0.14%, 12, 0, 2, 1423.96
1639443182, 25, 44, 49, 0, 0, 0.14%, 12, 0, 2, 1420.52
1639443187, 26, 21, 49, 0, 0, 0.14%, 12, 0, 2, 1414.36
1639443192, 27, 1, 49, 0, 0, 0.14%, 12, 0, 2, 1426.08
1639443197, 27, 21, 49, 0, 0, 0.14%, 12, 0, 2, 1419.28
1639443202, 27, 48, 49, 0, 0, 0.14%, 12, 0, 2, 1430.24
1639443207, 28, 17, 49, 0, 0, 0.14%, 12, 0, 2, 1448.95
1639443212, 29, 1, 49, 0, 0, 0.14%, 12, 0, 2, 1804.35
1639443217, 29, 22, 49, 0, 0, 0.14%, 12, 0, 2, 1497.51
