# unix_time, cycles_done, cur_path, paths_total, pending_total, pending_favs, map_size, unique_crashes, unique_hangs, max_depth, execs_per_sec
1639441102, 0, 0, 1, 1, 1, 0.12%, 0, 0, 1, 1000.00
1639441107, 0, 0, 76, 76, 1, 0.42%, 5, 0, 2, 1344.04
1639441112, 0, 3, 101, 100, 38, 0.47%, 5, 0, 3, 1454.00
1639441117, 0, 5, 107, 104, 38, 0.49%, 5, 0, 3, 1473.39
1639441122, 0, 27, 135, 124, 32, 0.51%, 5, 0, 3, 1451.82
1639441127, 0, 40, 154, 137, 27, 0.53%, 6, 0, 3, 1445.56
1639441132, 0, 51, 161, 140, 28, 0.53%, 6, 0, 3, 1444.70
1639441137, 0, 77, 165, 137, 22, 0.54%, 6, 0, 3, 1456.86
1639441142, 0, 99, 174, 141, 17, 0.54%, 8, 0, 4, 1461.51
1639441147, 0, 100, 178, 144, 16, 0.54%, 9, 0, 4, 1457.12
1639441152, 0, 117, 183, 147, 15, 0.55%, 9, 0, 4, 1459.17
1639441157, 0, 127, 191, 153, 15, 0.55%, 9, 0, 4, 1433.34
1639441162, 0, 151, 195, 151, 12, 0.57%, 9, 0, 4, 1448.29
1639441167, 0, 170, 202, 153, 15, 0.60%, 9, 0, 5, 1443.43
1639441172, 0, 185, 204, 152, 12, 0.61%, 9, 0, 5, 1403.50
1639441178, 0, 189, 210, 157, 14, 0.62%, 9, 0, 5, 1416.28
1639441183, 0, 194, 212, 155, 12, 0.62%, 9, 0, 5, 1440.01
1639441188, 0, 203, 214, 152, 9, 0.63%, 9, 0, 5, 1446.27
1639441193, 0, 206, 219, 156, 8, 0.63%, 9, 0, 6, 1425.26
1639441198, 0, 207, 226, 162, 8, 0.64%, 9, 0, 6, 1448.41
1639441203, 0, 213, 228, 160, 6, 0.64%, 9, 0, 6, 1461.48
1639441208, 0, 222, 239, 168, 3, 0.64%, 9, 0, 7, 1423.86
1639441213, 0, 236, 243, 171, 4, 0.64%, 10, 0, 8, 1421.57
1639441218, 0, 238, 245, 172, 4, 0.65%, 10, 0, 8, 1432.33
1639441223, 0, 244, 248, 173, 3, 0.65%, 10, 0, 9, 1384.74
1639441228, 1, 170, 248, 169, 0, 0.65%, 11, 0, 9, 1456.46
1639441233, 1, 189, 250, 169, 0, 0.65%, 11, 0, 9, 1461.48
1639441238, 1, 192, 250, 168, 0, 0.65%, 11, 0, 9, 1387.72
1639441243, 1, 201, 252, 170, 0, 0.65%, 11, 0, 9, 1438.95
1639441248, 1, 203, 253, 170, 0, 0.65%, 11, 0, 9, 1425.96
1639441253, 1, 211, 255, 171, 0, 0.65%, 11, 0, 9, 1455.41
1639441258, 1, 254, 260, 176, 1, 0.67%, 11, 0, 9, 1481.77
1639441264, 1, 257, 273, 188, 3, 0.71%, 11, 0, 9, 1447.81
1639441269, 1, 260, 277, 191, 15, 0.71%, 11, 0, 9, 1420.64
1639441274, 1, 261, 277, 190, 14, 0.71%, 11, 0, 9, 1451.97
1639441279, 1, 262, 280, 192, 13, 0.72%, 11, 0, 9, 1425.28
1639441284, 1, 264, 283, 193, 12, 0.72%, 11, 0, 9, 1448.14
1639441289, 1, 265, 284, 193, 13, 0.72%, 11, 0, 9, 1460.08
1639441294, 1, 267, 284, 191, 11, 0.72%, 12, 0, 9, 1449.79
1639441299, 1, 268, 286, 192, 10, 0.72%, 14, 0, 9, 1437.90
1639441304, 1, 270, 286, 191, 9, 0.72%, 14, 0, 9, 1459.41
1639441309, 1, 272, 286, 189, 7, 0.72%, 14, 0, 9, 1421.92
1639441314, 1, 273, 287, 189, 6, 0.72%, 14, 0, 9, 1433.05
1639441319, 1, 274, 289, 190, 6, 0.72%, 14, 0, 9, 1427.45
1639441324, 1, 275, 292, 192, 6, 0.73%, 14, 0, 9, 1453.33
1639441329, 1, 281, 294, 193, 5, 0.73%, 14, 0, 9, 1460.54
1639441334, 1, 283, 297, 195, 4, 0.73%, 14, 0, 10, 1451.19
1639441340, 1, 285, 298, 195, 4, 0.73%, 14, 0, 10, 1439.82
1639441345, 1, 288, 300, 196, 4, 0.73%, 14, 0, 10, 1439.87
1639441350, 1, 288, 304, 200, 4, 0.73%, 14, 0, 10, 1458.14
1639441355, 1, 294, 306, 201, 3, 0.73%, 14, 0, 11, 1442.89
1639441360, 1, 294, 309, 204, 3, 0.73%, 14, 0, 11, 1441.97
1639441365, 1, 299, 311, 204, 2, 0.73%, 14, 0, 11, 1450.07
1639441370, 1, 306, 313, 205, 2, 0.73%, 14, 0, 11, 1446.01
1639441375, 1, 309, 314, 205, 1, 0.73%, 14, 0, 12, 1410.38
1639441385, 1, 311, 314, 204, 0, 0.73%, 14, 0, 12, 1452.63
1639441390, 1, 312, 316, 205, 0, 0.73%, 14, 0, 12, 1361.95
1639441395, 1, 315, 317, 205, 0, 0.73%, 14, 0, 13, 2092.96
1639441400, 2, 6, 317, 204, 0, 0.73%, 14, 0, 13, 1577.26
