# unix_time, cycles_done, cur_path, paths_total, pending_total, pending_favs, map_size, unique_crashes, unique_hangs, max_depth, execs_per_sec
1639596964, 0, 0, 1, 1, 1, 0.12%, 0, 0, 1, 1600.00
1639596969, 0, 0, 81, 81, 1, 0.46%, 3, 0, 2, 1397.96
1639596974, 0, 11, 105, 101, 39, 0.49%, 3, 0, 3, 1363.36
1639596979, 0, 14, 113, 106, 38, 0.50%, 3, 0, 3, 1439.36
1639596984, 0, 32, 122, 104, 29, 0.50%, 3, 0, 3, 1450.32
1639596989, 0, 43, 133, 109, 23, 0.51%, 3, 0, 3, 1460.58
1639596994, 0, 56, 144, 115, 20, 0.52%, 3, 0, 3, 1445.41
1639596999, 0, 79, 160, 126, 17, 0.53%, 4, 0, 3, 1417.73
1639597005, 0, 94, 160, 123, 15, 0.53%, 5, 0, 3, 1397.27
1639597010, 0, 128, 163, 119, 9, 0.53%, 5, 0, 4, 1426.97
1639597015, 0, 144, 167, 120, 8, 0.54%, 5, 0, 4, 1447.52
1639597020, 0, 165, 177, 125, 8, 0.55%, 5, 0, 4, 1442.54
1639597025, 0, 169, 181, 126, 7, 0.56%, 5, 0, 5, 1462.90
1639597030, 0, 174, 204, 146, 12, 0.59%, 5, 0, 5, 1450.72
1639597035, 0, 183, 211, 149, 12, 0.62%, 6, 0, 6, 1434.15
1639597040, 0, 196, 219, 155, 11, 0.62%, 8, 0, 6, 1423.83
1639597045, 0, 204, 225, 159, 11, 0.62%, 8, 0, 6, 1437.41
1639597050, 0, 207, 225, 157, 9, 0.62%, 8, 0, 6, 1448.84
1639597055, 0, 209, 235, 165, 14, 0.64%, 9, 0, 7, 1442.69
1639597060, 0, 210, 239, 168, 13, 0.65%, 10, 0, 7, 1463.06
1639597065, 0, 211, 243, 171, 15, 0.65%, 10, 0, 7, 1467.91
1639597070, 0, 213, 244, 171, 14, 0.65%, 11, 0, 7, 1460.53
1639597075, 0, 220, 246, 171, 12, 0.65%, 11, 0, 7, 1466.00
1639597080, 0, 228, 251, 172, 9, 0.66%, 11, 0, 8, 1427.24
1639597086, 0, 230, 253, 172, 8, 0.66%, 11, 0, 8, 1416.25
1639597091, 0, 238, 257, 173, 7, 0.67%, 11, 0, 8, 1413.14
1639597096, 0, 249, 258, 173, 6, 0.67%, 11, 0, 8, 1415.69
1639597101, 0, 255, 260, 172, 3, 0.67%, 11, 0, 9, 1436.87
1639597106, 1, 31, 261, 170, 0, 0.67%, 11, 0, 9, 1452.98
1639597111, 1, 73, 263, 169, 1, 0.67%, 11, 0, 9, 1459.11
1639597116, 2, 166, 266, 166, 1, 0.67%, 11, 0, 9, 1463.37
1639597121, 2, 269, 270, 169, 1, 0.67%, 11, 0, 9, 1458.43
1639597126, 3, 26, 271, 168, 0, 0.67%, 11, 0, 9, 1472.60
1639597131, 4, 5, 273, 167, 0, 0.68%, 11, 0, 9, 1430.85
1639597137, 4, 32, 274, 168, 0, 0.68%, 11, 0, 9, 1425.62
1639597142, 4, 56, 275, 166, 0, 0.68%, 11, 0, 9, 1441.37
1639597147, 4, 94, 276, 159, 0, 0.68%, 11, 0, 9, 1458.96
1639597152, 4, 115, 279, 158, 0, 0.68%, 11, 0, 9, 1460.41
1639597157, 4, 278, 281, 159, 1, 0.68%, 11, 0, 9, 1439.83
1639597162, 4, 278, 282, 160, 1, 0.68%, 11, 0, 9, 1389.31
1639597167, 4, 281, 287, 164, 0, 0.68%, 11, 0, 9, 1380.80
1639597172, 4, 282, 287, 163, 0, 0.68%, 11, 0, 9, 1679.89
1639597177, 5, 6, 288, 161, 0, 0.68%, 11, 0, 9, 1829.48
1639597182, 5, 24, 288, 159, 0, 0.68%, 11, 0, 9, 1453.68
1639597187, 5, 45, 289, 158, 0, 0.68%, 11, 0, 9, 1300.49
1639597192, 5, 80, 289, 156, 0, 0.68%, 11, 0, 9, 1382.61
1639597197, 5, 115, 290, 154, 0, 0.68%, 11, 0, 9, 1442.22
1639597202, 5, 146, 291, 153, 0, 0.68%, 11, 0, 9, 1449.82
1639597207, 5, 165, 292, 148, 0, 0.68%, 12, 0, 9, 1449.33
1639597212, 5, 182, 293, 148, 0, 0.68%, 12, 0, 9, 1454.83
1639597218, 5, 195, 293, 146, 0, 0.68%, 12, 0, 9, 1423.32
1639597223, 5, 207, 294, 146, 0, 0.68%, 12, 0, 9, 1404.04
1639597228, 5, 209, 294, 146, 0, 0.68%, 12, 0, 9, 1421.57
1639597233, 5, 214, 294, 146, 0, 0.68%, 12, 0, 9, 1459.85
1639597238, 5, 223, 295, 145, 0, 0.68%, 12, 0, 9, 1461.07
1639597243, 5, 225, 297, 145, 0, 0.68%, 12, 0, 9, 1446.43
1639597248, 5, 297, 306, 154, 1, 0.72%, 12, 0, 9, 1413.73
1639597253, 5, 298, 309, 156, 9, 0.72%, 12, 0, 9, 1421.06
1639597263, 5, 299, 309, 155, 8, 0.72%, 12, 0, 9, 1461.34
