# unix_time, cycles_done, cur_path, paths_total, pending_total, pending_favs, map_size, unique_crashes, unique_hangs, max_depth, execs_per_sec
1639603296, 0, 0, 1, 1, 1, 0.12%, 0, 0, 1, 275.86
1639603301, 0, 0, 62, 62, 1, 0.39%, 2, 0, 2, 512.80
1639603306, 0, 0, 88, 88, 1, 0.43%, 4, 0, 2, 954.01
1639603312, 0, 14, 109, 102, 39, 0.48%, 4, 0, 3, 1209.78
1639603317, 0, 30, 119, 106, 35, 0.49%, 4, 0, 3, 1075.31
1639603322, 0, 30, 124, 111, 35, 0.49%, 4, 0, 3, 855.10
1639603327, 0, 45, 140, 119, 28, 0.50%, 4, 0, 3, 965.04
1639603332, 0, 53, 145, 121, 26, 0.51%, 4, 0, 3, 942.06
1639603337, 0, 62, 151, 125, 26, 0.51%, 4, 0, 3, 1048.15
1639603342, 0, 85, 170, 138, 25, 0.54%, 4, 0, 3, 1075.71
1639603347, 0, 87, 175, 142, 24, 0.54%, 7, 0, 3, 1033.24
1639603352, 0, 96, 178, 140, 20, 0.54%, 9, 0, 3, 1079.87
1639603357, 0, 136, 181, 139, 16, 0.54%, 10, 0, 4, 890.43
1639603362, 0, 137, 187, 144, 17, 0.55%, 10, 0, 4, 709.55
1639603367, 0, 143, 188, 143, 17, 0.55%, 10, 0, 4, 906.53
1639603372, 0, 162, 189, 139, 12, 0.55%, 10, 0, 4, 1117.93
1639603377, 0, 172, 211, 157, 8, 0.59%, 11, 0, 4, 1065.12
1639603383, 0, 183, 214, 157, 13, 0.59%, 11, 0, 5, 1105.31
1639603388, 0, 187, 215, 157, 14, 0.59%, 11, 0, 5, 1113.20
1639603393, 0, 194, 219, 159, 14, 0.60%, 11, 0, 5, 1109.74
1639603398, 0, 194, 225, 165, 14, 0.60%, 11, 0, 5, 1189.39
1639603403, 0, 202, 233, 172, 14, 0.61%, 11, 0, 5, 1113.92
1639603408, 0, 203, 245, 183, 16, 0.61%, 11, 0, 5, 1246.71
1639603413, 0, 206, 246, 181, 14, 0.61%, 11, 0, 5, 1125.69
1639603418, 0, 213, 247, 179, 12, 0.61%, 11, 0, 5, 1240.88
1639603424, 0, 217, 251, 180, 9, 0.61%, 11, 0, 6, 1141.40
1639603429, 0, 217, 252, 181, 9, 0.61%, 11, 0, 6, 1076.40
1639603434, 0, 226, 252, 178, 6, 0.61%, 11, 0, 6, 1147.69
1639603439, 0, 232, 255, 179, 4, 0.63%, 11, 0, 6, 1128.69
1639603444, 0, 232, 257, 181, 4, 0.64%, 11, 0, 6, 1188.86
1639603449, 0, 251, 260, 181, 6, 0.64%, 11, 0, 7, 1194.50
1639603454, 0, 254, 262, 181, 5, 0.64%, 11, 0, 7, 1180.88
1639603459, 0, 256, 268, 185, 4, 0.66%, 11, 0, 7, 1087.41
1639603470, 0, 266, 269, 181, 4, 0.66%, 11, 0, 8, 1248.02
1639603475, 1, 127, 270, 180, 2, 0.66%, 11, 0, 8, 1280.58
1639603480, 1, 163, 270, 177, 0, 0.66%, 11, 0, 8, 1299.09
1639603485, 1, 181, 270, 173, 0, 0.66%, 11, 0, 8, 1331.36
1639603490, 1, 189, 270, 171, 0, 0.66%, 11, 0, 8, 1358.61
1639603495, 1, 234, 271, 171, 1, 0.66%, 11, 0, 8, 1276.84
1639603500, 1, 270, 272, 171, 1, 0.66%, 11, 0, 8, 1389.70
1639603505, 2, 9, 274, 169, 0, 0.66%, 11, 0, 8, 1407.36
1639603511, 2, 39, 274, 162, 0, 0.66%, 11, 0, 8, 1402.75
1639603516, 2, 89, 275, 160, 0, 0.66%, 11, 0, 8, 1379.72
1639603521, 3, 60, 275, 152, 0, 0.66%, 11, 0, 8, 1349.97
1639603526, 3, 95, 275, 151, 0, 0.66%, 11, 0, 8, 1341.48
1639603531, 3, 109, 276, 146, 0, 0.66%, 11, 0, 8, 1310.26
1639603536, 3, 144, 276, 142, 0, 0.66%, 11, 0, 8, 1325.32
1639603541, 3, 169, 276, 141, 0, 0.66%, 11, 0, 8, 1371.01
1639603546, 3, 186, 277, 141, 0, 0.66%, 11, 0, 8, 1384.93
1639603551, 3, 195, 277, 140, 0, 0.66%, 11, 0, 8, 1391.79
1639603557, 3, 204, 278, 139, 0, 0.66%, 11, 0, 8, 1317.35
1639603562, 3, 209, 278, 138, 0, 0.66%, 11, 0, 8, 1228.48
1639603567, 3, 213, 278, 136, 0, 0.66%, 11, 0, 8, 1007.14
1639603572, 3, 217, 278, 136, 0, 0.66%, 11, 0, 8, 1053.06
1639603577, 3, 221, 278, 136, 0, 0.66%, 11, 0, 8, 1063.02
1639603582, 3, 227, 279, 137, 0, 0.66%, 11, 0, 8, 1057.44
1639603587, 3, 242, 279, 136, 0, 0.66%, 11, 0, 8, 1096.13
1639603592, 3, 254, 281, 137, 0, 0.66%, 11, 0, 8, 1160.09
