# unix_time, cycles_done, cur_path, paths_total, pending_total, pending_favs, map_size, unique_crashes, unique_hangs, max_depth, execs_per_sec
1639514245, 0, 0, 1, 1, 1, 0.12%, 0, 0, 1, 235.29
1639514250, 0, 0, 77, 77, 1, 0.44%, 2, 0, 2, 966.34
1639514255, 0, 8, 103, 101, 36, 0.48%, 3, 0, 3, 1109.52
1639514261, 0, 23, 129, 122, 32, 0.51%, 3, 0, 3, 1224.88
1639514266, 0, 37, 138, 121, 27, 0.52%, 3, 0, 3, 1344.83
1639514271, 0, 61, 151, 126, 19, 0.52%, 3, 0, 3, 1400.22
1639514276, 0, 67, 156, 128, 16, 0.54%, 3, 0, 3, 1463.49
1639514281, 0, 103, 165, 128, 15, 0.54%, 3, 0, 3, 1450.50
1639514286, 0, 121, 171, 130, 13, 0.54%, 4, 0, 4, 1427.01
1639514291, 0, 136, 174, 130, 12, 0.54%, 4, 0, 4, 1434.87
1639514296, 0, 158, 175, 125, 7, 0.55%, 6, 0, 4, 1455.68
1639514301, 0, 165, 181, 130, 6, 0.55%, 8, 0, 5, 1434.00
1639514306, 0, 177, 184, 130, 5, 0.55%, 10, 0, 6, 1384.32
1639514311, 0, 186, 192, 136, 7, 0.57%, 10, 0, 7, 1424.10
1639514316, 0, 186, 198, 142, 7, 0.58%, 12, 0, 7, 1351.73
1639514322, 0, 187, 201, 144, 8, 0.58%, 13, 0, 7, 1321.60
1639514327, 0, 188, 206, 148, 7, 0.58%, 13, 0, 7, 1319.33
1639514332, 0, 193, 213, 152, 7, 0.59%, 13, 0, 8, 1317.25
1639514337, 0, 210, 215, 151, 6, 0.60%, 14, 0, 8, 1403.25
1639514342, 0, 212, 219, 154, 6, 0.60%, 14, 0, 9, 1454.95
1639514347, 0, 212, 225, 160, 6, 0.60%, 14, 0, 9, 1447.12
1639514352, 0, 218, 229, 162, 5, 0.61%, 14, 0, 10, 1448.46
1639514357, 0, 228, 233, 164, 6, 0.63%, 14, 0, 10, 1441.28
1639514362, 0, 231, 239, 167, 6, 0.65%, 14, 0, 11, 1439.02
1639514367, 0, 234, 241, 168, 5, 0.65%, 14, 0, 12, 1442.19
1639514372, 0, 238, 249, 175, 5, 0.65%, 14, 0, 12, 1422.89
1639514377, 0, 239, 251, 176, 5, 0.65%, 14, 0, 13, 1401.80
1639514383, 0, 247, 255, 179, 4, 0.65%, 14, 0, 13, 1335.17
1639514388, 0, 248, 257, 180, 3, 0.66%, 14, 0, 13, 1315.60
1639514393, 0, 257, 258, 179, 4, 0.66%, 14, 0, 13, 1352.86
1639514398, 0, 257, 261, 182, 4, 0.66%, 14, 0, 14, 1394.34
1639514403, 1, 59, 261, 177, 0, 0.66%, 14, 0, 14, 1421.25
1639514408, 1, 84, 262, 171, 0, 0.66%, 14, 0, 14, 1675.05
1639514414, 1, 122, 263, 165, 0, 0.66%, 14, 0, 14, 1728.70
1639514419, 1, 166, 265, 161, 1, 0.68%, 14, 0, 14, 1352.91
1639514424, 1, 264, 269, 164, 1, 0.71%, 14, 0, 14, 1314.39
1639514429, 1, 266, 272, 166, 3, 0.72%, 15, 0, 14, 1315.09
1639514434, 1, 266, 275, 169, 3, 0.72%, 15, 0, 14, 1308.60
1639514439, 1, 270, 279, 171, 2, 0.72%, 15, 0, 14, 1294.84
1639514444, 1, 270, 280, 172, 2, 0.72%, 15, 0, 14, 1236.09
1639514449, 1, 275, 282, 173, 5, 0.72%, 15, 0, 14, 1254.72
1639514454, 1, 276, 282, 172, 4, 0.72%, 15, 0, 14, 1359.30
1639514459, 1, 277, 284, 173, 4, 0.73%, 15, 0, 14, 1423.39
1639514464, 1, 279, 287, 174, 2, 0.73%, 15, 0, 14, 1440.01
1639514469, 1, 279, 290, 177, 2, 0.74%, 15, 0, 14, 1442.13
1639514474, 1, 285, 291, 176, 2, 0.74%, 15, 0, 14, 1452.69
1639514479, 1, 285, 292, 177, 2, 0.74%, 15, 0, 14, 1441.32
1639514484, 1, 288, 302, 186, 2, 0.75%, 15, 0, 14, 1451.84
1639514490, 1, 291, 308, 191, 3, 0.76%, 15, 0, 14, 1443.97
1639514500, 1, 296, 313, 195, 3, 0.76%, 15, 0, 14, 1426.56
1639514505, 1, 296, 314, 196, 3, 0.76%, 15, 0, 14, 1448.67
1639514510, 1, 301, 316, 197, 3, 0.76%, 15, 0, 14, 1429.24
1639514520, 1, 306, 322, 202, 2, 0.78%, 15, 0, 14, 1441.98
1639514530, 1, 314, 328, 207, 4, 0.79%, 15, 0, 14, 1430.85
1639514535, 1, 317, 330, 208, 5, 0.79%, 15, 0, 14, 1445.12
1639514540, 1, 317, 337, 215, 5, 0.79%, 15, 0, 14, 1419.35
