# unix_time, cycles_done, cur_path, paths_total, pending_total, pending_favs, map_size, unique_crashes, unique_hangs, max_depth, execs_per_sec
1639509421, 0, 0, 321, 321, 85, 0.73%, 0, 0, 1, 1834.29
1639509426, 0, 35, 322, 315, 78, 0.73%, 3, 0, 2, 1361.37
1639509431, 0, 65, 322, 305, 69, 0.73%, 3, 0, 2, 1247.82
1639509436, 0, 101, 322, 295, 59, 0.73%, 3, 0, 2, 1248.95
1639509441, 0, 127, 322, 286, 50, 0.73%, 4, 0, 2, 1192.38
1639509446, 0, 158, 322, 277, 41, 0.73%, 4, 0, 2, 1152.53
1639509451, 0, 181, 323, 269, 33, 0.73%, 5, 0, 2, 1110.39
1639509456, 0, 206, 325, 262, 25, 0.73%, 5, 0, 2, 1132.50
1639509461, 0, 246, 326, 254, 16, 0.73%, 5, 0, 2, 1126.35
1639509466, 0, 277, 326, 247, 9, 0.73%, 5, 0, 2, 1178.63
1639509471, 1, 5, 327, 238, 0, 0.73%, 5, 0, 2, 1242.11
1639509477, 1, 22, 328, 235, 0, 0.73%, 5, 0, 2, 1234.99
1639509482, 1, 45, 328, 231, 0, 0.73%, 5, 0, 2, 1248.09
1639509487, 1, 66, 328, 227, 0, 0.73%, 6, 0, 2, 1251.99
1639509492, 1, 89, 328, 224, 0, 0.73%, 6, 0, 2, 1236.62
1639509497, 1, 106, 329, 223, 0, 0.73%, 6, 0, 2, 1240.59
1639509502, 1, 125, 330, 220, 0, 0.73%, 6, 0, 2, 1202.36
1639509507, 1, 145, 330, 217, 0, 0.73%, 6, 0, 2, 1189.46
1639509512, 1, 160, 330, 214, 0, 0.73%, 6, 0, 2, 1139.81
1639509517, 1, 171, 331, 212, 0, 0.73%, 6, 0, 2, 1148.22
1639509523, 1, 201, 331, 211, 0, 0.73%, 8, 0, 2, 1155.28
1639509528, 1, 216, 331, 207, 0, 0.73%, 9, 0, 2, 1160.10
1639509533, 1, 237, 331, 203, 0, 0.73%, 9, 0, 2, 1168.00
1639509538, 1, 252, 331, 198, 0, 0.73%, 9, 0, 2, 1216.25
1639509543, 1, 266, 332, 198, 0, 0.73%, 9, 0, 2, 1285.81
1639509548, 1, 293, 333, 192, 0, 0.73%, 9, 0, 2, 1384.23
1639509553, 1, 327, 335, 188, 0, 0.73%, 9, 0, 3, 1369.56
1639509558, 2, 21, 335, 185, 0, 0.73%, 10, 0, 3, 1402.94
1639509563, 2, 50, 335, 181, 0, 0.73%, 10, 0, 3, 1383.48
1639509568, 2, 75, 335, 178, 0, 0.73%, 10, 0, 3, 1364.36
1639509574, 2, 101, 335, 176, 0, 0.73%, 10, 0, 3, 1395.11
1639509579, 2, 126, 335, 175, 0, 0.73%, 10, 0, 3, 1382.51
1639509584, 2, 151, 336, 174, 0, 0.73%, 11, 0, 3, 1334.66
1639509589, 2, 184, 336, 174, 0, 0.73%, 11, 0, 3, 1363.72
1639509594, 2, 202, 336, 169, 0, 0.73%, 11, 0, 3, 1411.26
1639509599, 2, 231, 336, 164, 0, 0.73%, 11, 0, 3, 1447.70
1639509604, 2, 336, 337, 163, 1, 0.73%, 11, 0, 3, 1422.01
1639509609, 3, 35, 337, 161, 0, 0.73%, 11, 0, 3, 1398.28
1639509614, 3, 61, 338, 160, 0, 0.73%, 11, 0, 3, 1388.18
1639509620, 3, 91, 338, 157, 0, 0.73%, 11, 0, 3, 1385.73
1639509625, 3, 116, 338, 155, 0, 0.73%, 11, 0, 3, 1409.67
1639509630, 3, 144, 338, 153, 0, 0.73%, 11, 0, 3, 1414.38
1639509635, 3, 166, 338, 150, 0, 0.73%, 11, 0, 3, 1425.97
1639509640, 3, 193, 339, 150, 0, 0.73%, 12, 0, 3, 1439.20
1639509645, 3, 216, 339, 146, 0, 0.73%, 12, 0, 3, 1432.37
1639509650, 3, 339, 340, 146, 1, 0.74%, 12, 0, 3, 1452.61
1639509655, 4, 37, 340, 145, 0, 0.74%, 12, 0, 3, 1464.21
1639509661, 4, 65, 340, 141, 0, 0.74%, 12, 0, 3, 1468.57
1639509666, 4, 96, 341, 139, 0, 0.74%, 12, 0, 3, 1406.59
1639509671, 4, 119, 341, 138, 0, 0.74%, 12, 0, 3, 1415.79
1639509676, 4, 154, 342, 138, 0, 0.74%, 12, 0, 3, 1402.57
1639509681, 4, 171, 342, 134, 0, 0.74%, 12, 0, 3, 1327.13
1639509686, 4, 199, 342, 132, 0, 0.74%, 12, 0, 3, 1322.90
1639509691, 4, 225, 342, 130, 0, 0.74%, 13, 0, 3, 1299.30
1639509697, 4, 252, 342, 125, 0, 0.74%, 13, 0, 3, 1294.54
1639509702, 4, 274, 342, 122, 0, 0.74%, 13, 0, 3, 1266.89
1639509707, 4, 288, 345, 120, 0, 0.74%, 13, 0, 3, 1268.70
1639509712, 4, 319, 346, 117, 0, 0.74%, 13, 0, 3, 1297.78
1639509717, 4, 334, 346, 111, 0, 0.74%, 13, 0, 3, 1348.85
