# unix_time, cycles_done, cur_path, paths_total, pending_total, pending_favs, map_size, unique_crashes, unique_hangs, max_depth, execs_per_sec
1639522687, 0, 0, 1, 1, 1, 0.12%, 0, 0, 1, 1600.00
1639522692, 0, 0, 82, 82, 1, 0.47%, 6, 0, 2, 1425.11
1639522697, 0, 18, 106, 100, 35, 0.51%, 7, 0, 3, 1402.55
1639522702, 0, 26, 120, 112, 36, 0.52%, 7, 0, 3, 1456.84
1639522707, 0, 36, 133, 119, 31, 0.52%, 7, 0, 3, 1433.41
1639522712, 0, 51, 142, 121, 27, 0.52%, 7, 0, 3, 1397.90
1639522717, 0, 55, 153, 130, 25, 0.53%, 7, 0, 3, 1417.02
1639522722, 0, 55, 161, 138, 25, 0.54%, 7, 0, 3, 1411.13
1639522727, 0, 67, 173, 143, 24, 0.54%, 8, 0, 3, 1324.46
1639522732, 0, 102, 180, 143, 19, 0.56%, 8, 0, 4, 1360.51
1639522737, 0, 106, 186, 148, 20, 0.57%, 8, 0, 4, 1330.37
1639522743, 0, 133, 189, 145, 15, 0.57%, 8, 0, 4, 1274.39
1639522748, 0, 172, 198, 148, 10, 0.58%, 10, 0, 4, 1250.83
1639522753, 0, 172, 203, 153, 10, 0.59%, 10, 0, 4, 1277.76
1639522758, 0, 183, 204, 149, 8, 0.59%, 10, 0, 5, 1309.03
1639522763, 0, 192, 210, 151, 6, 0.60%, 10, 0, 5, 1411.94
1639522768, 0, 204, 217, 154, 6, 0.63%, 10, 0, 6, 1393.34
1639522773, 0, 213, 218, 152, 4, 0.63%, 10, 0, 6, 1440.59
1639522778, 0, 216, 222, 154, 4, 0.63%, 10, 0, 6, 1449.35
1639522783, 0, 219, 226, 157, 3, 0.63%, 10, 0, 7, 1447.22
1639522788, 1, 155, 228, 154, 0, 0.63%, 11, 0, 8, 1444.25
1639522793, 1, 229, 233, 158, 1, 0.63%, 12, 0, 8, 1458.77
1639522799, 2, 15, 234, 156, 0, 0.63%, 13, 0, 8, 1427.34
1639522804, 2, 235, 236, 152, 0, 0.64%, 13, 0, 8, 1442.18
1639522809, 3, 26, 239, 150, 0, 0.64%, 13, 0, 8, 1449.54
1639522814, 3, 51, 239, 148, 0, 0.64%, 13, 0, 8, 1452.93
1639522819, 3, 67, 240, 148, 0, 0.64%, 13, 0, 8, 1443.01
1639522824, 3, 100, 240, 145, 0, 0.64%, 13, 0, 8, 1452.84
1639522830, 3, 116, 240, 143, 0, 0.64%, 13, 0, 8, 1418.27
1639522835, 3, 135, 244, 144, 0, 0.64%, 13, 0, 8, 1355.26
1639522840, 3, 151, 244, 137, 0, 0.64%, 13, 0, 8, 1328.38
1639522845, 4, 11, 245, 135, 0, 0.66%, 13, 0, 8, 1328.09
1639522850, 4, 28, 245, 133, 0, 0.66%, 13, 0, 8, 1332.13
1639522855, 4, 51, 246, 131, 0, 0.66%, 13, 0, 8, 1363.17
1639522860, 4, 68, 246, 131, 0, 0.66%, 14, 0, 8, 1318.78
1639522865, 4, 88, 247, 130, 0, 0.66%, 14, 0, 8, 1323.22
1639522871, 4, 111, 250, 128, 1, 0.67%, 14, 0, 8, 1309.69
1639522876, 4, 231, 251, 127, 1, 0.67%, 14, 0, 8, 1282.04
1639522881, 4, 248, 254, 129, 1, 0.70%, 14, 0, 8, 1269.92
1639522886, 4, 248, 255, 130, 1, 0.70%, 14, 0, 8, 1284.54
1639522891, 4, 251, 257, 131, 3, 0.70%, 14, 0, 8, 1282.18
1639522896, 4, 252, 258, 131, 3, 0.70%, 14, 0, 8, 1301.47
1639522901, 4, 253, 269, 141, 2, 0.72%, 14, 0, 8, 1317.73
1639522906, 4, 253, 270, 142, 2, 0.72%, 14, 0, 8, 1355.28
1639522911, 4, 255, 273, 144, 10, 0.72%, 14, 0, 8, 1371.27
1639522916, 4, 258, 274, 144, 10, 0.73%, 14, 0, 8, 1394.96
1639522922, 4, 259, 274, 143, 9, 0.73%, 14, 0, 8, 1412.64
1639522927, 4, 260, 274, 142, 8, 0.73%, 14, 0, 8, 1420.30
1639522932, 4, 261, 275, 142, 7, 0.73%, 14, 0, 8, 1418.23
1639522937, 4, 263, 275, 140, 5, 0.73%, 14, 0, 8, 1423.58
1639522942, 4, 265, 275, 139, 4, 0.73%, 14, 0, 8, 1411.43
1639522947, 4, 269, 277, 139, 2, 0.73%, 14, 0, 8, 2037.12
1639522952, 4, 274, 278, 138, 0, 0.73%, 14, 0, 8, 1861.74
1639522962, 4, 276, 283, 142, 0, 0.73%, 14, 0, 8, 1288.75
1639522973, 4, 279, 283, 141, 0, 0.73%, 14, 0, 8, 1297.99
1639522978, 5, 33, 283, 140, 0, 0.73%, 14, 0, 8, 1303.98
1639522983, 5, 53, 283, 139, 0, 0.73%, 14, 0, 8, 1345.53
