# unix_time, cycles_done, cur_path, paths_total, pending_total, pending_favs, map_size, unique_crashes, unique_hangs, max_depth, execs_per_sec
1639479374, 0, 0, 784, 784, 102, 0.90%, 0, 0, 1, 1089.46
1639479379, 0, 84, 784, 772, 90, 0.90%, 3, 0, 1, 1347.84
1639479384, 0, 134, 784, 764, 83, 0.90%, 5, 0, 1, 1385.53
1639479389, 0, 181, 784, 756, 75, 0.90%, 5, 0, 1, 1324.63
1639479394, 0, 294, 784, 744, 64, 0.90%, 6, 0, 1, 1366.56
1639479399, 0, 352, 784, 736, 56, 0.90%, 6, 0, 1, 1382.48
1639479404, 0, 409, 784, 729, 50, 0.90%, 7, 0, 1, 1388.25
1639479409, 0, 492, 784, 719, 41, 0.90%, 7, 0, 1, 1363.91
1639479415, 0, 546, 784, 712, 35, 0.90%, 9, 0, 1, 1369.54
1639479420, 0, 617, 784, 701, 25, 0.90%, 9, 0, 1, 1382.87
1639479425, 0, 687, 784, 691, 15, 0.90%, 9, 0, 1, 1371.83
1639479430, 0, 738, 784, 682, 7, 0.90%, 9, 0, 1, 1364.62
1639479435, 1, 16, 784, 674, 0, 0.90%, 9, 0, 1, 1376.91
1639479440, 1, 38, 784, 667, 0, 0.90%, 9, 0, 1, 1369.06
1639479445, 1, 55, 785, 663, 0, 0.90%, 11, 0, 2, 1381.64
1639479450, 1, 98, 785, 655, 0, 0.90%, 12, 0, 2, 1722.57
1639479455, 1, 118, 785, 649, 0, 0.90%, 12, 0, 2, 1439.35
1639479460, 1, 134, 785, 644, 0, 0.90%, 12, 0, 2, 1381.68
1639479465, 1, 149, 785, 640, 0, 0.90%, 12, 0, 2, 1359.36
1639479471, 1, 171, 785, 632, 0, 0.90%, 12, 0, 2, 1379.66
1639479476, 1, 185, 785, 628, 0, 0.90%, 12, 0, 2, 1375.29
1639479481, 1, 216, 785, 619, 0, 0.90%, 12, 0, 2, 1398.45
1639479486, 1, 261, 786, 614, 0, 0.90%, 13, 0, 2, 1371.80
1639479491, 1, 297, 786, 610, 0, 0.90%, 13, 0, 2, 1376.51
1639479496, 1, 314, 786, 605, 0, 0.90%, 13, 0, 2, 1380.82
1639479501, 1, 338, 786, 598, 0, 0.90%, 14, 0, 2, 1388.89
1639479506, 1, 355, 786, 595, 0, 0.90%, 14, 0, 2, 1334.92
1639479512, 1, 378, 786, 589, 0, 0.90%, 14, 0, 2, 1384.67
1639479517, 1, 413, 786, 580, 0, 0.90%, 14, 0, 2, 1376.11
1639479522, 1, 438, 786, 573, 0, 0.90%, 14, 0, 2, 1385.97
1639479527, 1, 457, 786, 566, 0, 0.90%, 14, 0, 2, 1363.41
1639479532, 1, 493, 786, 562, 0, 0.90%, 14, 0, 2, 1378.43
1639479537, 1, 512, 786, 558, 0, 0.90%, 14, 0, 2, 1374.36
1639479542, 1, 523, 786, 554, 0, 0.90%, 14, 0, 2, 1379.30
1639479548, 1, 558, 786, 547, 0, 0.90%, 14, 0, 2, 1365.16
1639479553, 1, 598, 786, 541, 0, 0.90%, 14, 0, 2, 1371.11
1639479558, 1, 617, 786, 535, 0, 0.90%, 14, 0, 2, 1367.24
1639479563, 1, 654, 786, 530, 0, 0.90%, 14, 0, 2, 1397.82
1639479568, 1, 680, 786, 523, 0, 0.90%, 14, 0, 2, 1386.63
1639479573, 1, 700, 786, 520, 0, 0.90%, 14, 0, 2, 1384.00
1639479578, 1, 720, 786, 514, 0, 0.90%, 14, 0, 2, 1364.52
1639479583, 1, 748, 786, 510, 0, 0.90%, 14, 0, 2, 1380.39
1639479588, 1, 764, 786, 506, 0, 0.90%, 14, 0, 2, 1379.77
1639479593, 2, 4, 787, 502, 0, 0.90%, 15, 0, 3, 1371.62
1639479598, 2, 43, 787, 496, 0, 0.90%, 15, 0, 3, 1388.64
1639479604, 2, 68, 787, 491, 0, 0.90%, 15, 0, 3, 1384.66
1639479609, 2, 97, 787, 486, 0, 0.90%, 15, 0, 3, 1375.39
1639479614, 2, 134, 787, 481, 0, 0.90%, 15, 0, 3, 1373.64
1639479619, 2, 171, 787, 478, 0, 0.90%, 15, 0, 3, 1368.85
1639479624, 2, 222, 787, 473, 0, 0.90%, 15, 0, 3, 1387.84
1639479629, 2, 262, 787, 467, 0, 0.90%, 15, 0, 3, 1391.94
1639479634, 2, 302, 787, 461, 0, 0.90%, 15, 0, 3, 1378.54
1639479639, 2, 343, 787, 455, 0, 0.90%, 15, 0, 3, 1370.29
1639479645, 2, 368, 787, 451, 0, 0.90%, 15, 0, 3, 1371.42
1639479650, 2, 392, 787, 449, 0, 0.90%, 15, 0, 3, 1388.28
1639479655, 2, 467, 787, 444, 0, 0.90%, 15, 0, 3, 1397.71
1639479660, 2, 485, 787, 440, 0, 0.90%, 15, 0, 3, 1380.42
1639479665, 2, 514, 787, 437, 0, 0.90%, 15, 0, 3, 1366.41
