# unix_time, cycles_done, cur_path, paths_total, pending_total, pending_favs, map_size, unique_crashes, unique_hangs, max_depth, execs_per_sec
1639523576, 0, 0, 911, 911, 99, 0.95%, 0, 0, 1, 1149.71
1639523582, 0, 62, 911, 901, 90, 0.95%, 4, 0, 1, 1329.71
1639523587, 0, 152, 911, 890, 79, 0.95%, 6, 0, 1, 1380.57
1639523592, 0, 264, 911, 881, 70, 0.95%, 7, 0, 1, 1726.90
1639523597, 0, 332, 911, 870, 59, 0.95%, 7, 0, 1, 1459.89
1639523602, 0, 487, 911, 860, 49, 0.95%, 7, 0, 1, 1408.23
1639523607, 0, 520, 911, 853, 45, 0.95%, 7, 0, 1, 1389.87
1639523612, 0, 624, 911, 844, 37, 0.95%, 7, 0, 1, 1384.17
1639523617, 0, 707, 911, 836, 29, 0.95%, 9, 0, 1, 1379.62
1639523622, 0, 777, 911, 827, 20, 0.95%, 9, 0, 1, 1395.44
1639523627, 0, 868, 911, 816, 9, 0.95%, 9, 0, 1, 1401.70
1639523633, 1, 3, 911, 807, 0, 0.95%, 10, 0, 1, 1417.49
1639523638, 1, 45, 911, 799, 0, 0.95%, 10, 0, 1, 1394.80
1639523643, 1, 65, 911, 795, 0, 0.95%, 11, 0, 1, 1411.03
1639523648, 1, 103, 911, 789, 0, 0.95%, 11, 0, 1, 1407.86
1639523653, 1, 638, 911, 779, 0, 0.95%, 12, 0, 1, 1405.81
1639523658, 1, 665, 911, 771, 0, 0.95%, 12, 0, 1, 1387.98
1639523663, 1, 702, 911, 764, 0, 0.95%, 12, 0, 1, 1450.34
1639523668, 1, 728, 911, 761, 0, 0.95%, 12, 0, 1, 1441.81
1639523674, 1, 760, 911, 755, 0, 0.95%, 12, 0, 1, 1425.24
1639523679, 1, 781, 911, 750, 0, 0.95%, 14, 0, 1, 1415.13
1639523684, 1, 798, 911, 745, 0, 0.95%, 14, 0, 1, 1418.59
1639523689, 1, 824, 911, 741, 0, 0.95%, 14, 0, 1, 1416.42
1639523694, 1, 848, 911, 734, 0, 0.95%, 14, 0, 1, 1432.47
1639523699, 1, 868, 911, 727, 0, 0.95%, 14, 0, 1, 1431.73
1639523704, 1, 883, 912, 724, 0, 0.96%, 14, 0, 2, 1450.68
1639523709, 2, 59, 912, 718, 1, 0.96%, 16, 0, 2, 1465.71
1639523715, 2, 550, 912, 711, 0, 0.96%, 16, 0, 2, 1460.47
1639523720, 2, 580, 912, 702, 0, 0.96%, 16, 0, 2, 1412.00
1639523725, 2, 606, 912, 696, 0, 0.96%, 16, 0, 2, 1388.61
1639523730, 2, 624, 912, 690, 0, 0.96%, 16, 0, 2, 1391.10
1639523735, 2, 678, 912, 686, 0, 0.96%, 16, 0, 2, 1416.96
1639523740, 2, 698, 912, 681, 0, 0.96%, 16, 0, 2, 1436.46
1639523745, 2, 710, 912, 677, 0, 0.96%, 16, 0, 2, 1420.86
1639523750, 2, 739, 912, 673, 0, 0.96%, 17, 0, 2, 1403.45
1639523755, 2, 764, 912, 667, 0, 0.96%, 17, 0, 2, 1405.71
1639523760, 2, 789, 912, 661, 0, 0.96%, 17, 0, 2, 1420.52
1639523766, 2, 806, 912, 655, 0, 0.96%, 17, 0, 2, 1418.06
1639523771, 2, 860, 912, 649, 0, 0.96%, 18, 0, 2, 1408.18
1639523776, 2, 887, 912, 643, 0, 0.96%, 18, 0, 2, 1431.75
1639523781, 3, 18, 912, 640, 0, 0.96%, 18, 0, 2, 1387.08
1639523786, 3, 45, 912, 634, 0, 0.96%, 18, 0, 2, 1415.86
1639523792, 3, 81, 912, 632, 0, 0.96%, 19, 0, 2, 1393.95
1639523797, 3, 103, 912, 625, 0, 0.96%, 19, 0, 2, 1403.78
1639523802, 3, 144, 912, 618, 0, 0.96%, 20, 0, 2, 1387.24
1639523807, 3, 195, 912, 613, 0, 0.96%, 20, 0, 2, 1374.67
1639523812, 3, 241, 912, 607, 0, 0.96%, 20, 0, 2, 1381.73
1639523817, 3, 255, 912, 602, 0, 0.96%, 20, 0, 2, 1320.01
1639523822, 3, 270, 912, 597, 0, 0.96%, 20, 0, 2, 1274.04
1639523828, 3, 297, 912, 591, 0, 0.96%, 20, 0, 2, 1265.10
1639523833, 3, 330, 912, 585, 0, 0.96%, 20, 0, 2, 1271.71
1639523838, 3, 367, 912, 580, 0, 0.96%, 20, 0, 2, 1297.02
1639523843, 3, 395, 912, 574, 0, 0.96%, 20, 0, 2, 1316.17
1639523848, 3, 417, 912, 567, 0, 0.96%, 20, 0, 2, 1284.59
1639523853, 3, 438, 912, 562, 0, 0.96%, 20, 0, 2, 1298.38
1639523858, 3, 454, 912, 556, 0, 0.96%, 20, 0, 2, 1297.87
1639523863, 3, 490, 912, 548, 0, 0.96%, 20, 0, 2, 1246.34
1639523868, 3, 519, 912, 544, 0, 0.96%, 20, 0, 2, 1168.60
