# unix_time, cycles_done, cur_path, paths_total, pending_total, pending_favs, map_size, unique_crashes, unique_hangs, max_depth, execs_per_sec
1639451052, 0, 0, 1, 1, 1, 0.12%, 0, 0, 1, 1600.00
1639451057, 0, 0, 76, 76, 1, 0.42%, 3, 0, 2, 1443.67
1639451062, 0, 22, 105, 97, 34, 0.46%, 5, 0, 3, 1425.09
1639451067, 0, 39, 131, 114, 32, 0.51%, 5, 0, 3, 1413.04
1639451072, 0, 65, 139, 112, 22, 0.51%, 6, 0, 3, 1420.61
1639451077, 0, 69, 147, 117, 20, 0.53%, 6, 0, 3, 1425.68
1639451082, 0, 94, 151, 114, 17, 0.53%, 6, 0, 4, 1400.77
1639451087, 0, 117, 159, 116, 13, 0.54%, 6, 0, 4, 1405.64
1639451092, 0, 134, 165, 117, 10, 0.54%, 7, 0, 4, 1425.49
1639451097, 0, 147, 175, 122, 7, 0.54%, 7, 0, 5, 1446.96
1639451102, 0, 147, 189, 136, 7, 0.58%, 9, 0, 5, 1395.85
1639451107, 0, 163, 205, 148, 12, 0.58%, 9, 0, 5, 1431.20
1639451112, 0, 170, 213, 154, 11, 0.65%, 10, 0, 5, 1442.87
1639451117, 0, 178, 219, 158, 14, 0.65%, 10, 0, 6, 1432.84
1639451122, 0, 182, 235, 173, 21, 0.70%, 10, 0, 6, 1413.47
1639451128, 0, 190, 240, 176, 19, 0.70%, 10, 0, 6, 1418.86
1639451133, 0, 197, 248, 183, 18, 0.70%, 10, 0, 6, 1314.20
1639451138, 0, 198, 250, 184, 17, 0.70%, 10, 0, 6, 1421.24
1639451143, 0, 210, 253, 184, 15, 0.70%, 11, 0, 6, 1424.30
1639451148, 0, 212, 259, 188, 14, 0.70%, 12, 0, 6, 1460.38
1639451153, 0, 213, 259, 187, 16, 0.70%, 12, 0, 6, 1444.83
1639451158, 0, 221, 259, 183, 12, 0.70%, 12, 0, 6, 1443.16
1639451163, 0, 225, 263, 184, 9, 0.71%, 12, 0, 7, 1437.72
1639451168, 0, 233, 264, 182, 8, 0.71%, 12, 0, 7, 1428.77
1639451174, 0, 254, 266, 181, 6, 0.71%, 12, 0, 7, 1411.75
1639451179, 0, 258, 266, 178, 3, 0.71%, 13, 0, 7, 1366.81
1639451184, 0, 266, 272, 181, 2, 0.71%, 13, 0, 8, 1852.16
1639451189, 1, 16, 275, 179, 0, 0.71%, 13, 0, 9, 1813.08
1639451194, 1, 48, 275, 176, 0, 0.71%, 13, 0, 9, 1457.55
1639451199, 1, 80, 275, 174, 0, 0.71%, 13, 0, 9, 1400.31
1639451204, 1, 107, 276, 170, 0, 0.71%, 13, 0, 9, 1430.34
1639451210, 1, 158, 277, 166, 1, 0.72%, 13, 0, 9, 1434.85
1639451215, 2, 37, 277, 163, 0, 0.72%, 13, 0, 9, 1465.40
1639451220, 2, 65, 277, 161, 0, 0.72%, 13, 0, 9, 1448.21
1639451225, 2, 88, 277, 157, 0, 0.72%, 13, 0, 9, 1418.44
1639451230, 2, 119, 278, 156, 0, 0.72%, 13, 0, 9, 1416.26
1639451235, 2, 144, 278, 151, 0, 0.72%, 13, 0, 9, 1419.42
1639451241, 2, 157, 279, 149, 0, 0.72%, 13, 0, 9, 1409.70
1639451246, 2, 163, 279, 147, 0, 0.72%, 13, 0, 9, 1424.66
1639451251, 2, 178, 280, 147, 0, 0.72%, 13, 0, 9, 1427.85
1639451256, 2, 209, 283, 149, 1, 0.72%, 13, 0, 9, 1424.42
1639451261, 3, 36, 283, 145, 0, 0.72%, 13, 0, 9, 1440.40
1639451266, 3, 56, 284, 143, 0, 0.72%, 13, 0, 9, 1454.80
1639451271, 3, 76, 286, 140, 0, 0.72%, 13, 0, 9, 1445.01
1639451276, 3, 111, 286, 137, 0, 0.72%, 13, 0, 9, 1450.56
1639451282, 3, 141, 288, 135, 0, 0.72%, 13, 0, 9, 1435.86
1639451287, 3, 157, 289, 135, 0, 0.72%, 13, 0, 9, 1431.65
1639451292, 3, 171, 289, 133, 0, 0.72%, 13, 0, 9, 1440.14
1639451297, 3, 182, 289, 131, 0, 0.72%, 13, 0, 9, 1442.41
1639451302, 3, 190, 289, 129, 0, 0.72%, 13, 0, 9, 1445.26
1639451307, 3, 197, 289, 126, 0, 0.72%, 13, 0, 9, 1450.41
1639451312, 3, 200, 289, 125, 0, 0.72%, 13, 0, 9, 1417.32
1639451317, 3, 206, 289, 122, 0, 0.72%, 13, 0, 9, 1442.39
1639451322, 3, 213, 289, 121, 0, 0.72%, 13, 0, 9, 1455.18
1639451327, 3, 289, 293, 123, 1, 0.76%, 13, 0, 9, 1469.98
1639451332, 3, 290, 298, 127, 5, 0.77%, 13, 0, 9, 1459.53
1639451342, 3, 291, 298, 126, 7, 0.77%, 13, 0, 9, 1421.13
1639451347, 3, 293, 299, 125, 5, 0.77%, 13, 0, 9, 1437.61
