# unix_time, cycles_done, cur_path, paths_total, pending_total, pending_favs, map_size, unique_crashes, unique_hangs, max_depth, execs_per_sec
1639437781, 0, 0, 1, 1, 1, 0.12%, 0, 0, 1, 1142.86
1639437787, 0, 0, 78, 78, 1, 0.45%, 3, 0, 2, 1321.59
1639437792, 0, 6, 95, 93, 36, 0.49%, 4, 0, 3, 1363.13
1639437797, 0, 11, 119, 114, 41, 0.51%, 4, 0, 3, 1380.67
1639437802, 0, 21, 127, 119, 39, 0.51%, 4, 0, 3, 1420.08
1639437807, 0, 39, 142, 124, 29, 0.53%, 6, 0, 3, 1428.32
1639437812, 0, 45, 150, 128, 26, 0.53%, 8, 0, 3, 1440.09
1639437817, 0, 82, 157, 125, 17, 0.53%, 10, 0, 3, 1447.77
1639437822, 0, 92, 165, 130, 14, 0.54%, 10, 0, 4, 1426.09
1639437827, 0, 114, 174, 133, 13, 0.55%, 11, 0, 4, 1431.10
1639437833, 0, 139, 182, 137, 9, 0.57%, 12, 0, 4, 1382.56
1639437838, 0, 158, 192, 144, 15, 0.59%, 12, 0, 4, 1433.17
1639437843, 0, 164, 200, 150, 13, 0.59%, 12, 0, 5, 1449.48
1639437848, 0, 173, 201, 149, 12, 0.59%, 12, 0, 5, 1464.72
1639437853, 0, 177, 208, 155, 11, 0.63%, 12, 0, 5, 1429.06
1639437858, 0, 180, 212, 157, 14, 0.63%, 12, 0, 5, 1422.76
1639437863, 0, 186, 215, 157, 12, 0.64%, 12, 0, 5, 1426.34
1639437868, 0, 187, 220, 161, 12, 0.64%, 13, 0, 5, 1394.55
1639437873, 0, 200, 225, 164, 12, 0.65%, 15, 0, 6, 1451.76
1639437878, 0, 203, 233, 170, 14, 0.65%, 15, 0, 6, 1441.03
1639437884, 0, 207, 235, 169, 12, 0.65%, 15, 0, 6, 1425.75
1639437889, 0, 219, 240, 171, 10, 0.66%, 15, 0, 6, 1418.99
1639437894, 0, 221, 244, 174, 10, 0.66%, 16, 0, 6, 1411.80
1639437899, 0, 227, 244, 171, 8, 0.66%, 16, 0, 6, 1435.18
1639437904, 0, 240, 250, 173, 6, 0.67%, 16, 0, 7, 1395.21
1639437909, 0, 243, 250, 172, 5, 0.67%, 17, 0, 7, 1433.83
1639437914, 1, 34, 252, 170, 1, 0.67%, 17, 0, 8, 1442.50
1639437919, 1, 58, 253, 169, 0, 0.67%, 17, 0, 8, 1449.27
1639437924, 1, 82, 253, 164, 0, 0.67%, 17, 0, 8, 1479.65
1639437929, 1, 253, 258, 167, 1, 0.67%, 17, 0, 8, 1460.63
1639437934, 1, 260, 262, 169, 0, 0.67%, 17, 0, 8, 1458.92
1639437939, 1, 261, 263, 169, 1, 0.67%, 17, 0, 8, 1428.39
1639437944, 2, 12, 263, 165, 0, 0.67%, 17, 0, 8, 1434.29
1639437950, 2, 43, 266, 166, 0, 0.67%, 17, 0, 8, 1431.34
1639437955, 2, 60, 266, 163, 0, 0.67%, 17, 0, 8, 1460.00
1639437960, 2, 91, 266, 158, 0, 0.67%, 17, 0, 8, 1459.56
1639437965, 2, 199, 267, 153, 1, 0.67%, 17, 0, 8, 1441.35
1639437970, 2, 266, 270, 153, 1, 0.67%, 17, 0, 8, 1445.51
1639437975, 3, 19, 270, 148, 0, 0.67%, 17, 0, 8, 1461.94
1639437980, 3, 45, 270, 146, 0, 0.67%, 17, 0, 8, 1452.99
1639437985, 3, 58, 274, 146, 0, 0.67%, 17, 0, 8, 1450.11
1639437990, 3, 80, 274, 142, 0, 0.67%, 18, 0, 8, 1457.76
1639437996, 3, 114, 274, 139, 0, 0.67%, 18, 0, 8, 1424.01
1639438001, 3, 140, 276, 136, 0, 0.67%, 19, 0, 8, 1419.72
1639438006, 3, 160, 276, 132, 0, 0.67%, 19, 0, 8, 1435.13
1639438011, 3, 177, 276, 132, 0, 0.67%, 19, 0, 8, 1440.21
1639438016, 3, 183, 277, 132, 0, 0.67%, 19, 0, 8, 1450.15
1639438021, 3, 197, 277, 129, 0, 0.67%, 19, 0, 8, 1475.00
1639438026, 3, 204, 277, 128, 0, 0.67%, 19, 0, 8, 1444.30
1639438031, 3, 212, 279, 130, 0, 0.67%, 19, 0, 8, 1437.43
1639438036, 3, 215, 282, 132, 0, 0.67%, 19, 0, 8, 1437.93
1639438041, 3, 219, 283, 130, 0, 0.67%, 19, 0, 8, 1454.49
1639438046, 3, 255, 284, 130, 1, 0.67%, 19, 0, 8, 1488.88
1639438052, 4, 43, 284, 128, 0, 0.67%, 19, 0, 8, 1875.72
1639438057, 4, 69, 284, 127, 0, 0.67%, 19, 0, 8, 1483.61
1639438062, 4, 98, 285, 126, 0, 0.67%, 19, 0, 8, 1452.36
1639438067, 4, 119, 287, 124, 0, 0.67%, 19, 0, 8, 1473.39
1639438072, 4, 140, 287, 117, 0, 0.67%, 19, 0, 8, 1422.48
1639438077, 4, 160, 287, 113, 0, 0.67%, 19, 0, 8, 1450.61
