# unix_time, cycles_done, cur_path, paths_total, pending_total, pending_favs, map_size, unique_crashes, unique_hangs, max_depth, execs_per_sec
1639435068, 0, 0, 1, 1, 1, 0.12%, 0, 0, 1, 1333.33
1639435073, 0, 0, 75, 75, 1, 0.44%, 3, 0, 2, 1394.58
1639435078, 0, 2, 97, 96, 39, 0.47%, 5, 0, 3, 1407.89
1639435084, 0, 9, 113, 108, 41, 0.48%, 6, 0, 3, 1422.13
1639435089, 0, 28, 130, 114, 30, 0.51%, 6, 0, 3, 1398.39
1639435094, 0, 56, 134, 109, 21, 0.51%, 6, 0, 3, 1445.45
1639435099, 0, 83, 151, 117, 17, 0.53%, 6, 0, 3, 1414.08
1639435104, 0, 113, 162, 123, 14, 0.54%, 6, 0, 4, 1435.98
1639435109, 0, 129, 185, 142, 13, 0.55%, 6, 0, 4, 1432.27
1639435114, 0, 151, 192, 141, 7, 0.56%, 6, 0, 4, 1689.36
1639435120, 0, 184, 193, 137, 3, 0.56%, 6, 0, 5, 1697.71
1639435125, 0, 192, 199, 141, 1, 0.57%, 6, 0, 6, 1474.96
1639435130, 0, 197, 208, 149, 4, 0.60%, 6, 0, 7, 1426.61
1639435135, 0, 199, 216, 156, 11, 0.63%, 6, 0, 7, 1426.68
1639435140, 0, 205, 218, 155, 8, 0.63%, 7, 0, 8, 1419.73
1639435145, 0, 209, 232, 166, 7, 0.64%, 7, 0, 8, 1441.05
1639435150, 0, 212, 243, 175, 5, 0.64%, 8, 0, 8, 1448.59
1639435155, 0, 224, 248, 178, 4, 0.65%, 8, 0, 9, 1426.64
1639435160, 0, 226, 251, 180, 6, 0.65%, 10, 0, 9, 1401.16
1639435165, 0, 243, 253, 180, 4, 0.65%, 10, 0, 9, 1440.90
1639435170, 0, 243, 258, 185, 4, 0.65%, 10, 0, 9, 1416.86
1639435175, 0, 246, 261, 186, 3, 0.65%, 10, 0, 10, 1428.59
1639435180, 0, 254, 263, 187, 2, 0.65%, 10, 0, 10, 1448.01
1639435185, 1, 206, 264, 186, 0, 0.65%, 10, 0, 10, 1442.05
1639435190, 1, 216, 264, 186, 0, 0.65%, 10, 0, 10, 1407.75
1639435195, 1, 219, 265, 185, 0, 0.65%, 10, 0, 10, 1438.26
1639435200, 1, 223, 267, 184, 0, 0.65%, 10, 0, 10, 1423.21
1639435205, 1, 226, 267, 183, 0, 0.65%, 10, 0, 10, 1439.04
1639435211, 1, 236, 268, 182, 0, 0.65%, 10, 0, 10, 1427.36
1639435216, 1, 245, 268, 181, 0, 0.65%, 10, 0, 10, 1432.94
1639435221, 1, 252, 272, 185, 0, 0.65%, 10, 0, 10, 1419.43
1639435226, 1, 256, 274, 186, 0, 0.65%, 10, 0, 10, 1439.66
1639435231, 1, 263, 274, 184, 0, 0.65%, 10, 0, 10, 1420.13
1639435236, 1, 263, 275, 185, 0, 0.65%, 10, 0, 10, 1434.95
1639435241, 1, 274, 277, 186, 1, 0.65%, 10, 0, 10, 1438.68
1639435246, 1, 275, 277, 185, 2, 0.65%, 10, 0, 10, 1446.13
1639435251, 1, 276, 277, 184, 1, 0.65%, 10, 0, 10, 1403.71
1639435256, 2, 19, 277, 180, 0, 0.65%, 10, 0, 10, 1428.88
1639435261, 2, 252, 279, 180, 1, 0.66%, 10, 0, 10, 1409.18
1639435266, 2, 278, 282, 182, 1, 0.67%, 10, 0, 11, 1447.69
1639435271, 2, 281, 285, 184, 2, 0.67%, 10, 0, 12, 1447.45
1639435276, 2, 282, 288, 186, 2, 0.67%, 10, 0, 12, 1419.06
1639435281, 2, 284, 289, 186, 2, 0.68%, 10, 0, 12, 1405.43
1639435286, 2, 288, 293, 189, 1, 0.69%, 10, 0, 13, 1446.38
1639435291, 2, 290, 296, 191, 5, 0.72%, 10, 0, 14, 1423.36
1639435296, 2, 291, 297, 191, 4, 0.72%, 10, 0, 14, 1412.37
1639435301, 2, 292, 300, 193, 4, 0.72%, 10, 0, 14, 1422.81
1639435306, 2, 296, 301, 192, 4, 0.72%, 10, 0, 14, 1426.47
1639435311, 2, 296, 302, 193, 4, 0.72%, 10, 0, 15, 1415.37
1639435316, 2, 297, 302, 192, 3, 0.72%, 10, 0, 15, 1438.89
1639435321, 2, 299, 302, 191, 2, 0.72%, 10, 0, 15, 1421.41
1639435327, 2, 300, 303, 191, 1, 0.72%, 10, 0, 15, 1424.55
1639435332, 3, 9, 305, 189, 0, 0.72%, 10, 0, 15, 1428.61
1639435337, 3, 29, 306, 189, 0, 0.72%, 10, 0, 15, 1442.12
1639435342, 3, 306, 308, 187, 1, 0.73%, 10, 0, 15, 1442.28
1639435347, 4, 308, 310, 187, 1, 0.73%, 10, 0, 15, 1441.00
1639435352, 5, 7, 310, 185, 0, 0.73%, 10, 0, 15, 1432.07
1639435357, 5, 310, 312, 187, 1, 0.73%, 11, 0, 15, 1442.18
1639435362, 6, 18, 313, 187, 0, 0.73%, 11, 0, 15, 1440.71
1639435367, 6, 48, 313, 184, 0, 0.73%, 11, 0, 15, 1438.56
