# unix_time, cycles_done, cur_path, paths_total, pending_total, pending_favs, map_size, unique_crashes, unique_hangs, max_depth, execs_per_sec
1639447433, 0, 0, 1, 1, 1, 0.12%, 0, 0, 1, 1600.00
1639447438, 0, 0, 76, 76, 1, 0.44%, 3, 0, 2, 1432.82
1639447443, 0, 7, 104, 101, 37, 0.48%, 5, 0, 3, 1427.94
1639447448, 0, 10, 117, 112, 39, 0.48%, 6, 0, 3, 1398.90
1639447453, 0, 27, 132, 120, 32, 0.52%, 9, 0, 3, 1358.76
1639447458, 0, 31, 148, 132, 32, 0.56%, 10, 0, 3, 1342.54
1639447463, 0, 49, 156, 132, 24, 0.56%, 10, 0, 3, 1398.77
1639447468, 0, 82, 170, 138, 20, 0.58%, 11, 0, 3, 1397.93
1639447473, 0, 97, 173, 135, 15, 0.58%, 11, 0, 4, 1385.28
1639447478, 0, 143, 184, 141, 14, 0.61%, 12, 0, 4, 1102.44
1639447484, 0, 148, 191, 145, 11, 0.61%, 12, 0, 4, 1350.08
1639447489, 0, 165, 194, 144, 12, 0.62%, 12, 0, 4, 1397.33
1639447494, 0, 174, 202, 149, 10, 0.64%, 12, 0, 5, 2122.98
1639447499, 0, 186, 205, 147, 10, 0.64%, 12, 0, 5, 1665.24
1639447504, 0, 189, 212, 151, 9, 0.64%, 12, 0, 5, 1407.44
1639447509, 0, 197, 213, 148, 7, 0.64%, 12, 0, 6, 1402.60
1639447514, 0, 201, 221, 152, 7, 0.66%, 12, 0, 6, 1384.08
1639447520, 0, 206, 225, 155, 8, 0.66%, 12, 0, 6, 1399.40
1639447525, 0, 211, 230, 159, 7, 0.66%, 12, 0, 6, 1402.15
1639447530, 0, 214, 233, 160, 5, 0.67%, 12, 0, 7, 1413.65
1639447535, 0, 218, 236, 160, 3, 0.67%, 13, 0, 7, 1420.61
1639447540, 0, 235, 241, 162, 1, 0.67%, 14, 0, 8, 1382.26
1639447545, 0, 239, 248, 168, 3, 0.68%, 14, 0, 9, 1389.83
1639447550, 0, 239, 253, 173, 3, 0.68%, 14, 0, 9, 1391.79
1639447555, 0, 240, 257, 176, 4, 0.69%, 14, 0, 9, 1392.82
1639447560, 0, 244, 263, 181, 4, 0.69%, 14, 0, 9, 1365.27
1639447565, 0, 247, 263, 179, 3, 0.69%, 14, 0, 9, 1406.52
1639447570, 0, 261, 264, 178, 1, 0.69%, 14, 0, 10, 1415.44
1639447575, 1, 25, 266, 176, 0, 0.69%, 14, 0, 10, 1421.35
1639447581, 1, 53, 267, 175, 0, 0.69%, 14, 0, 10, 1397.52
1639447586, 1, 85, 269, 173, 0, 0.69%, 14, 0, 10, 1394.62
1639447591, 2, 8, 269, 171, 0, 0.69%, 14, 0, 10, 1367.14
1639447596, 2, 84, 270, 171, 1, 0.69%, 14, 0, 10, 1396.65
1639447601, 2, 260, 271, 169, 1, 0.69%, 14, 0, 10, 1398.52
1639447606, 3, 23, 273, 169, 0, 0.69%, 14, 0, 10, 1397.79
1639447611, 3, 48, 274, 169, 0, 0.69%, 14, 0, 10, 1406.95
1639447616, 3, 75, 274, 165, 0, 0.69%, 15, 0, 10, 1407.58
1639447621, 3, 93, 276, 165, 0, 0.69%, 15, 0, 10, 1392.97
1639447626, 3, 113, 276, 162, 0, 0.69%, 15, 0, 10, 1382.87
1639447632, 3, 196, 277, 157, 1, 0.70%, 15, 0, 10, 1364.12
1639447637, 3, 277, 278, 156, 1, 0.70%, 15, 0, 10, 1380.52
1639447642, 4, 25, 278, 151, 0, 0.70%, 15, 0, 10, 1425.93
1639447647, 4, 49, 278, 148, 0, 0.70%, 15, 0, 10, 1419.07
1639447652, 4, 74, 278, 145, 0, 0.70%, 15, 0, 10, 1398.28
1639447657, 4, 87, 279, 143, 0, 0.70%, 15, 0, 10, 1399.49
1639447662, 4, 104, 280, 143, 0, 0.70%, 15, 0, 10, 1363.07
1639447667, 4, 129, 281, 138, 0, 0.70%, 15, 0, 10, 1386.02
1639447672, 4, 150, 282, 135, 0, 0.70%, 15, 0, 10, 1405.67
1639447678, 4, 167, 282, 129, 0, 0.70%, 15, 0, 10, 1411.03
1639447683, 4, 179, 283, 128, 0, 0.70%, 15, 0, 10, 1412.40
1639447688, 4, 181, 283, 128, 0, 0.70%, 15, 0, 10, 1389.58
1639447693, 4, 197, 283, 126, 0, 0.70%, 15, 0, 10, 1390.62
1639447698, 4, 213, 283, 125, 0, 0.70%, 15, 0, 10, 1369.38
1639447703, 4, 221, 283, 125, 0, 0.70%, 15, 0, 10, 1411.19
1639447708, 4, 237, 286, 126, 0, 0.70%, 15, 0, 10, 1420.91
1639447713, 4, 240, 286, 125, 0, 0.70%, 15, 0, 10, 1411.57
1639447718, 4, 255, 288, 127, 0, 0.70%, 15, 0, 10, 1399.90
1639447724, 4, 260, 289, 127, 0, 0.70%, 15, 0, 10, 1383.35
1639447729, 4, 264, 290, 127, 0, 0.70%, 15, 0, 11, 1392.18
