# unix_time, cycles_done, cur_path, paths_total, pending_total, pending_favs, map_size, unique_crashes, unique_hangs, max_depth, execs_per_sec
1639433260, 0, 0, 1, 1, 1, 0.12%, 0, 0, 1, 615.38
1639433265, 0, 10, 96, 92, 33, 0.47%, 4, 0, 3, 2227.25
1639433270, 0, 35, 119, 104, 31, 0.50%, 6, 0, 3, 2561.32
1639433275, 0, 78, 147, 114, 17, 0.51%, 8, 0, 3, 2601.05
1639433280, 0, 99, 166, 128, 14, 0.53%, 9, 0, 4, 2671.57
1639433285, 0, 148, 187, 140, 11, 0.55%, 10, 0, 4, 2744.42
1639433290, 0, 158, 190, 139, 8, 0.55%, 11, 0, 5, 2770.36
1639433296, 0, 177, 211, 155, 12, 0.58%, 11, 0, 5, 2774.66
1639433301, 0, 199, 223, 161, 8, 0.59%, 11, 0, 6, 2812.97
1639433306, 0, 202, 226, 162, 6, 0.59%, 11, 0, 6, 1746.29
1639433311, 0, 205, 232, 167, 5, 0.60%, 11, 0, 6, 1494.90
1639433316, 0, 218, 235, 166, 5, 0.61%, 11, 0, 6, 1448.34
1639433321, 0, 236, 240, 165, 3, 0.64%, 11, 0, 8, 1441.30
1639433326, 0, 240, 247, 169, 1, 0.65%, 11, 0, 9, 1445.84
1639433331, 0, 243, 252, 173, 4, 0.66%, 11, 0, 10, 1420.26
1639433336, 0, 243, 258, 179, 4, 0.66%, 11, 0, 10, 1375.86
1639433341, 0, 251, 261, 179, 3, 0.69%, 11, 0, 11, 1408.32
1639433346, 0, 259, 276, 192, 4, 0.71%, 11, 0, 12, 1393.57
1639433351, 0, 266, 279, 192, 11, 0.72%, 11, 0, 12, 1425.46
1639433356, 0, 270, 281, 190, 7, 0.72%, 11, 0, 13, 1439.55
1639433362, 0, 276, 282, 187, 3, 0.72%, 11, 0, 13, 1437.01
1639433367, 0, 283, 290, 193, 2, 0.72%, 11, 0, 14, 1445.14
1639433372, 1, 253, 291, 189, 1, 0.72%, 11, 0, 14, 1437.11
1639433377, 1, 268, 291, 188, 0, 0.72%, 11, 0, 14, 1459.20
1639433382, 1, 273, 292, 189, 0, 0.72%, 11, 0, 14, 1450.50
1639433387, 1, 292, 293, 188, 1, 0.72%, 11, 0, 14, 1444.64
1639433392, 1, 292, 296, 191, 1, 0.72%, 11, 0, 14, 1464.69
1639433397, 1, 293, 299, 193, 1, 0.72%, 11, 0, 15, 1440.76
1639433402, 1, 294, 299, 192, 0, 0.72%, 11, 0, 15, 1453.49
1639433408, 2, 18, 301, 189, 0, 0.72%, 11, 0, 15, 1455.52
1639433413, 2, 54, 302, 185, 0, 0.72%, 11, 0, 15, 1461.18
1639433418, 2, 86, 304, 185, 0, 0.72%, 11, 0, 15, 1457.58
1639433423, 2, 175, 307, 183, 1, 0.73%, 11, 0, 15, 1437.47
1639433428, 2, 305, 308, 181, 1, 0.73%, 11, 0, 15, 1456.21
1639433433, 2, 307, 308, 179, 0, 0.73%, 11, 0, 15, 1441.84
1639433438, 3, 22, 308, 174, 0, 0.73%, 11, 0, 15, 1451.61
1639433443, 3, 58, 309, 172, 0, 0.73%, 11, 0, 15, 1454.88
1639433448, 3, 86, 309, 170, 0, 0.73%, 11, 0, 15, 1447.16
1639433453, 3, 125, 309, 166, 0, 0.73%, 11, 0, 15, 1450.10
1639433459, 3, 310, 313, 163, 1, 0.73%, 11, 0, 15, 1419.29
1639433464, 3, 311, 316, 165, 1, 0.73%, 11, 0, 15, 1428.75
1639433469, 4, 42, 316, 162, 0, 0.73%, 11, 0, 15, 1434.96
1639433474, 4, 278, 320, 164, 1, 0.73%, 11, 0, 15, 1421.39
1639433479, 4, 317, 325, 168, 1, 0.73%, 11, 0, 15, 1437.19
1639433484, 4, 321, 328, 170, 1, 0.73%, 11, 0, 15, 1438.89
1639433489, 4, 322, 329, 170, 0, 0.73%, 11, 0, 15, 1417.51
1639433494, 4, 325, 331, 171, 0, 0.73%, 11, 0, 15, 1421.65
1639433499, 4, 326, 334, 173, 0, 0.73%, 11, 0, 15, 1440.23
1639433510, 4, 328, 336, 174, 0, 0.73%, 11, 0, 15, 1440.18
1639433515, 4, 332, 336, 173, 0, 0.73%, 11, 0, 15, 1442.31
1639433520, 5, 27, 336, 171, 0, 0.73%, 11, 0, 15, 1437.37
1639433525, 5, 58, 337, 170, 0, 0.73%, 11, 0, 15, 1412.21
1639433530, 5, 77, 337, 165, 0, 0.73%, 11, 0, 15, 1436.42
1639433535, 5, 108, 337, 159, 0, 0.73%, 12, 0, 15, 1417.66
1639433540, 5, 149, 337, 155, 0, 0.73%, 12, 0, 15, 1418.30
1639433545, 5, 155, 337, 153, 0, 0.73%, 12, 0, 15, 1408.88
1639433550, 5, 170, 338, 153, 0, 0.73%, 12, 0, 15, 1409.87
1639433555, 5, 179, 339, 151, 0, 0.73%, 12, 0, 15, 1427.47
