# unix_time, cycles_done, cur_path, paths_total, pending_total, pending_favs, map_size, unique_crashes, unique_hangs, max_depth, execs_per_sec
1639472849, 0, 0, 472, 472, 93, 0.85%, 0, 0, 1, 1170.85
1639472854, 0, 28, 472, 462, 84, 0.85%, 4, 0, 1, 1364.44
1639472859, 0, 79, 472, 455, 77, 0.85%, 5, 0, 1, 1388.54
1639472864, 0, 116, 472, 447, 69, 0.85%, 6, 0, 1, 1412.05
1639472869, 0, 170, 474, 442, 63, 0.85%, 6, 0, 2, 1387.20
1639472874, 0, 218, 474, 433, 54, 0.85%, 6, 0, 2, 1419.49
1639472879, 0, 255, 474, 425, 46, 0.85%, 6, 0, 2, 1401.24
1639472884, 0, 298, 474, 415, 37, 0.85%, 6, 0, 2, 1396.11
1639472889, 0, 341, 477, 409, 28, 0.85%, 6, 0, 2, 1388.38
1639472894, 0, 396, 477, 399, 22, 0.85%, 7, 0, 2, 1412.69
1639472899, 0, 425, 477, 389, 12, 0.85%, 7, 0, 2, 1401.03
1639472905, 0, 474, 478, 381, 3, 0.85%, 7, 0, 2, 1397.63
1639472910, 1, 14, 480, 376, 0, 0.85%, 7, 0, 3, 1355.20
1639472915, 1, 28, 480, 373, 0, 0.85%, 7, 0, 3, 1395.82
1639472920, 1, 54, 481, 365, 0, 0.85%, 9, 0, 3, 1419.13
1639472925, 1, 88, 481, 361, 0, 0.85%, 9, 0, 3, 1411.41
1639472930, 1, 105, 481, 358, 0, 0.85%, 9, 0, 3, 1413.29
1639472936, 1, 301, 482, 353, 3, 0.85%, 9, 0, 3, 1426.87
1639472941, 1, 481, 485, 354, 2, 0.85%, 9, 0, 3, 1411.62
1639472946, 1, 483, 489, 357, 4, 0.85%, 9, 0, 4, 1407.06
1639472951, 1, 487, 490, 357, 4, 0.85%, 9, 0, 4, 1408.29
1639472956, 1, 487, 495, 362, 4, 0.85%, 9, 0, 5, 1382.65
1639472961, 1, 489, 496, 362, 3, 0.85%, 9, 0, 5, 1386.39
1639472966, 2, 66, 496, 361, 2, 0.85%, 9, 0, 5, 1403.59
1639472971, 2, 447, 496, 357, 1, 0.85%, 9, 0, 5, 1394.23
1639472976, 2, 468, 497, 350, 0, 0.85%, 9, 0, 5, 1416.27
1639472981, 2, 474, 504, 357, 0, 0.85%, 9, 0, 5, 1374.79
1639472986, 2, 483, 504, 355, 0, 0.85%, 9, 0, 5, 1393.12
1639472991, 2, 486, 505, 355, 0, 0.85%, 9, 0, 5, 1388.31
1639472996, 2, 504, 506, 355, 1, 0.85%, 9, 0, 6, 1389.10
1639473001, 3, 15, 506, 352, 0, 0.85%, 9, 0, 6, 1401.55
1639473006, 3, 255, 507, 351, 1, 0.85%, 9, 0, 6, 1401.78
1639473011, 4, 5, 507, 347, 0, 0.85%, 9, 0, 6, 1404.75
1639473017, 4, 71, 508, 345, 1, 0.86%, 9, 0, 6, 1413.06
1639473022, 4, 507, 508, 342, 1, 0.86%, 9, 0, 6, 1405.79
1639473027, 5, 16, 508, 340, 0, 0.86%, 9, 0, 6, 1412.83
1639473032, 5, 36, 508, 336, 0, 0.86%, 9, 0, 6, 1430.24
1639473037, 5, 66, 509, 333, 0, 0.86%, 9, 0, 6, 1420.89
1639473042, 5, 92, 509, 329, 0, 0.86%, 9, 0, 6, 1430.94
1639473047, 5, 141, 509, 322, 0, 0.86%, 10, 0, 6, 1389.74
1639473052, 5, 171, 509, 316, 0, 0.86%, 10, 0, 6, 1416.11
1639473057, 5, 191, 509, 312, 0, 0.86%, 10, 0, 6, 1429.62
1639473063, 5, 230, 509, 306, 0, 0.86%, 10, 0, 6, 1426.35
1639473068, 5, 252, 509, 303, 0, 0.86%, 10, 0, 6, 1414.50
1639473073, 5, 280, 509, 296, 0, 0.86%, 11, 0, 6, 1427.50
1639473078, 5, 298, 509, 291, 0, 0.86%, 11, 0, 6, 1398.79
1639473083, 5, 333, 509, 286, 0, 0.86%, 11, 0, 6, 1407.64
1639473088, 5, 365, 509, 279, 0, 0.86%, 11, 0, 6, 1366.03
1639473093, 5, 413, 509, 273, 0, 0.86%, 11, 0, 6, 1392.49
1639473099, 5, 433, 511, 273, 0, 0.86%, 11, 0, 6, 1418.27
1639473104, 5, 461, 511, 269, 0, 0.86%, 11, 0, 6, 1413.08
1639473109, 5, 481, 511, 263, 0, 0.86%, 11, 0, 6, 1398.33
1639473114, 5, 490, 511, 263, 0, 0.86%, 11, 0, 6, 1664.64
1639473119, 5, 494, 511, 262, 0, 0.86%, 11, 0, 6, 1503.73
1639473124, 5, 504, 511, 260, 0, 0.86%, 11, 0, 6, 1400.79
1639473129, 6, 2, 511, 260, 0, 0.86%, 11, 0, 6, 1396.28
1639473134, 6, 37, 511, 259, 0, 0.86%, 11, 0, 6, 1402.19
1639473139, 6, 60, 511, 255, 0, 0.86%, 11, 0, 6, 1354.24
1639473144, 6, 79, 512, 252, 0, 0.86%, 11, 0, 6, 1381.15
