# unix_time, cycles_done, cur_path, paths_total, pending_total, pending_favs, map_size, unique_crashes, unique_hangs, max_depth, execs_per_sec
1639588532, 0, 0, 441, 441, 89, 0.80%, 0, 0, 1, 865.55
1639588537, 0, 15, 442, 437, 84, 0.80%, 4, 0, 2, 1004.57
1639588542, 0, 30, 442, 431, 78, 0.80%, 4, 0, 2, 1049.66
1639588547, 0, 54, 442, 425, 72, 0.80%, 6, 0, 2, 1054.82
1639588552, 0, 108, 442, 415, 62, 0.80%, 6, 0, 2, 1085.12
1639588557, 0, 130, 442, 407, 54, 0.80%, 6, 0, 2, 1124.64
1639588562, 0, 182, 444, 402, 50, 0.80%, 6, 0, 2, 1207.98
1639588567, 0, 216, 444, 393, 41, 0.80%, 6, 0, 2, 1290.51
1639588572, 0, 260, 444, 382, 30, 0.80%, 7, 0, 2, 1302.86
1639588577, 0, 304, 444, 372, 22, 0.80%, 7, 0, 2, 1314.00
1639588582, 0, 352, 444, 362, 13, 0.80%, 8, 0, 2, 1277.62
1639588587, 0, 413, 444, 354, 6, 0.80%, 8, 0, 2, 1325.45
1639588592, 0, 443, 449, 354, 1, 0.80%, 8, 0, 3, 1257.95
1639588598, 0, 445, 451, 354, 0, 0.80%, 8, 0, 3, 1249.61
1639588603, 1, 3, 453, 354, 0, 0.80%, 8, 0, 4, 1249.26
1639588608, 1, 20, 454, 352, 0, 0.80%, 8, 0, 4, 1286.89
1639588613, 1, 43, 454, 349, 0, 0.80%, 8, 0, 4, 1288.08
1639588618, 1, 65, 454, 346, 0, 0.80%, 8, 0, 4, 1315.40
1639588623, 1, 100, 454, 342, 0, 0.80%, 9, 0, 4, 1226.86
1639588628, 1, 121, 454, 337, 0, 0.80%, 9, 0, 4, 1261.75
1639588633, 1, 143, 454, 332, 0, 0.80%, 9, 0, 4, 1267.71
1639588639, 1, 175, 454, 323, 0, 0.80%, 9, 0, 4, 1224.70
1639588644, 1, 188, 454, 322, 0, 0.80%, 9, 0, 4, 1201.43
1639588649, 1, 209, 454, 319, 0, 0.80%, 9, 0, 4, 1142.36
1639588654, 1, 219, 454, 315, 0, 0.80%, 9, 0, 4, 1032.00
1639588659, 1, 244, 454, 312, 0, 0.80%, 9, 0, 4, 1029.78
1639588664, 1, 260, 454, 307, 0, 0.80%, 11, 0, 4, 1077.74
1639588670, 1, 270, 455, 305, 0, 0.80%, 11, 0, 4, 1110.43
1639588675, 1, 292, 455, 300, 0, 0.80%, 11, 0, 4, 1147.70
1639588680, 1, 310, 455, 294, 0, 0.80%, 11, 0, 4, 1153.86
1639588685, 1, 336, 455, 288, 0, 0.80%, 11, 0, 4, 1205.66
1639588690, 1, 457, 458, 288, 1, 0.81%, 11, 0, 4, 1197.84
1639588695, 2, 1, 458, 287, 0, 0.81%, 11, 0, 4, 1091.01
1639588700, 2, 16, 458, 286, 0, 0.81%, 11, 0, 4, 1031.65
1639588705, 2, 30, 458, 283, 0, 0.81%, 11, 0, 4, 1071.72
1639588710, 2, 53, 458, 280, 0, 0.81%, 11, 0, 4, 1107.66
1639588715, 2, 75, 458, 274, 0, 0.81%, 11, 0, 4, 1140.75
1639588720, 2, 93, 459, 273, 0, 0.81%, 11, 0, 4, 1113.97
1639588726, 2, 111, 459, 268, 0, 0.81%, 11, 0, 4, 1176.39
1639588731, 2, 140, 459, 266, 0, 0.81%, 11, 0, 4, 1193.80
1639588736, 2, 175, 459, 259, 0, 0.81%, 11, 0, 4, 1227.00
1639588741, 2, 199, 459, 257, 0, 0.81%, 11, 0, 4, 1231.25
1639588746, 2, 233, 459, 256, 0, 0.81%, 11, 0, 4, 1266.16
1639588751, 2, 258, 459, 253, 0, 0.81%, 11, 0, 4, 1264.19
1639588756, 2, 282, 459, 250, 0, 0.81%, 11, 0, 4, 1269.20
1639588761, 2, 316, 459, 247, 0, 0.81%, 11, 0, 4, 1084.83
1639588766, 2, 345, 459, 243, 0, 0.81%, 11, 0, 4, 1172.48
1639588771, 2, 356, 459, 240, 0, 0.81%, 11, 0, 4, 1095.15
1639588776, 2, 371, 459, 236, 0, 0.81%, 11, 0, 4, 1046.96
1639588781, 2, 391, 459, 230, 0, 0.81%, 11, 0, 4, 1056.81
1639588786, 2, 420, 459, 224, 0, 0.81%, 11, 0, 4, 1088.58
1639588792, 2, 430, 459, 220, 0, 0.81%, 11, 0, 4, 1059.93
1639588797, 2, 454, 459, 219, 0, 0.81%, 11, 0, 4, 1006.87
1639588802, 2, 458, 459, 218, 0, 0.81%, 11, 0, 4, 939.36
1639588807, 3, 10, 459, 216, 0, 0.81%, 11, 0, 4, 937.19
1639588812, 3, 27, 459, 215, 0, 0.81%, 11, 0, 4, 1019.99
1639588817, 3, 52, 459, 213, 0, 0.81%, 11, 0, 4, 1426.68
1639588822, 3, 78, 461, 213, 0, 0.81%, 11, 0, 4, 1310.56
1639588827, 3, 111, 461, 208, 0, 0.81%, 12, 0, 4, 1302.54
