# unix_time, cycles_done, cur_path, paths_total, pending_total, pending_favs, map_size, unique_crashes, unique_hangs, max_depth, execs_per_sec
1639557341, 0, 0, 853, 853, 96, 0.95%, 0, 0, 1, 1261.83
1639557346, 0, 113, 853, 841, 85, 0.95%, 1, 0, 1, 1404.63
1639557351, 0, 151, 853, 836, 80, 0.95%, 2, 0, 1, 1419.24
1639557356, 0, 236, 853, 825, 70, 0.95%, 4, 0, 1, 1453.90
1639557361, 0, 308, 853, 816, 62, 0.95%, 4, 0, 1, 1438.09
1639557366, 0, 378, 853, 805, 51, 0.95%, 5, 0, 1, 1457.70
1639557371, 0, 462, 853, 793, 41, 0.95%, 5, 0, 1, 1457.71
1639557376, 0, 559, 853, 782, 32, 0.95%, 5, 0, 1, 1739.29
1639557381, 0, 695, 853, 771, 21, 0.95%, 5, 0, 1, 1503.07
1639557386, 0, 757, 853, 759, 10, 0.95%, 5, 0, 1, 1455.95
1639557391, 0, 841, 853, 749, 1, 0.95%, 5, 0, 1, 1425.62
1639557396, 1, 42, 853, 741, 0, 0.95%, 5, 0, 1, 1426.93
1639557401, 1, 73, 853, 734, 0, 0.95%, 5, 0, 1, 1446.42
1639557407, 1, 91, 853, 727, 0, 0.95%, 5, 0, 1, 1435.84
1639557412, 1, 115, 853, 722, 0, 0.95%, 6, 0, 1, 1412.64
1639557417, 1, 137, 853, 717, 0, 0.95%, 6, 0, 1, 1449.74
1639557422, 1, 156, 853, 714, 0, 0.95%, 6, 0, 1, 1380.46
1639557427, 1, 185, 853, 708, 0, 0.95%, 6, 0, 1, 1412.67
1639557432, 1, 201, 853, 700, 0, 0.95%, 6, 0, 1, 1424.29
1639557437, 1, 232, 853, 692, 0, 0.95%, 6, 0, 1, 1440.04
1639557442, 1, 248, 853, 684, 0, 0.95%, 7, 0, 1, 1426.82
1639557447, 1, 270, 853, 675, 0, 0.95%, 8, 0, 1, 1430.98
1639557452, 1, 306, 853, 669, 0, 0.95%, 8, 0, 1, 1415.74
1639557457, 1, 327, 853, 663, 0, 0.95%, 9, 0, 1, 1441.11
1639557463, 1, 340, 853, 657, 0, 0.95%, 9, 0, 1, 1421.87
1639557468, 1, 372, 853, 649, 0, 0.95%, 11, 0, 1, 1414.52
1639557473, 1, 394, 853, 642, 0, 0.95%, 11, 0, 1, 1410.35
1639557478, 1, 426, 853, 637, 0, 0.95%, 11, 0, 1, 1434.28
1639557483, 1, 453, 853, 632, 0, 0.95%, 11, 0, 1, 1412.75
1639557488, 1, 465, 853, 628, 0, 0.95%, 11, 0, 1, 1414.44
1639557493, 1, 498, 853, 621, 0, 0.95%, 11, 0, 1, 1411.02
1639557498, 1, 527, 854, 614, 0, 0.95%, 11, 0, 2, 1405.05
1639557503, 1, 560, 854, 611, 0, 0.95%, 11, 0, 2, 1410.73
1639557508, 1, 592, 854, 605, 0, 0.95%, 11, 0, 2, 1438.99
1639557513, 1, 612, 855, 600, 0, 0.95%, 11, 0, 2, 1418.73
1639557519, 1, 646, 855, 592, 0, 0.95%, 11, 0, 2, 1441.05
1639557524, 1, 686, 855, 585, 0, 0.95%, 11, 0, 2, 1447.85
1639557529, 1, 714, 855, 582, 0, 0.95%, 11, 0, 2, 1454.96
1639557534, 1, 736, 855, 577, 0, 0.95%, 11, 0, 2, 1457.47
1639557539, 1, 756, 855, 572, 0, 0.95%, 11, 0, 2, 1465.94
1639557544, 1, 777, 855, 566, 0, 0.95%, 11, 0, 2, 1437.01
1639557549, 1, 803, 855, 560, 0, 0.95%, 11, 0, 2, 1440.93
1639557554, 1, 830, 855, 554, 0, 0.95%, 11, 0, 2, 1444.92
1639557559, 2, 0, 855, 547, 0, 0.95%, 11, 0, 2, 1409.54
1639557565, 2, 50, 855, 541, 0, 0.95%, 11, 0, 2, 1431.41
1639557570, 2, 105, 855, 537, 0, 0.95%, 12, 0, 2, 1385.75
1639557575, 2, 123, 855, 533, 0, 0.95%, 12, 0, 2, 1399.04
1639557580, 2, 140, 855, 530, 0, 0.95%, 12, 0, 2, 1407.11
1639557585, 2, 159, 855, 524, 0, 0.95%, 13, 0, 2, 1435.83
1639557590, 2, 199, 855, 519, 0, 0.95%, 13, 0, 2, 1408.58
1639557595, 2, 230, 855, 514, 0, 0.95%, 13, 0, 2, 1444.18
1639557600, 2, 253, 855, 510, 0, 0.95%, 14, 0, 2, 1403.92
1639557605, 2, 283, 855, 506, 0, 0.95%, 14, 0, 2, 1437.97
1639557610, 2, 314, 855, 500, 0, 0.95%, 14, 0, 2, 1456.70
1639557615, 2, 339, 855, 498, 0, 0.95%, 14, 0, 2, 1457.82
1639557621, 2, 381, 855, 493, 0, 0.95%, 14, 0, 2, 1428.58
1639557626, 2, 419, 855, 485, 0, 0.95%, 14, 0, 2, 1447.30
1639557631, 2, 444, 855, 479, 0, 0.95%, 14, 0, 2, 1433.34
