# unix_time, cycles_done, cur_path, paths_total, pending_total, pending_favs, map_size, unique_crashes, unique_hangs, max_depth, execs_per_sec
1639513640, 0, 0, 1, 1, 1, 0.12%, 0, 0, 1, 1600.00
1639513646, 0, 0, 79, 79, 1, 0.47%, 3, 0, 2, 1465.65
1639513651, 0, 9, 120, 117, 44, 0.52%, 3, 0, 3, 1449.13
1639513656, 0, 10, 136, 132, 42, 0.53%, 3, 0, 3, 1443.38
1639513661, 0, 37, 146, 129, 32, 0.53%, 5, 0, 3, 1430.12
1639513666, 0, 49, 152, 130, 30, 0.54%, 5, 0, 3, 1437.89
1639513671, 0, 58, 167, 140, 26, 0.54%, 5, 0, 3, 1423.23
1639513676, 0, 79, 179, 146, 24, 0.56%, 5, 0, 3, 1414.58
1639513681, 0, 95, 184, 148, 21, 0.56%, 5, 0, 3, 1384.64
1639513686, 0, 100, 191, 152, 18, 0.56%, 5, 0, 3, 1355.09
1639513691, 0, 137, 193, 148, 14, 0.57%, 6, 0, 4, 1342.29
1639513696, 0, 162, 199, 150, 12, 0.57%, 7, 0, 4, 1341.59
1639513701, 0, 185, 214, 159, 12, 0.59%, 7, 0, 4, 1327.63
1639513706, 0, 185, 217, 162, 12, 0.62%, 7, 0, 4, 1294.68
1639513711, 0, 193, 232, 174, 12, 0.63%, 7, 0, 5, 1282.40
1639513716, 0, 201, 245, 184, 18, 0.65%, 10, 0, 5, 1232.58
1639513721, 0, 214, 249, 185, 15, 0.66%, 10, 0, 5, 1264.80
1639513727, 0, 231, 253, 184, 11, 0.66%, 10, 0, 6, 1298.42
1639513732, 0, 231, 255, 186, 11, 0.66%, 10, 0, 6, 1331.47
1639513737, 0, 238, 260, 185, 6, 0.66%, 10, 0, 6, 1343.76
1639513742, 0, 247, 265, 187, 5, 0.66%, 10, 0, 6, 1349.16
1639513747, 0, 258, 267, 187, 3, 0.66%, 10, 0, 7, 1344.69
1639513752, 1, 32, 268, 184, 0, 0.66%, 10, 0, 7, 1358.29
1639513757, 1, 55, 268, 181, 0, 0.66%, 11, 0, 7, 1355.72
1639513762, 1, 69, 268, 177, 0, 0.66%, 11, 0, 7, 1334.72
1639513767, 1, 79, 268, 174, 0, 0.66%, 11, 0, 7, 1297.05
1639513772, 1, 94, 269, 171, 0, 0.66%, 11, 0, 7, 1274.19
1639513777, 1, 109, 269, 168, 0, 0.66%, 11, 0, 7, 1275.02
1639513782, 1, 123, 269, 163, 0, 0.66%, 11, 0, 7, 1323.26
1639513787, 1, 154, 269, 158, 0, 0.66%, 11, 0, 7, 1381.92
1639513793, 1, 192, 270, 156, 0, 0.66%, 11, 0, 7, 1413.01
1639513798, 1, 201, 270, 154, 0, 0.66%, 11, 0, 7, 1408.17
1639513803, 1, 270, 271, 154, 1, 0.66%, 11, 0, 7, 2100.98
1639513808, 2, 18, 271, 148, 0, 0.66%, 11, 0, 7, 1553.38
1639513813, 2, 43, 271, 144, 0, 0.66%, 11, 0, 7, 1387.05
1639513818, 2, 56, 271, 140, 0, 0.66%, 11, 0, 7, 1356.35
1639513823, 3, 8, 272, 138, 0, 0.67%, 11, 0, 7, 1373.93
1639513828, 3, 34, 272, 136, 0, 0.67%, 11, 0, 7, 1345.64
1639513833, 3, 56, 272, 135, 0, 0.67%, 12, 0, 7, 1305.65
1639513838, 3, 264, 273, 134, 1, 0.67%, 13, 0, 7, 1259.81
1639513843, 3, 272, 278, 138, 1, 0.67%, 13, 0, 7, 1308.65
1639513849, 3, 275, 279, 137, 0, 0.67%, 13, 0, 7, 1337.42
1639513854, 3, 278, 279, 135, 0, 0.67%, 13, 0, 7, 1375.18
1639513859, 4, 20, 279, 132, 0, 0.67%, 13, 0, 7, 1389.52
1639513864, 4, 49, 280, 131, 0, 0.67%, 13, 0, 7, 1341.51
1639513869, 4, 62, 280, 131, 0, 0.67%, 13, 0, 7, 1347.95
1639513874, 4, 79, 280, 129, 0, 0.67%, 13, 0, 7, 1339.43
1639513879, 4, 96, 280, 127, 0, 0.67%, 13, 0, 7, 1320.77
1639513884, 4, 115, 280, 127, 0, 0.67%, 13, 0, 7, 1327.14
1639513889, 4, 202, 280, 124, 0, 0.67%, 13, 0, 7, 1331.35
1639513894, 4, 214, 281, 124, 0, 0.67%, 13, 0, 7, 1368.50
1639513899, 4, 222, 281, 123, 0, 0.67%, 13, 0, 7, 1402.40
1639513904, 4, 228, 281, 121, 0, 0.67%, 13, 0, 7, 1439.75
1639513909, 4, 235, 282, 120, 0, 0.67%, 14, 0, 7, 1243.65
1639513914, 4, 246, 282, 119, 0, 0.67%, 14, 0, 7, 1356.93
1639513919, 4, 255, 282, 117, 0, 0.67%, 14, 0, 7, 1435.07
1639513924, 4, 282, 296, 130, 1, 0.72%, 14, 0, 8, 1413.48
1639513929, 4, 282, 298, 132, 1, 0.72%, 14, 0, 8, 1429.62
1639513934, 4, 283, 298, 131, 12, 0.72%, 14, 0, 8, 1439.51
1639513940, 4, 284, 298, 130, 11, 0.72%, 14, 0, 8, 1442.26
