# unix_time, cycles_done, cur_path, paths_total, pending_total, pending_favs, map_size, unique_crashes, unique_hangs, max_depth, execs_per_sec
1639520577, 0, 0, 1, 1, 1, 0.12%, 0, 0, 1, 615.38
1639520582, 0, 0, 78, 78, 1, 0.45%, 5, 0, 2, 1214.26
1639520587, 0, 16, 115, 110, 40, 0.49%, 6, 0, 3, 1338.07
1639520593, 0, 20, 127, 121, 41, 0.50%, 8, 0, 3, 1368.59
1639520598, 0, 31, 147, 132, 35, 0.52%, 8, 0, 3, 1404.34
1639520603, 0, 60, 151, 124, 26, 0.52%, 8, 0, 3, 1401.02
1639520608, 0, 82, 160, 125, 19, 0.53%, 8, 0, 3, 1407.99
1639520613, 0, 107, 168, 127, 13, 0.53%, 9, 0, 4, 1406.05
1639520618, 0, 123, 189, 144, 17, 0.56%, 9, 0, 4, 1362.07
1639520623, 0, 130, 193, 146, 16, 0.56%, 9, 0, 4, 1348.74
1639520628, 0, 168, 199, 146, 12, 0.58%, 10, 0, 4, 1321.93
1639520633, 0, 172, 203, 149, 11, 0.58%, 10, 0, 5, 1301.72
1639520638, 0, 179, 213, 156, 9, 0.59%, 10, 0, 5, 1309.34
1639520643, 0, 179, 224, 167, 9, 0.61%, 11, 0, 5, 1359.92
1639520648, 0, 185, 227, 168, 14, 0.61%, 11, 0, 5, 1451.23
1639520653, 0, 198, 231, 169, 12, 0.61%, 11, 0, 5, 1456.02
1639520658, 0, 199, 237, 174, 13, 0.64%, 11, 0, 6, 1432.53
1639520663, 0, 212, 242, 176, 14, 0.65%, 11, 0, 6, 1452.35
1639520668, 0, 218, 246, 179, 14, 0.65%, 11, 0, 6, 1425.86
1639520674, 0, 219, 251, 183, 13, 0.65%, 11, 0, 6, 1446.53
1639520679, 0, 221, 252, 182, 11, 0.65%, 11, 0, 6, 1387.93
1639520684, 0, 229, 253, 181, 9, 0.65%, 11, 0, 6, 1368.63
1639520689, 0, 242, 259, 183, 5, 0.65%, 11, 0, 7, 1281.42
1639520694, 0, 253, 261, 183, 3, 0.65%, 11, 0, 8, 1179.87
1639520699, 0, 257, 265, 186, 4, 0.66%, 11, 0, 8, 1152.08
1639520704, 0, 260, 268, 188, 5, 0.66%, 11, 0, 9, 1218.72
1639520709, 0, 261, 271, 190, 4, 0.66%, 11, 0, 9, 1283.49
1639520714, 0, 261, 274, 193, 4, 0.67%, 11, 0, 9, 1345.94
1639520719, 0, 265, 278, 195, 5, 0.67%, 12, 0, 9, 1366.93
1639520724, 0, 273, 278, 192, 2, 0.67%, 12, 0, 9, 1371.59
1639520729, 0, 278, 284, 197, 3, 0.71%, 12, 0, 11, 1388.08
1639520734, 0, 279, 295, 207, 5, 0.72%, 12, 0, 11, 1354.79
1639520739, 0, 283, 296, 206, 10, 0.72%, 13, 0, 11, 1352.78
1639520744, 0, 286, 298, 205, 7, 0.72%, 13, 0, 12, 1376.27
1639520749, 0, 288, 298, 203, 5, 0.72%, 13, 0, 12, 1351.59
1639520755, 0, 289, 299, 203, 4, 0.72%, 14, 0, 12, 1307.40
1639520760, 0, 292, 299, 201, 2, 0.72%, 14, 0, 12, 1295.20
1639520765, 1, 76, 301, 198, 0, 0.72%, 14, 0, 12, 1313.83
1639520770, 1, 97, 301, 194, 0, 0.72%, 14, 0, 12, 1294.96
1639520775, 1, 117, 301, 190, 0, 0.72%, 14, 0, 12, 1280.44
1639520780, 1, 140, 301, 187, 0, 0.72%, 14, 0, 12, 1278.37
1639520785, 1, 168, 303, 183, 0, 0.72%, 14, 0, 12, 1297.57
1639520790, 1, 181, 304, 182, 0, 0.72%, 14, 0, 12, 1313.56
1639520795, 1, 187, 304, 180, 0, 0.72%, 14, 0, 12, 1306.65
1639520801, 1, 201, 305, 179, 0, 0.72%, 14, 0, 12, 1281.55
1639520806, 1, 212, 307, 178, 0, 0.72%, 14, 0, 12, 1338.49
1639520811, 1, 220, 307, 177, 0, 0.72%, 15, 0, 12, 1918.66
1639520816, 1, 227, 307, 176, 0, 0.72%, 15, 0, 12, 1338.94
1639520821, 1, 229, 307, 175, 0, 0.72%, 15, 0, 12, 1218.59
1639520826, 1, 234, 307, 174, 0, 0.72%, 15, 0, 12, 1296.47
1639520831, 1, 243, 307, 173, 0, 0.72%, 15, 0, 12, 1313.84
1639520836, 1, 252, 309, 173, 0, 0.72%, 15, 0, 12, 1326.78
1639520841, 1, 260, 309, 172, 0, 0.72%, 15, 0, 12, 1230.07
1639520846, 1, 265, 309, 172, 0, 0.72%, 15, 0, 12, 1233.88
1639520852, 1, 269, 310, 172, 0, 0.72%, 15, 0, 12, 1292.44
1639520857, 1, 273, 310, 171, 0, 0.72%, 15, 0, 12, 1359.25
1639520862, 1, 283, 310, 171, 0, 0.72%, 15, 0, 12, 1432.36
1639520867, 1, 286, 311, 172, 0, 0.72%, 15, 0, 12, 1416.42
1639520872, 1, 288, 311, 172, 0, 0.72%, 15, 0, 12, 1398.49
1639520877, 1, 290, 311, 172, 0, 0.72%, 16, 0, 12, 1377.60
