# unix_time, cycles_done, cur_path, paths_total, pending_total, pending_favs, map_size, unique_crashes, unique_hangs, max_depth, execs_per_sec
1639515450, 0, 0, 1, 1, 1, 0.12%, 0, 0, 1, 2000.00
1639515455, 0, 0, 85, 85, 1, 0.41%, 2, 0, 2, 1539.39
1639515460, 0, 15, 107, 100, 43, 0.43%, 3, 0, 3, 1395.63
1639515466, 0, 23, 120, 108, 38, 0.43%, 4, 0, 3, 1404.38
1639515471, 0, 37, 127, 111, 34, 0.44%, 5, 0, 3, 1439.79
1639515476, 0, 39, 130, 113, 35, 0.44%, 5, 0, 3, 1128.41
1639515481, 0, 50, 144, 120, 31, 0.45%, 7, 0, 3, 1326.18
1639515486, 0, 67, 153, 120, 23, 0.46%, 8, 0, 3, 1386.82
1639515491, 0, 88, 162, 122, 17, 0.46%, 11, 0, 3, 1343.96
1639515496, 0, 123, 175, 128, 13, 0.47%, 12, 0, 4, 1347.02
1639515501, 0, 136, 193, 141, 14, 0.51%, 12, 0, 4, 1380.80
1639515506, 0, 155, 197, 141, 12, 0.51%, 12, 0, 4, 1364.61
1639515511, 0, 172, 202, 144, 11, 0.52%, 12, 0, 5, 1424.34
1639515516, 0, 183, 213, 153, 12, 0.54%, 12, 0, 5, 1383.78
1639515521, 0, 189, 215, 151, 10, 0.54%, 12, 0, 5, 1371.16
1639515527, 0, 193, 220, 155, 9, 0.54%, 12, 0, 5, 1402.41
1639515532, 0, 203, 222, 153, 7, 0.54%, 13, 0, 6, 1414.03
1639515537, 0, 205, 228, 158, 6, 0.55%, 13, 0, 6, 1391.14
1639515542, 0, 211, 233, 160, 6, 0.55%, 13, 0, 6, 1404.25
1639515547, 0, 216, 236, 162, 5, 0.55%, 14, 0, 6, 1405.60
1639515552, 0, 223, 237, 161, 3, 0.55%, 14, 0, 6, 1462.26
1639515557, 0, 240, 241, 161, 1, 0.55%, 14, 0, 7, 1469.34
1639515562, 0, 241, 254, 173, 1, 0.60%, 14, 0, 9, 1450.29
1639515567, 0, 243, 259, 176, 12, 0.61%, 14, 0, 9, 1453.89
1639515572, 0, 245, 262, 177, 10, 0.61%, 14, 0, 10, 1433.67
1639515577, 0, 248, 265, 177, 7, 0.61%, 14, 0, 10, 1426.80
1639515582, 0, 255, 267, 175, 4, 0.61%, 14, 0, 10, 1459.30
1639515587, 0, 256, 271, 178, 3, 0.61%, 14, 0, 10, 1466.73
1639515592, 0, 266, 271, 176, 2, 0.61%, 14, 0, 10, 1470.31
1639515597, 0, 271, 275, 178, 1, 0.62%, 14, 0, 12, 1461.60
1639515602, 0, 273, 278, 180, 2, 0.62%, 14, 0, 13, 1452.21
1639515607, 0, 273, 279, 181, 2, 0.62%, 14, 0, 13, 1432.35
1639515613, 0, 276, 279, 179, 1, 0.62%, 14, 0, 13, 1355.22
1639515618, 1, 29, 280, 179, 0, 0.62%, 14, 0, 13, 1310.95
1639515623, 1, 42, 284, 180, 0, 0.62%, 14, 0, 13, 1304.20
1639515628, 1, 69, 285, 179, 0, 0.62%, 14, 0, 13, 2171.95
1639515633, 1, 98, 285, 176, 0, 0.62%, 14, 0, 13, 1469.18
1639515638, 1, 133, 288, 175, 0, 0.62%, 14, 0, 13, 1326.66
1639515643, 1, 144, 288, 173, 0, 0.62%, 14, 0, 13, 1304.91
1639515648, 1, 161, 290, 170, 0, 0.62%, 14, 0, 13, 1362.65
1639515654, 1, 169, 290, 167, 0, 0.62%, 14, 0, 13, 1452.86
1639515659, 1, 186, 291, 165, 0, 0.62%, 14, 0, 13, 1457.80
1639515664, 1, 198, 292, 165, 0, 0.62%, 14, 0, 13, 1468.91
1639515669, 1, 203, 295, 167, 0, 0.62%, 14, 0, 13, 1439.86
1639515674, 1, 208, 295, 167, 0, 0.62%, 14, 0, 13, 1461.42
1639515679, 1, 216, 295, 166, 0, 0.62%, 14, 0, 13, 1436.73
1639515684, 1, 222, 295, 166, 0, 0.62%, 14, 0, 13, 1454.90
1639515689, 1, 240, 297, 166, 0, 0.62%, 14, 0, 13, 1455.80
1639515694, 1, 243, 298, 167, 0, 0.62%, 14, 0, 13, 1472.80
1639515699, 1, 246, 298, 167, 0, 0.62%, 14, 0, 13, 1440.33
1639515704, 1, 252, 299, 168, 0, 0.62%, 14, 0, 13, 1426.64
1639515709, 1, 257, 299, 168, 0, 0.62%, 14, 0, 13, 1412.72
1639515714, 1, 291, 301, 170, 1, 0.63%, 14, 0, 13, 1447.18
1639515719, 1, 298, 302, 170, 1, 0.63%, 14, 0, 13, 1457.87
1639515724, 1, 298, 303, 171, 1, 0.63%, 14, 0, 13, 1469.36
1639515729, 2, 6, 303, 169, 0, 0.63%, 14, 0, 13, 1430.25
1639515735, 2, 32, 304, 168, 0, 0.63%, 14, 0, 13, 1431.07
1639515740, 2, 57, 305, 167, 0, 0.63%, 14, 0, 13, 1444.34
1639515745, 2, 69, 305, 165, 0, 0.63%, 14, 0, 13, 1454.34
1639515750, 2, 97, 305, 160, 0, 0.63%, 14, 0, 13, 1471.43
