# unix_time, cycles_done, cur_path, paths_total, pending_total, pending_favs, map_size, unique_crashes, unique_hangs, max_depth, execs_per_sec
1639433561, 0, 0, 1, 1, 1, 0.12%, 0, 0, 1, 2000.00
1639433566, 0, 0, 74, 74, 1, 0.32%, 10, 0, 2, 1497.61
1639433571, 0, 9, 86, 84, 30, 0.35%, 13, 0, 3, 1419.73
1639433576, 0, 15, 113, 108, 31, 0.36%, 14, 0, 3, 1379.78
1639433581, 0, 34, 119, 104, 23, 0.36%, 14, 0, 3, 1386.94
1639433586, 0, 46, 129, 106, 18, 0.37%, 16, 0, 3, 1400.36
1639433591, 0, 74, 133, 103, 12, 0.37%, 18, 0, 3, 1372.65
1639433596, 0, 117, 152, 114, 4, 0.39%, 18, 0, 4, 1390.61
1639433601, 0, 146, 164, 120, 6, 0.43%, 18, 0, 5, 1753.68
1639433607, 0, 147, 166, 121, 8, 0.43%, 18, 0, 5, 1526.95
1639433612, 0, 158, 175, 126, 6, 0.45%, 18, 0, 6, 1429.87
1639433617, 0, 158, 177, 128, 6, 0.45%, 18, 0, 6, 1407.63
1639433622, 0, 162, 181, 129, 9, 0.45%, 18, 0, 6, 1388.54
1639433627, 0, 172, 182, 125, 5, 0.45%, 18, 0, 6, 1412.79
1639433632, 0, 176, 184, 124, 2, 0.46%, 18, 0, 7, 1380.56
1639433637, 0, 181, 190, 128, 2, 0.47%, 19, 0, 7, 1355.12
1639433642, 0, 186, 190, 126, 3, 0.47%, 19, 0, 7, 1379.74
1639433647, 1, 16, 190, 120, 0, 0.47%, 19, 0, 7, 1384.60
1639433652, 1, 192, 196, 121, 1, 0.47%, 20, 0, 7, 1383.61
1639433657, 1, 192, 199, 124, 1, 0.47%, 22, 0, 7, 1395.65
1639433663, 1, 195, 202, 126, 1, 0.48%, 22, 0, 7, 1402.61
1639433668, 1, 201, 204, 127, 2, 0.48%, 22, 0, 7, 1354.00
1639433673, 1, 203, 206, 127, 3, 0.49%, 22, 0, 7, 1388.93
1639433678, 1, 205, 208, 127, 1, 0.49%, 22, 0, 8, 1401.46
1639433683, 1, 205, 209, 128, 1, 0.49%, 22, 0, 8, 1396.05
1639433688, 1, 207, 211, 129, 0, 0.49%, 22, 0, 9, 1389.15
1639433693, 2, 30, 211, 127, 0, 0.49%, 22, 0, 9, 1394.00
1639433698, 2, 51, 212, 128, 0, 0.49%, 22, 0, 9, 1391.68
1639433703, 2, 78, 214, 125, 0, 0.49%, 23, 0, 9, 1376.52
1639433708, 2, 103, 218, 125, 0, 0.49%, 23, 0, 9, 1394.61
1639433713, 2, 219, 220, 124, 1, 0.49%, 23, 0, 9, 1396.48
1639433718, 3, 20, 221, 122, 0, 0.49%, 23, 0, 9, 1393.51
1639433723, 3, 43, 222, 121, 0, 0.49%, 23, 0, 9, 1387.59
1639433729, 3, 63, 222, 119, 0, 0.49%, 23, 0, 9, 1380.88
1639433734, 3, 84, 222, 113, 0, 0.49%, 23, 0, 9, 1395.14
1639433739, 4, 18, 223, 110, 0, 0.49%, 23, 0, 9, 1405.55
1639433744, 4, 37, 224, 107, 0, 0.49%, 23, 0, 9, 1431.76
1639433749, 4, 54, 224, 104, 0, 0.49%, 23, 0, 9, 1427.23
1639433754, 4, 79, 225, 101, 0, 0.49%, 23, 0, 9, 1380.65
1639433759, 4, 94, 226, 100, 0, 0.49%, 23, 0, 9, 1376.75
1639433764, 4, 127, 227, 95, 0, 0.49%, 23, 0, 9, 1397.68
1639433769, 4, 139, 227, 91, 0, 0.49%, 23, 0, 9, 1414.40
1639433774, 4, 150, 230, 92, 0, 0.49%, 23, 0, 9, 1409.96
1639433779, 4, 230, 231, 93, 1, 0.49%, 23, 0, 9, 1389.77
1639433785, 5, 30, 231, 90, 0, 0.49%, 23, 0, 9, 1418.70
1639433790, 5, 54, 232, 91, 0, 0.49%, 23, 0, 9, 1402.54
1639433795, 5, 84, 232, 89, 0, 0.49%, 23, 0, 9, 1406.44
1639433800, 5, 121, 232, 86, 0, 0.49%, 23, 0, 9, 1430.64
1639433805, 5, 154, 232, 86, 0, 0.49%, 23, 0, 9, 1407.84
1639433810, 5, 166, 233, 85, 0, 0.49%, 23, 0, 9, 1391.04
1639433815, 5, 173, 234, 86, 0, 0.49%, 23, 0, 9, 1403.82
1639433820, 5, 181, 235, 86, 0, 0.49%, 23, 0, 9, 1403.56
1639433825, 5, 187, 236, 85, 0, 0.49%, 23, 0, 9, 1412.38
1639433831, 5, 236, 237, 86, 1, 0.49%, 23, 0, 9, 1418.65
1639433836, 6, 35, 237, 83, 0, 0.49%, 23, 0, 9, 1411.45
1639433841, 6, 59, 237, 83, 0, 0.49%, 23, 0, 9, 1359.16
1639433846, 6, 97, 237, 81, 0, 0.49%, 23, 0, 9, 1388.60
1639433851, 6, 129, 237, 77, 0, 0.49%, 23, 0, 9, 1382.48
1639433856, 6, 151, 237, 75, 0, 0.49%, 24, 0, 9, 1418.45
1639433861, 6, 159, 237, 73, 0, 0.49%, 24, 0, 9, 1416.38
