# unix_time, cycles_done, cur_path, paths_total, pending_total, pending_favs, map_size, unique_crashes, unique_hangs, max_depth, execs_per_sec
1639474019, 0, 0, 1, 1, 1, 0.12%, 0, 0, 1, 2000.00
1639474024, 0, 0, 80, 80, 1, 0.42%, 4, 0, 2, 1477.54
1639474029, 0, 9, 108, 106, 41, 0.50%, 4, 0, 3, 1343.86
1639474034, 0, 9, 117, 115, 41, 0.50%, 4, 0, 3, 1353.52
1639474039, 0, 32, 139, 127, 36, 0.52%, 4, 0, 3, 1352.41
1639474044, 0, 52, 148, 128, 31, 0.53%, 4, 0, 3, 1369.95
1639474049, 0, 72, 151, 120, 20, 0.53%, 5, 0, 3, 1353.51
1639474054, 0, 84, 156, 121, 16, 0.53%, 5, 0, 3, 1360.12
1639474059, 0, 113, 168, 126, 9, 0.53%, 5, 0, 4, 1667.52
1639474064, 0, 131, 173, 128, 9, 0.54%, 5, 0, 4, 1406.19
1639474070, 0, 143, 183, 136, 9, 0.54%, 6, 0, 4, 1384.16
1639474075, 0, 164, 185, 134, 8, 0.55%, 6, 0, 4, 1383.52
1639474080, 0, 171, 189, 136, 7, 0.55%, 6, 0, 5, 1368.74
1639474085, 0, 178, 199, 144, 6, 0.56%, 6, 0, 5, 1341.00
1639474090, 0, 185, 200, 143, 8, 0.56%, 6, 0, 5, 1374.65
1639474095, 0, 191, 206, 145, 6, 0.57%, 6, 0, 6, 1373.27
1639474100, 0, 191, 209, 148, 6, 0.57%, 6, 0, 6, 1349.88
1639474105, 0, 199, 211, 147, 5, 0.57%, 6, 0, 6, 1364.07
1639474110, 0, 203, 216, 151, 5, 0.59%, 6, 0, 7, 1372.42
1639474115, 0, 207, 218, 151, 7, 0.59%, 6, 0, 7, 1364.30
1639474120, 0, 211, 222, 154, 6, 0.59%, 6, 0, 7, 1361.84
1639474125, 0, 215, 224, 153, 5, 0.60%, 6, 0, 8, 1363.72
1639474130, 0, 215, 229, 158, 5, 0.62%, 6, 0, 8, 1357.00
1639474135, 0, 219, 232, 159, 8, 0.63%, 6, 0, 8, 1366.59
1639474140, 0, 226, 233, 157, 6, 0.63%, 6, 0, 9, 1371.33
1639474145, 0, 230, 235, 156, 3, 0.63%, 6, 0, 9, 1360.79
1639474151, 1, 31, 236, 151, 0, 0.63%, 6, 0, 10, 1381.94
1639474156, 1, 47, 240, 149, 0, 0.63%, 6, 0, 10, 1364.94
1639474161, 1, 64, 240, 147, 0, 0.63%, 7, 0, 10, 1336.35
1639474166, 1, 81, 240, 145, 0, 0.63%, 7, 0, 10, 2156.79
1639474171, 1, 235, 242, 145, 1, 0.64%, 7, 0, 11, 1606.61
1639474176, 2, 16, 242, 141, 0, 0.64%, 7, 0, 11, 1430.38
1639474181, 2, 50, 242, 139, 0, 0.64%, 7, 0, 11, 1387.46
1639474186, 2, 206, 242, 136, 2, 0.64%, 7, 0, 11, 1374.88
1639474191, 3, 50, 244, 133, 0, 0.64%, 7, 0, 11, 1322.90
1639474196, 3, 72, 244, 131, 0, 0.64%, 7, 0, 11, 1375.92
1639474201, 3, 98, 245, 131, 0, 0.64%, 7, 0, 11, 1378.45
1639474206, 3, 128, 246, 127, 0, 0.64%, 8, 0, 11, 1322.62
1639474211, 3, 146, 246, 123, 0, 0.64%, 8, 0, 11, 1329.81
1639474216, 3, 164, 246, 119, 0, 0.64%, 8, 0, 11, 1378.48
1639474221, 3, 170, 246, 117, 0, 0.64%, 8, 0, 11, 1375.82
1639474226, 3, 187, 246, 116, 0, 0.64%, 8, 0, 11, 1394.48
1639474231, 3, 195, 246, 114, 0, 0.64%, 8, 0, 11, 1393.47
1639474236, 3, 203, 247, 114, 0, 0.64%, 8, 0, 11, 1391.23
1639474241, 3, 246, 251, 118, 1, 0.64%, 8, 0, 11, 1346.24
1639474246, 3, 248, 254, 120, 1, 0.64%, 9, 0, 11, 1344.56
1639474252, 3, 253, 256, 121, 2, 0.65%, 10, 0, 11, 1319.60
1639474257, 3, 253, 261, 126, 2, 0.65%, 11, 0, 11, 1350.14
1639474262, 3, 254, 267, 131, 5, 0.66%, 11, 0, 11, 1373.12
1639474267, 3, 257, 271, 134, 5, 0.66%, 11, 0, 11, 1297.89
1639474272, 3, 257, 271, 134, 5, 0.66%, 12, 0, 11, 1304.32
1639474277, 3, 259, 276, 138, 4, 0.66%, 13, 0, 11, 1344.24
1639474282, 3, 265, 277, 138, 5, 0.66%, 13, 0, 11, 1338.55
1639474287, 3, 265, 279, 140, 5, 0.66%, 13, 0, 11, 1329.52
1639474292, 3, 271, 281, 141, 4, 0.66%, 13, 0, 12, 1318.91
1639474302, 3, 274, 282, 140, 3, 0.66%, 14, 0, 12, 1366.15
1639474308, 3, 274, 283, 141, 3, 0.66%, 15, 0, 12, 1349.37
1639474313, 3, 275, 285, 142, 3, 0.66%, 15, 0, 12, 1333.59
1639474318, 3, 282, 286, 141, 1, 0.66%, 15, 0, 13, 1356.88
