# unix_time, cycles_done, cur_path, paths_total, pending_total, pending_favs, map_size, unique_crashes, unique_hangs, max_depth, execs_per_sec
1639548327, 0, 0, 1, 1, 1, 0.12%, 0, 0, 1, 533.33
1639548332, 0, 0, 63, 63, 1, 0.42%, 14, 0, 2, 1211.18
1639548337, 0, 17, 94, 89, 28, 0.46%, 17, 0, 3, 1306.28
1639548342, 0, 25, 122, 112, 30, 0.50%, 17, 0, 3, 1367.76
1639548347, 0, 41, 142, 123, 24, 0.52%, 17, 0, 3, 1851.85
1639548353, 0, 81, 151, 122, 14, 0.52%, 19, 0, 3, 1595.76
1639548358, 0, 113, 157, 124, 14, 0.53%, 19, 0, 4, 1429.75
1639548363, 0, 127, 166, 129, 10, 0.53%, 20, 0, 4, 1404.07
1639548368, 0, 142, 175, 136, 8, 0.54%, 20, 0, 4, 1403.60
1639548373, 0, 152, 182, 142, 14, 0.55%, 20, 0, 5, 1409.16
1639548378, 0, 156, 185, 143, 13, 0.58%, 20, 0, 5, 1389.06
1639548383, 0, 169, 187, 142, 12, 0.58%, 20, 0, 5, 1417.11
1639548388, 0, 174, 191, 143, 12, 0.59%, 20, 0, 5, 1404.36
1639548393, 0, 177, 200, 150, 13, 0.60%, 20, 0, 5, 1416.53
1639548398, 0, 184, 208, 155, 16, 0.64%, 20, 0, 5, 1406.17
1639548403, 0, 189, 215, 159, 13, 0.64%, 20, 0, 6, 1395.54
1639548409, 0, 190, 221, 164, 11, 0.64%, 20, 0, 6, 1389.58
1639548414, 0, 204, 225, 165, 9, 0.65%, 20, 0, 6, 1374.91
1639548419, 0, 218, 231, 167, 9, 0.65%, 20, 0, 7, 1375.26
1639548424, 0, 223, 236, 171, 9, 0.66%, 20, 0, 7, 1408.96
1639548429, 0, 227, 238, 170, 7, 0.66%, 21, 0, 7, 1414.63
1639548434, 0, 229, 242, 173, 7, 0.66%, 21, 0, 8, 1411.94
1639548439, 0, 236, 243, 171, 6, 0.66%, 21, 0, 8, 1380.02
1639548444, 0, 241, 247, 174, 5, 0.67%, 21, 0, 9, 1408.46
1639548449, 0, 243, 251, 177, 5, 0.67%, 21, 0, 10, 1399.86
1639548454, 0, 244, 252, 177, 4, 0.67%, 21, 0, 10, 1410.74
1639548459, 0, 244, 256, 181, 4, 0.67%, 21, 0, 10, 1405.65
1639548464, 0, 255, 260, 184, 4, 0.67%, 21, 0, 11, 1430.92
1639548469, 1, 45, 262, 184, 3, 0.67%, 21, 0, 12, 1400.01
1639548475, 1, 120, 266, 181, 0, 0.67%, 21, 0, 12, 1412.19
1639548480, 1, 146, 266, 176, 0, 0.67%, 21, 0, 12, 1418.32
1639548485, 1, 157, 268, 175, 0, 0.67%, 21, 0, 12, 1433.67
1639548490, 1, 172, 268, 173, 0, 0.67%, 21, 0, 12, 1412.67
1639548495, 1, 181, 269, 173, 0, 0.67%, 22, 0, 12, 1423.88
1639548500, 1, 185, 270, 172, 0, 0.67%, 22, 0, 12, 1397.71
1639548505, 1, 197, 274, 175, 0, 0.67%, 22, 0, 12, 1406.76
1639548510, 1, 262, 277, 178, 1, 0.68%, 22, 0, 12, 1393.37
1639548515, 2, 5, 279, 176, 0, 0.68%, 23, 0, 12, 1433.76
1639548520, 2, 33, 280, 172, 0, 0.68%, 26, 0, 12, 1411.78
1639548526, 2, 46, 283, 170, 0, 0.68%, 26, 0, 12, 1425.57
1639548531, 2, 67, 286, 169, 0, 0.68%, 26, 0, 12, 1396.79
1639548536, 2, 102, 286, 161, 0, 0.68%, 26, 0, 12, 1403.19
1639548541, 2, 118, 286, 159, 0, 0.68%, 26, 0, 12, 1418.35
1639548546, 2, 141, 286, 154, 0, 0.68%, 26, 0, 12, 1375.07
1639548551, 2, 155, 287, 152, 0, 0.68%, 26, 0, 12, 1380.81
1639548556, 2, 167, 288, 151, 0, 0.68%, 26, 0, 12, 1411.73
1639548561, 2, 183, 288, 149, 0, 0.68%, 26, 0, 12, 1418.91
1639548566, 2, 193, 288, 149, 0, 0.68%, 26, 0, 12, 1384.47
1639548571, 2, 202, 288, 147, 0, 0.68%, 26, 0, 12, 1386.40
1639548576, 2, 247, 289, 147, 1, 0.68%, 26, 0, 12, 1435.13
1639548581, 3, 29, 290, 145, 0, 0.69%, 27, 0, 12, 1439.65
1639548586, 3, 53, 291, 146, 0, 0.69%, 27, 0, 12, 1409.22
1639548591, 3, 87, 291, 143, 0, 0.69%, 27, 0, 12, 1399.12
1639548596, 3, 291, 293, 142, 1, 0.69%, 28, 0, 12, 1406.12
1639548602, 3, 292, 294, 142, 1, 0.69%, 28, 0, 12, 1433.51
1639548607, 4, 31, 295, 139, 0, 0.69%, 28, 0, 12, 1451.07
1639548612, 4, 54, 295, 138, 0, 0.69%, 28, 0, 12, 1431.84
1639548617, 4, 90, 295, 134, 0, 0.69%, 28, 0, 12, 1444.86
1639548622, 4, 117, 295, 130, 0, 0.69%, 28, 0, 12, 1392.26
1639548627, 4, 138, 296, 127, 0, 0.69%, 28, 0, 12, 1430.04
