# unix_time, cycles_done, cur_path, paths_total, pending_total, pending_favs, map_size, unique_crashes, unique_hangs, max_depth, execs_per_sec
1639554963, 0, 0, 1, 1, 1, 0.12%, 0, 0, 1, 2000.00
1639554968, 0, 0, 77, 77, 1, 0.45%, 3, 0, 2, 1577.19
1639554973, 0, 10, 114, 110, 40, 0.51%, 5, 0, 3, 1455.61
1639554978, 0, 32, 128, 113, 29, 0.53%, 7, 0, 3, 1455.63
1639554983, 0, 48, 148, 124, 24, 0.54%, 8, 0, 3, 1438.96
1639554989, 0, 81, 160, 128, 19, 0.54%, 9, 0, 3, 1406.93
1639554994, 0, 89, 186, 151, 20, 0.58%, 9, 0, 3, 1446.08
1639554999, 0, 90, 194, 158, 24, 0.59%, 9, 0, 3, 1461.18
1639555004, 0, 148, 198, 154, 16, 0.59%, 9, 0, 4, 1468.53
1639555009, 0, 170, 213, 164, 13, 0.61%, 9, 0, 4, 1455.59
1639555014, 0, 175, 217, 167, 16, 0.64%, 9, 0, 4, 1436.98
1639555019, 0, 190, 224, 171, 13, 0.64%, 9, 0, 4, 1475.51
1639555024, 0, 202, 228, 171, 9, 0.64%, 9, 0, 5, 1486.72
1639555029, 0, 211, 230, 171, 9, 0.64%, 9, 0, 5, 1461.23
1639555034, 0, 218, 236, 172, 6, 0.64%, 10, 0, 5, 1445.34
1639555039, 0, 228, 238, 172, 5, 0.65%, 10, 0, 6, 1438.90
1639555045, 1, 229, 242, 169, 1, 0.65%, 10, 0, 6, 1424.84
1639555050, 1, 240, 245, 170, 0, 0.65%, 10, 0, 7, 1463.04
1639555055, 1, 242, 247, 171, 0, 0.65%, 10, 0, 7, 1433.38
1639555060, 1, 246, 247, 169, 0, 0.65%, 10, 0, 7, 1452.70
1639555065, 2, 60, 249, 170, 1, 0.65%, 10, 0, 7, 1462.56
1639555070, 3, 7, 251, 165, 0, 0.65%, 11, 0, 7, 1447.13
1639555075, 3, 33, 252, 160, 0, 0.65%, 11, 0, 7, 1436.71
1639555080, 3, 54, 252, 158, 0, 0.65%, 11, 0, 7, 1466.79
1639555085, 3, 80, 252, 152, 0, 0.65%, 11, 0, 7, 1471.52
1639555090, 3, 90, 253, 151, 0, 0.65%, 11, 0, 7, 1476.18
1639555095, 3, 122, 253, 144, 0, 0.65%, 11, 0, 7, 1465.49
1639555100, 3, 225, 254, 140, 1, 0.65%, 11, 0, 7, 1445.22
1639555105, 3, 253, 257, 142, 1, 0.65%, 11, 0, 8, 1448.65
1639555111, 4, 7, 257, 140, 0, 0.65%, 11, 0, 8, 1464.64
1639555116, 4, 47, 257, 140, 0, 0.65%, 11, 0, 8, 1468.31
1639555121, 4, 80, 258, 135, 0, 0.65%, 11, 0, 8, 1480.50
1639555126, 4, 93, 258, 134, 0, 0.65%, 11, 0, 8, 1460.87
1639555131, 4, 128, 258, 127, 0, 0.65%, 11, 0, 8, 1482.37
1639555136, 4, 162, 258, 124, 0, 0.65%, 11, 0, 8, 1471.60
1639555141, 4, 171, 258, 121, 0, 0.65%, 11, 0, 8, 1477.76
1639555146, 4, 186, 258, 118, 0, 0.65%, 11, 0, 8, 1424.34
1639555151, 4, 200, 260, 116, 0, 0.65%, 11, 0, 8, 1439.52
1639555156, 4, 211, 260, 114, 0, 0.65%, 11, 0, 8, 1440.90
1639555161, 4, 260, 265, 119, 1, 0.69%, 11, 0, 8, 1413.79
1639555166, 4, 260, 267, 121, 1, 0.69%, 11, 0, 8, 1408.90
1639555171, 4, 261, 267, 120, 5, 0.69%, 11, 0, 8, 1406.26
1639555176, 4, 262, 270, 122, 4, 0.70%, 11, 0, 8, 1448.05
1639555181, 4, 263, 274, 125, 6, 0.71%, 11, 0, 8, 1437.52
1639555187, 4, 264, 276, 126, 9, 0.72%, 11, 0, 8, 1447.74
1639555192, 4, 266, 279, 128, 9, 0.72%, 11, 0, 8, 1464.76
1639555197, 4, 266, 281, 130, 9, 0.72%, 11, 0, 8, 1461.95
1639555202, 4, 269, 281, 128, 8, 0.72%, 11, 0, 8, 2156.04
1639555207, 4, 270, 282, 128, 7, 0.72%, 11, 0, 8, 1651.55
1639555212, 4, 271, 284, 129, 6, 0.72%, 11, 0, 8, 1466.16
1639555217, 4, 271, 286, 131, 6, 0.72%, 11, 0, 8, 1467.27
1639555222, 4, 273, 288, 131, 6, 0.72%, 11, 0, 8, 1447.89
1639555227, 4, 274, 292, 134, 5, 0.72%, 11, 0, 8, 1459.75
1639555232, 4, 276, 294, 135, 4, 0.72%, 11, 0, 8, 1474.16
1639555243, 4, 280, 296, 136, 4, 0.72%, 11, 0, 8, 1454.36
1639555248, 4, 280, 297, 137, 4, 0.72%, 11, 0, 8, 1420.96
1639555253, 4, 284, 300, 139, 3, 0.72%, 11, 0, 9, 1438.64
1639555258, 4, 284, 301, 140, 3, 0.72%, 11, 0, 9, 1446.01
1639555263, 4, 287, 303, 141, 3, 0.72%, 11, 0, 9, 1469.75
