# unix_time, cycles_done, cur_path, paths_total, pending_total, pending_favs, map_size, unique_crashes, unique_hangs, max_depth, execs_per_sec
1639549428, 0, 0, 595, 595, 95, 0.90%, 0, 0, 1, 1187.03
1639549433, 0, 103, 595, 579, 80, 0.90%, 3, 0, 1, 1401.45
1639549438, 0, 165, 595, 568, 70, 0.90%, 4, 0, 1, 1439.75
1639549443, 0, 264, 595, 556, 59, 0.90%, 5, 0, 1, 1435.30
1639549448, 0, 327, 595, 545, 48, 0.90%, 5, 0, 1, 1468.06
1639549453, 0, 371, 595, 536, 39, 0.90%, 5, 0, 1, 1439.78
1639549458, 0, 410, 595, 528, 31, 0.90%, 5, 0, 1, 1456.52
1639549463, 0, 458, 595, 519, 22, 0.90%, 5, 0, 1, 1453.80
1639549468, 0, 491, 595, 512, 16, 0.90%, 5, 0, 1, 1430.85
1639549473, 0, 557, 595, 505, 9, 0.90%, 5, 0, 1, 1456.17
1639549478, 1, 0, 596, 496, 0, 0.90%, 5, 0, 2, 1459.25
1639549483, 1, 23, 596, 487, 0, 0.90%, 5, 0, 2, 1465.54
1639549488, 1, 44, 596, 480, 0, 0.90%, 5, 0, 2, 1470.64
1639549493, 1, 64, 597, 473, 0, 0.90%, 7, 0, 2, 1467.84
1639549498, 1, 103, 597, 464, 0, 0.90%, 7, 0, 2, 1473.76
1639549504, 1, 131, 597, 458, 0, 0.90%, 7, 0, 2, 1461.18
1639549509, 1, 597, 598, 454, 1, 0.93%, 9, 0, 2, 1470.02
1639549514, 2, 16, 598, 448, 0, 0.93%, 10, 0, 2, 1468.28
1639549519, 2, 54, 598, 444, 0, 0.93%, 10, 0, 2, 1464.95
1639549524, 2, 105, 599, 441, 0, 0.93%, 10, 0, 2, 1461.05
1639549529, 2, 142, 599, 436, 0, 0.93%, 10, 0, 2, 1469.84
1639549534, 2, 176, 599, 428, 0, 0.93%, 10, 0, 2, 1775.09
1639549539, 2, 208, 599, 421, 0, 0.93%, 10, 0, 2, 1524.26
1639549544, 2, 243, 600, 418, 0, 0.93%, 10, 0, 2, 1466.69
1639549549, 2, 265, 600, 411, 0, 0.93%, 10, 0, 2, 1456.88
1639549554, 2, 302, 600, 407, 0, 0.93%, 10, 0, 2, 1469.87
1639549559, 2, 323, 600, 400, 0, 0.93%, 10, 0, 2, 1464.15
1639549564, 2, 341, 600, 397, 0, 0.93%, 10, 0, 2, 1466.23
1639549569, 2, 367, 600, 392, 0, 0.93%, 11, 0, 2, 1465.44
1639549574, 2, 385, 600, 389, 0, 0.93%, 11, 0, 2, 1457.81
1639549580, 2, 406, 600, 384, 0, 0.93%, 11, 0, 2, 1441.62
1639549585, 2, 430, 600, 381, 0, 0.93%, 11, 0, 2, 1461.37
1639549590, 2, 454, 600, 378, 0, 0.93%, 11, 0, 2, 1467.11
1639549595, 2, 470, 601, 377, 0, 0.93%, 11, 0, 2, 1476.78
1639549600, 2, 502, 601, 373, 0, 0.93%, 11, 0, 2, 1476.49
1639549605, 2, 524, 601, 366, 0, 0.93%, 11, 0, 2, 1456.54
1639549610, 2, 549, 601, 360, 0, 0.93%, 11, 0, 2, 1455.49
1639549615, 2, 566, 601, 358, 0, 0.93%, 11, 0, 2, 1488.70
1639549620, 2, 593, 601, 354, 0, 0.93%, 11, 0, 2, 1483.12
1639549625, 3, 30, 601, 350, 0, 0.93%, 11, 0, 2, 1488.89
1639549630, 3, 72, 601, 345, 0, 0.93%, 11, 0, 2, 1483.51
1639549636, 3, 122, 601, 342, 0, 0.93%, 11, 0, 2, 1465.73
1639549641, 3, 148, 601, 338, 0, 0.93%, 11, 0, 2, 1457.81
1639549646, 4, 22, 602, 334, 0, 0.94%, 11, 0, 2, 1456.64
1639549651, 4, 59, 602, 331, 0, 0.94%, 11, 0, 2, 1461.20
1639549656, 4, 103, 602, 326, 0, 0.94%, 11, 0, 2, 1477.82
1639549661, 4, 165, 602, 323, 0, 0.94%, 11, 0, 2, 1428.52
1639549666, 4, 188, 602, 317, 0, 0.94%, 11, 0, 2, 1459.98
1639549671, 4, 219, 602, 312, 0, 0.94%, 12, 0, 2, 1451.18
1639549676, 4, 252, 602, 306, 0, 0.94%, 12, 0, 2, 1455.45
1639549681, 4, 306, 602, 303, 0, 0.94%, 12, 0, 2, 1458.72
1639549686, 4, 329, 602, 301, 0, 0.94%, 12, 0, 2, 1482.94
1639549691, 4, 345, 602, 297, 0, 0.94%, 12, 0, 2, 1459.07
1639549697, 4, 367, 602, 291, 0, 0.94%, 12, 0, 2, 1482.92
1639549702, 4, 394, 602, 289, 0, 0.94%, 13, 0, 2, 1447.40
1639549707, 4, 422, 602, 284, 0, 0.94%, 13, 0, 2, 1466.93
1639549712, 4, 451, 602, 280, 0, 0.94%, 13, 0, 2, 1450.80
1639549717, 4, 470, 603, 279, 0, 0.94%, 13, 0, 2, 1470.00
1639549722, 4, 483, 603, 272, 0, 0.94%, 13, 0, 2, 1460.96
