# unix_time, cycles_done, cur_path, paths_total, pending_total, pending_favs, map_size, unique_crashes, unique_hangs, max_depth, execs_per_sec
1639598096, 0, 0, 877, 877, 101, 0.93%, 0, 0, 1, 1111.89
1639598101, 0, 111, 877, 868, 92, 0.93%, 4, 0, 1, 1382.73
1639598106, 0, 193, 877, 858, 82, 0.93%, 6, 0, 1, 1428.74
1639598111, 0, 326, 877, 845, 71, 0.93%, 6, 0, 1, 1452.31
1639598116, 0, 387, 877, 836, 62, 0.93%, 8, 0, 1, 1439.12
1639598121, 0, 431, 877, 828, 55, 0.93%, 8, 0, 1, 1439.08
1639598127, 0, 488, 877, 818, 48, 0.93%, 8, 0, 1, 1431.96
1639598132, 0, 548, 877, 810, 42, 0.93%, 8, 0, 1, 1444.12
1639598137, 0, 656, 877, 796, 29, 0.93%, 8, 0, 1, 1438.35
1639598142, 0, 735, 877, 789, 22, 0.93%, 8, 0, 1, 1440.77
1639598147, 0, 813, 877, 779, 12, 0.93%, 10, 0, 1, 1424.87
1639598152, 0, 868, 877, 768, 1, 0.93%, 12, 0, 1, 1433.33
1639598157, 1, 26, 877, 759, 0, 0.93%, 12, 0, 1, 1438.67
1639598162, 1, 42, 877, 752, 0, 0.93%, 12, 0, 1, 1439.06
1639598167, 1, 91, 877, 745, 0, 0.93%, 12, 0, 1, 1426.19
1639598172, 1, 120, 877, 741, 0, 0.93%, 12, 0, 1, 1619.74
1639598177, 1, 150, 877, 735, 0, 0.93%, 12, 0, 1, 1421.89
1639598182, 1, 178, 877, 727, 0, 0.93%, 13, 0, 1, 1417.02
1639598187, 1, 205, 877, 721, 0, 0.93%, 13, 0, 1, 1423.24
1639598192, 1, 227, 877, 714, 0, 0.93%, 13, 0, 1, 1420.91
1639598197, 1, 247, 877, 706, 0, 0.93%, 13, 0, 1, 1430.79
1639598203, 1, 286, 877, 699, 0, 0.93%, 13, 0, 1, 1416.68
1639598208, 1, 315, 877, 689, 0, 0.93%, 13, 0, 1, 1413.63
1639598213, 1, 332, 877, 684, 0, 0.93%, 13, 0, 1, 1415.91
1639598218, 1, 368, 877, 676, 0, 0.93%, 14, 0, 1, 1431.45
1639598223, 1, 391, 877, 672, 0, 0.93%, 14, 0, 1, 1408.95
1639598228, 1, 401, 877, 665, 0, 0.93%, 14, 0, 1, 1414.23
1639598234, 1, 425, 877, 658, 0, 0.93%, 14, 0, 1, 1398.14
1639598239, 1, 448, 877, 653, 0, 0.93%, 14, 0, 1, 1413.41
1639598244, 1, 475, 877, 648, 0, 0.93%, 14, 0, 1, 1396.43
1639598249, 1, 493, 877, 645, 0, 0.93%, 15, 0, 1, 1421.34
1639598254, 1, 528, 877, 639, 0, 0.93%, 15, 0, 1, 1429.65
1639598259, 1, 556, 877, 634, 0, 0.93%, 15, 0, 1, 1404.56
1639598264, 1, 598, 877, 626, 0, 0.93%, 15, 0, 1, 1400.22
1639598270, 1, 633, 877, 618, 0, 0.93%, 15, 0, 1, 1415.15
1639598275, 1, 684, 877, 614, 0, 0.93%, 15, 0, 1, 1421.28
1639598280, 1, 707, 877, 608, 0, 0.93%, 15, 0, 1, 1427.91
1639598285, 1, 728, 877, 602, 0, 0.93%, 15, 0, 1, 1435.44
1639598290, 1, 753, 877, 597, 0, 0.93%, 15, 0, 1, 1433.79
1639598296, 1, 786, 877, 590, 0, 0.93%, 15, 0, 1, 1440.86
1639598301, 1, 797, 877, 586, 0, 0.93%, 15, 0, 1, 1423.86
1639598306, 1, 817, 877, 580, 0, 0.93%, 15, 0, 1, 1419.64
1639598311, 1, 855, 877, 574, 0, 0.93%, 15, 0, 1, 1445.05
1639598316, 2, 42, 877, 567, 0, 0.93%, 15, 0, 1, 1433.48
1639598321, 2, 83, 877, 560, 0, 0.93%, 15, 0, 1, 1430.39
1639598326, 2, 106, 879, 559, 0, 0.93%, 15, 0, 2, 1445.87
1639598331, 2, 127, 879, 555, 0, 0.93%, 15, 0, 2, 1430.76
1639598337, 2, 170, 879, 550, 0, 0.93%, 15, 0, 2, 1434.45
1639598342, 2, 199, 879, 543, 0, 0.93%, 15, 0, 2, 1449.41
1639598347, 2, 242, 879, 537, 0, 0.93%, 15, 0, 2, 1444.24
1639598352, 2, 268, 879, 529, 0, 0.93%, 15, 0, 2, 1441.98
1639598357, 2, 304, 879, 521, 0, 0.93%, 15, 0, 2, 1403.65
1639598362, 2, 337, 879, 516, 0, 0.93%, 15, 0, 2, 1437.61
1639598367, 2, 365, 879, 512, 0, 0.93%, 16, 0, 2, 1445.93
1639598372, 2, 385, 879, 505, 0, 0.93%, 16, 0, 2, 1422.23
1639598377, 2, 401, 879, 502, 0, 0.93%, 16, 0, 2, 1429.46
1639598383, 2, 417, 879, 499, 0, 0.93%, 16, 0, 2, 1441.11
1639598388, 2, 455, 879, 493, 0, 0.93%, 16, 0, 2, 1409.22
