# unix_time, cycles_done, cur_path, paths_total, pending_total, pending_favs, map_size, unique_crashes, unique_hangs, max_depth, execs_per_sec
1639523262, 0, 0, 911, 911, 103, 0.96%, 0, 0, 1, 1144.11
1639523267, 0, 45, 911, 903, 95, 0.96%, 4, 0, 1, 1334.74
1639523272, 0, 144, 911, 891, 85, 0.96%, 6, 0, 1, 1445.08
1639523277, 0, 220, 911, 883, 76, 0.96%, 9, 0, 1, 1434.32
1639523282, 0, 316, 911, 873, 66, 0.96%, 9, 0, 1, 1406.59
1639523288, 0, 397, 911, 862, 55, 0.96%, 9, 0, 1, 1382.68
1639523293, 0, 515, 911, 851, 45, 0.96%, 9, 0, 1, 1517.10
1639523298, 0, 653, 911, 841, 35, 0.96%, 9, 0, 1, 1346.20
1639523303, 0, 693, 911, 833, 27, 0.96%, 9, 0, 1, 1309.47
1639523308, 0, 745, 911, 824, 19, 0.96%, 10, 0, 1, 1298.80
1639523313, 0, 788, 911, 817, 12, 0.96%, 11, 0, 1, 1287.73
1639523318, 0, 874, 911, 810, 5, 0.96%, 11, 0, 1, 1288.24
1639523323, 1, 5, 911, 801, 0, 0.96%, 11, 0, 1, 1259.76
1639523328, 1, 30, 911, 795, 0, 0.96%, 11, 0, 1, 1249.15
1639523333, 1, 45, 911, 793, 0, 0.96%, 11, 0, 1, 1255.28
1639523338, 1, 88, 911, 788, 0, 0.96%, 11, 0, 1, 1263.37
1639523343, 1, 124, 911, 780, 0, 0.96%, 12, 0, 1, 1275.44
1639523349, 1, 154, 911, 776, 0, 0.96%, 13, 0, 1, 1276.78
1639523354, 1, 201, 911, 771, 0, 0.96%, 14, 0, 1, 1286.76
1639523359, 1, 223, 911, 767, 0, 0.96%, 15, 0, 1, 1244.29
1639523364, 1, 237, 911, 762, 0, 0.96%, 16, 0, 1, 1158.61
1639523369, 1, 251, 911, 757, 0, 0.96%, 16, 0, 1, 1079.88
1639523374, 1, 268, 911, 751, 0, 0.96%, 16, 0, 1, 1067.95
1639523379, 1, 294, 911, 746, 0, 0.96%, 16, 0, 1, 1133.57
1639523384, 1, 372, 911, 739, 1, 0.96%, 16, 0, 1, 1262.50
1639523389, 1, 545, 911, 731, 0, 0.96%, 17, 0, 1, 1346.51
1639523395, 1, 563, 911, 724, 0, 0.96%, 17, 0, 1, 1408.22
1639523400, 1, 599, 911, 718, 0, 0.96%, 17, 0, 1, 1445.48
1639523405, 1, 632, 911, 712, 0, 0.96%, 19, 0, 1, 1450.00
1639523410, 1, 656, 911, 705, 0, 0.96%, 20, 0, 1, 1434.89
1639523415, 1, 673, 911, 701, 0, 0.96%, 20, 0, 1, 1401.88
1639523420, 1, 755, 911, 694, 1, 0.96%, 20, 0, 1, 1395.26
1639523425, 1, 863, 911, 688, 0, 0.96%, 21, 0, 1, 1392.00
1639523430, 1, 881, 911, 683, 0, 0.96%, 21, 0, 1, 1407.61
1639523435, 2, 15, 911, 675, 0, 0.96%, 21, 0, 1, 1394.76
1639523440, 2, 44, 911, 671, 0, 0.96%, 21, 0, 1, 1352.48
1639523446, 2, 74, 911, 666, 0, 0.96%, 21, 0, 1, 1353.77
1639523451, 2, 96, 911, 659, 0, 0.96%, 21, 0, 1, 1346.70
1639523456, 2, 122, 911, 652, 0, 0.96%, 21, 0, 1, 1341.84
1639523461, 2, 151, 911, 647, 0, 0.96%, 21, 0, 1, 1363.20
1639523466, 2, 193, 911, 641, 0, 0.96%, 21, 0, 1, 1399.90
1639523471, 2, 211, 911, 636, 0, 0.96%, 21, 0, 1, 1403.93
1639523476, 2, 242, 911, 632, 0, 0.96%, 21, 0, 1, 1390.37
1639523481, 2, 270, 911, 628, 0, 0.96%, 21, 0, 1, 1350.33
1639523486, 2, 292, 911, 618, 0, 0.96%, 21, 0, 1, 1358.92
1639523491, 2, 327, 911, 613, 0, 0.96%, 21, 0, 1, 1346.66
1639523496, 2, 361, 911, 609, 0, 0.96%, 21, 0, 1, 1355.94
1639523501, 2, 408, 911, 602, 0, 0.96%, 21, 0, 1, 1344.12
1639523506, 2, 442, 911, 597, 0, 0.96%, 21, 0, 1, 1338.83
1639523511, 2, 498, 911, 590, 0, 0.96%, 21, 0, 1, 1349.32
1639523516, 2, 518, 911, 587, 0, 0.96%, 21, 0, 1, 1341.91
1639523521, 2, 545, 911, 581, 0, 0.96%, 22, 0, 1, 1341.92
1639523527, 2, 586, 911, 575, 0, 0.96%, 22, 0, 1, 1394.21
1639523532, 2, 615, 911, 571, 0, 0.96%, 22, 0, 1, 1396.24
1639523537, 2, 653, 911, 562, 0, 0.96%, 22, 0, 1, 1409.93
1639523542, 2, 671, 911, 557, 0, 0.96%, 22, 0, 1, 1417.52
1639523547, 2, 693, 911, 553, 0, 0.96%, 22, 0, 1, 1382.03
1639523553, 2, 712, 911, 549, 0, 0.96%, 22, 0, 1, 1416.51
