# unix_time, cycles_done, cur_path, paths_total, pending_total, pending_favs, map_size, unique_crashes, unique_hangs, max_depth, execs_per_sec
1639552160, 0, 0, 758, 758, 90, 0.87%, 0, 0, 1, 1229.52
1639552165, 0, 100, 759, 748, 81, 0.87%, 3, 0, 2, 1376.84
1639552170, 0, 154, 759, 738, 73, 0.87%, 5, 0, 2, 1378.38
1639552175, 0, 209, 760, 729, 64, 0.87%, 6, 0, 2, 1414.90
1639552180, 0, 285, 760, 720, 55, 0.87%, 6, 0, 2, 1436.55
1639552185, 0, 390, 760, 710, 47, 0.87%, 7, 0, 2, 1426.87
1639552190, 0, 476, 760, 699, 37, 0.87%, 7, 0, 2, 1423.66
1639552195, 0, 513, 760, 691, 29, 0.87%, 7, 0, 2, 1414.31
1639552201, 0, 599, 760, 681, 19, 0.87%, 7, 0, 2, 1418.04
1639552206, 0, 675, 760, 672, 10, 0.87%, 7, 0, 2, 1346.30
1639552211, 0, 751, 760, 664, 2, 0.87%, 7, 0, 2, 1288.22
1639552216, 1, 20, 760, 659, 0, 0.87%, 7, 0, 2, 1313.46
1639552221, 1, 61, 760, 651, 0, 0.87%, 7, 0, 2, 1409.54
1639552226, 1, 103, 760, 646, 0, 0.87%, 7, 0, 2, 1442.06
1639552231, 1, 144, 760, 641, 0, 0.87%, 7, 0, 2, 1464.20
1639552236, 1, 165, 760, 636, 0, 0.87%, 7, 0, 2, 1436.67
1639552241, 1, 179, 760, 630, 0, 0.87%, 7, 0, 2, 1438.00
1639552246, 1, 211, 760, 623, 0, 0.87%, 7, 0, 2, 1607.70
1639552251, 1, 244, 760, 616, 0, 0.87%, 7, 0, 2, 1514.69
1639552257, 1, 277, 760, 609, 0, 0.87%, 7, 0, 2, 1454.89
1639552262, 1, 299, 760, 603, 0, 0.87%, 7, 0, 2, 1458.53
1639552267, 1, 327, 760, 597, 0, 0.87%, 7, 0, 2, 1449.79
1639552272, 1, 350, 760, 592, 0, 0.87%, 7, 0, 2, 1429.43
1639552277, 1, 383, 760, 584, 0, 0.87%, 7, 0, 2, 1423.90
1639552282, 1, 406, 760, 579, 0, 0.87%, 7, 0, 2, 1428.79
1639552287, 1, 432, 760, 574, 0, 0.87%, 7, 0, 2, 1425.01
1639552292, 1, 449, 760, 566, 0, 0.87%, 7, 0, 2, 1445.39
1639552297, 1, 484, 760, 561, 0, 0.87%, 7, 0, 2, 1447.02
1639552303, 1, 507, 760, 557, 0, 0.87%, 7, 0, 2, 1449.41
1639552308, 1, 526, 760, 553, 0, 0.87%, 7, 0, 2, 1416.08
1639552313, 1, 557, 760, 549, 0, 0.87%, 7, 0, 2, 1418.19
1639552318, 1, 593, 760, 542, 0, 0.87%, 7, 0, 2, 1439.25
1639552323, 1, 615, 760, 537, 0, 0.87%, 7, 0, 2, 1435.98
1639552328, 1, 643, 760, 531, 0, 0.87%, 7, 0, 2, 1426.14
1639552333, 1, 665, 760, 525, 0, 0.87%, 7, 0, 2, 1422.40
1639552338, 1, 682, 760, 521, 0, 0.87%, 7, 0, 2, 1392.98
1639552343, 1, 711, 760, 516, 0, 0.87%, 7, 0, 2, 1433.33
1639552348, 1, 739, 760, 510, 0, 0.87%, 7, 0, 2, 1442.98
1639552353, 2, 0, 761, 505, 0, 0.87%, 7, 0, 2, 1433.66
1639552358, 2, 39, 761, 498, 0, 0.87%, 7, 0, 2, 1420.82
1639552363, 2, 82, 761, 492, 0, 0.87%, 7, 0, 2, 1424.43
1639552368, 2, 107, 761, 490, 0, 0.87%, 9, 0, 2, 1416.78
1639552373, 2, 154, 761, 484, 0, 0.87%, 10, 0, 2, 1420.58
1639552379, 2, 179, 761, 481, 0, 0.87%, 10, 0, 2, 1441.56
1639552384, 2, 212, 761, 475, 0, 0.87%, 10, 0, 2, 1438.16
1639552389, 2, 243, 761, 471, 0, 0.87%, 10, 0, 2, 1436.25
1639552394, 2, 284, 761, 467, 0, 0.87%, 10, 0, 2, 1436.55
1639552399, 2, 313, 761, 462, 0, 0.87%, 10, 0, 2, 1444.61
1639552404, 2, 344, 761, 455, 0, 0.87%, 11, 0, 2, 1442.57
1639552409, 2, 377, 761, 449, 0, 0.87%, 11, 0, 2, 1450.39
1639552414, 2, 394, 761, 443, 0, 0.87%, 11, 0, 2, 1444.23
1639552419, 2, 442, 761, 437, 0, 0.87%, 11, 0, 2, 1450.74
1639552424, 2, 468, 761, 434, 0, 0.87%, 11, 0, 2, 1416.04
1639552429, 2, 493, 761, 428, 0, 0.87%, 11, 0, 2, 1425.97
1639552434, 2, 526, 761, 425, 0, 0.87%, 11, 0, 2, 1430.08
1639552439, 2, 543, 761, 421, 0, 0.87%, 11, 0, 2, 1445.34
1639552444, 2, 587, 761, 414, 0, 0.87%, 11, 0, 2, 1418.68
1639552450, 2, 622, 761, 410, 0, 0.87%, 11, 0, 2, 1427.69
1639552455, 2, 639, 761, 405, 0, 0.87%, 11, 0, 2, 1418.42
