# unix_time, cycles_done, cur_path, paths_total, pending_total, pending_favs, map_size, unique_crashes, unique_hangs, max_depth, execs_per_sec
1639451195, 0, 0, 1055, 1055, 83, 0.79%, 0, 0, 1, 1180.58
1639451200, 0, 213, 1058, 1046, 75, 0.80%, 1, 0, 2, 1365.84
1639451205, 0, 352, 1058, 1033, 62, 0.80%, 4, 0, 2, 1431.58
1639451210, 0, 551, 1058, 1022, 52, 0.80%, 5, 0, 2, 1437.91
1639451215, 0, 625, 1058, 1013, 43, 0.80%, 5, 0, 2, 1450.50
1639451220, 0, 739, 1058, 1001, 32, 0.80%, 5, 0, 2, 1439.21
1639451226, 0, 794, 1059, 996, 26, 0.80%, 5, 0, 2, 1414.27
1639451231, 0, 898, 1059, 987, 17, 0.80%, 6, 0, 2, 1411.37
1639451236, 0, 1050, 1059, 977, 7, 0.80%, 6, 0, 2, 1413.05
1639451241, 1, 0, 1059, 970, 0, 0.80%, 6, 0, 2, 1391.82
1639451246, 1, 32, 1059, 961, 0, 0.80%, 6, 0, 2, 1415.76
1639451251, 1, 64, 1059, 953, 0, 0.80%, 6, 0, 2, 1414.79
1639451256, 1, 87, 1059, 945, 0, 0.80%, 6, 0, 2, 1423.33
1639451261, 1, 104, 1059, 937, 0, 0.80%, 6, 0, 2, 1424.41
1639451266, 1, 175, 1059, 929, 0, 0.80%, 6, 0, 2, 1437.43
1639451271, 1, 197, 1059, 921, 0, 0.80%, 6, 0, 2, 1421.15
1639451276, 1, 1059, 1060, 915, 1, 0.80%, 6, 0, 2, 1442.40
1639451281, 2, 39, 1060, 908, 0, 0.80%, 6, 0, 2, 1431.65
1639451286, 2, 84, 1060, 902, 0, 0.80%, 7, 0, 2, 1423.26
1639451291, 2, 115, 1060, 894, 0, 0.80%, 7, 0, 2, 1437.63
1639451297, 2, 144, 1061, 889, 0, 0.80%, 7, 0, 2, 1431.28
1639451302, 2, 168, 1061, 882, 0, 0.80%, 7, 0, 2, 1436.61
1639451307, 2, 213, 1061, 874, 0, 0.80%, 7, 0, 2, 1430.70
1639451312, 2, 234, 1061, 869, 0, 0.80%, 7, 0, 2, 1412.79
1639451317, 2, 281, 1061, 863, 0, 0.80%, 7, 0, 2, 1424.43
1639451322, 2, 329, 1061, 853, 0, 0.80%, 7, 0, 2, 1444.90
1639451327, 2, 352, 1061, 846, 0, 0.80%, 7, 0, 2, 1449.16
1639451332, 2, 390, 1061, 838, 0, 0.80%, 7, 0, 2, 1441.99
1639451338, 2, 421, 1061, 828, 0, 0.80%, 7, 0, 2, 1438.17
1639451343, 2, 454, 1061, 821, 0, 0.80%, 7, 0, 2, 1396.00
1639451348, 2, 497, 1061, 815, 0, 0.80%, 8, 0, 2, 1427.80
1639451353, 2, 532, 1061, 805, 0, 0.80%, 9, 0, 2, 1757.95
1639451358, 2, 559, 1061, 794, 0, 0.80%, 10, 0, 2, 2258.67
1639451363, 2, 599, 1061, 783, 0, 0.80%, 10, 0, 2, 2359.35
1639451368, 2, 636, 1061, 771, 0, 0.80%, 10, 0, 2, 2319.19
1639451374, 2, 679, 1061, 757, 0, 0.80%, 10, 0, 2, 2342.51
1639451379, 2, 722, 1061, 746, 0, 0.80%, 10, 0, 2, 2492.13
1639451384, 2, 783, 1061, 737, 0, 0.80%, 10, 0, 2, 2485.00
1639451389, 2, 835, 1061, 728, 0, 0.80%, 10, 0, 2, 2489.79
1639451394, 2, 861, 1061, 717, 0, 0.80%, 10, 0, 2, 2450.24
1639451399, 2, 931, 1061, 702, 0, 0.80%, 10, 0, 2, 2471.86
1639451404, 2, 956, 1061, 694, 0, 0.80%, 10, 0, 2, 1689.28
1639451409, 2, 983, 1061, 688, 0, 0.80%, 10, 0, 2, 1386.20
1639451414, 2, 1006, 1061, 682, 0, 0.80%, 10, 0, 2, 1283.05
1639451419, 2, 1024, 1061, 678, 0, 0.80%, 10, 0, 2, 1230.27
1639451425, 2, 1052, 1061, 671, 0, 0.80%, 10, 0, 2, 1138.63
1639451430, 2, 1057, 1061, 671, 0, 0.80%, 10, 0, 2, 1107.16
1639451435, 3, 24, 1061, 668, 0, 0.80%, 10, 0, 2, 1047.68
1639451440, 3, 66, 1061, 663, 0, 0.80%, 10, 0, 2, 1034.83
1639451445, 3, 115, 1061, 659, 0, 0.80%, 10, 0, 2, 1038.03
1639451450, 3, 135, 1061, 657, 0, 0.80%, 10, 0, 2, 1007.17
1639451455, 3, 158, 1061, 652, 0, 0.80%, 10, 0, 2, 1025.32
1639451460, 3, 185, 1061, 648, 0, 0.80%, 10, 0, 2, 1056.66
1639451466, 3, 231, 1061, 644, 0, 0.80%, 10, 0, 2, 1068.85
1639451471, 3, 241, 1061, 640, 0, 0.80%, 11, 0, 2, 1098.54
1639451476, 3, 266, 1061, 636, 0, 0.80%, 11, 0, 2, 1109.48
1639451481, 3, 302, 1061, 631, 0, 0.80%, 11, 0, 2, 1100.85
1639451486, 3, 326, 1061, 626, 0, 0.80%, 11, 0, 2, 1087.38
