# unix_time, cycles_done, cur_path, paths_total, pending_total, pending_favs, map_size, unique_crashes, unique_hangs, max_depth, execs_per_sec
1639445323, 0, 0, 1, 1, 1, 0.12%, 0, 0, 1, 2000.00
1639445328, 0, 0, 75, 75, 1, 0.45%, 4, 0, 2, 1562.68
1639445333, 0, 5, 116, 114, 40, 0.51%, 5, 0, 3, 1476.59
1639445338, 0, 5, 128, 126, 40, 0.51%, 9, 0, 3, 1413.17
1639445343, 0, 26, 142, 131, 36, 0.53%, 9, 0, 3, 1427.31
1639445348, 0, 65, 150, 123, 20, 0.54%, 9, 0, 3, 1446.74
1639445353, 0, 98, 164, 129, 12, 0.55%, 9, 0, 4, 1450.72
1639445358, 0, 112, 181, 143, 16, 0.58%, 9, 0, 4, 2191.93
1639445363, 0, 148, 187, 142, 11, 0.59%, 9, 0, 4, 1691.63
1639445369, 0, 163, 192, 145, 11, 0.59%, 9, 0, 5, 1456.56
1639445374, 0, 170, 198, 147, 10, 0.63%, 9, 0, 5, 1473.63
1639445379, 0, 173, 202, 150, 9, 0.65%, 9, 0, 5, 1440.34
1639445384, 0, 181, 207, 152, 12, 0.66%, 9, 0, 5, 1434.53
1639445389, 0, 192, 209, 151, 10, 0.67%, 10, 0, 6, 1446.20
1639445394, 0, 200, 210, 148, 7, 0.67%, 10, 0, 6, 1404.50
1639445399, 0, 203, 213, 148, 6, 0.68%, 10, 0, 6, 1425.20
1639445404, 0, 208, 219, 152, 4, 0.69%, 11, 0, 7, 1447.07
1639445409, 0, 212, 219, 150, 4, 0.69%, 11, 0, 7, 1473.77
1639445415, 0, 218, 221, 150, 2, 0.69%, 11, 0, 8, 186.82
1639445420, 1, 54, 222, 149, 1, 0.69%, 11, 0, 9, 2184.31
1639445425, 2, 19, 227, 150, 0, 0.70%, 11, 0, 9, 1367.82
1639445430, 2, 225, 234, 153, 1, 0.71%, 11, 0, 9, 1417.80
1639445435, 2, 228, 240, 158, 5, 0.71%, 11, 0, 9, 1455.26
1639445440, 2, 230, 242, 159, 4, 0.71%, 11, 0, 9, 1490.82
1639445445, 2, 231, 247, 163, 5, 0.72%, 11, 0, 9, 1469.41
1639445450, 2, 231, 250, 166, 5, 0.72%, 11, 0, 9, 1473.11
1639445455, 2, 233, 254, 169, 4, 0.72%, 11, 0, 9, 1481.83
1639445460, 2, 235, 258, 172, 3, 0.72%, 11, 0, 9, 1448.33
1639445465, 2, 243, 258, 171, 2, 0.72%, 12, 0, 9, 1454.12
1639445471, 2, 246, 261, 172, 0, 0.72%, 13, 0, 9, 1456.77
1639445476, 2, 250, 262, 172, 0, 0.72%, 13, 0, 9, 1462.19
1639445481, 3, 21, 264, 172, 0, 0.72%, 13, 0, 9, 1458.45
1639445486, 3, 54, 265, 169, 0, 0.72%, 13, 0, 9, 1477.58
1639445491, 3, 87, 265, 165, 0, 0.72%, 13, 0, 9, 1465.51
1639445496, 3, 116, 265, 160, 0, 0.72%, 13, 0, 9, 1468.90
1639445501, 3, 144, 265, 155, 0, 0.72%, 13, 0, 9, 1462.87
1639445506, 3, 164, 265, 149, 0, 0.72%, 13, 0, 9, 1455.48
1639445511, 3, 178, 265, 147, 0, 0.72%, 13, 0, 9, 1461.21
1639445516, 3, 190, 266, 146, 0, 0.72%, 13, 0, 9, 1466.43
1639445521, 3, 199, 266, 145, 0, 0.72%, 13, 0, 9, 1464.69
1639445526, 3, 206, 268, 147, 0, 0.72%, 13, 0, 9, 1455.06
1639445531, 3, 212, 268, 146, 0, 0.72%, 13, 0, 9, 1471.68
1639445536, 3, 220, 269, 147, 0, 0.72%, 13, 0, 9, 1473.08
1639445541, 3, 223, 269, 146, 0, 0.72%, 13, 0, 9, 1464.03
1639445546, 3, 231, 270, 146, 0, 0.72%, 13, 0, 9, 1469.19
1639445551, 3, 233, 273, 149, 0, 0.72%, 13, 0, 9, 1462.55
1639445557, 3, 236, 276, 152, 0, 0.72%, 13, 0, 9, 1449.27
1639445562, 3, 261, 276, 151, 1, 0.72%, 13, 0, 9, 1457.09
1639445567, 4, 22, 276, 147, 0, 0.72%, 13, 0, 9, 1462.88
1639445572, 4, 65, 277, 147, 0, 0.72%, 13, 0, 9, 1472.95
1639445577, 4, 98, 277, 141, 0, 0.72%, 14, 0, 9, 1472.47
1639445582, 4, 131, 277, 137, 0, 0.72%, 14, 0, 9, 1465.71
1639445587, 4, 169, 277, 132, 0, 0.72%, 14, 0, 9, 1470.49
1639445592, 4, 181, 278, 133, 0, 0.72%, 14, 0, 9, 1468.93
1639445597, 4, 192, 280, 133, 0, 0.72%, 14, 0, 9, 1461.42
1639445602, 4, 201, 280, 133, 0, 0.72%, 14, 0, 9, 1472.22
1639445607, 4, 208, 280, 131, 0, 0.72%, 14, 0, 9, 1475.05
1639445612, 4, 280, 281, 132, 1, 0.72%, 15, 0, 9, 1464.76
1639445617, 5, 22, 282, 128, 0, 0.73%, 15, 0, 9, 1493.17
1639445622, 5, 281, 288, 134, 1, 0.74%, 15, 0, 9, 1473.78
