# unix_time, cycles_done, cur_path, paths_total, pending_total, pending_favs, map_size, unique_crashes, unique_hangs, max_depth, execs_per_sec
1639526908, 0, 0, 1, 1, 1, 0.12%, 0, 0, 1, 1600.00
1639526914, 0, 0, 77, 77, 1, 0.46%, 2, 0, 2, 1419.23
1639526919, 0, 14, 98, 92, 35, 0.46%, 3, 0, 3, 1432.32
1639526924, 0, 34, 111, 95, 25, 0.46%, 4, 0, 3, 1428.95
1639526929, 0, 35, 125, 108, 25, 0.49%, 4, 0, 3, 1425.25
1639526934, 0, 62, 139, 112, 17, 0.50%, 5, 0, 3, 1447.05
1639526939, 0, 67, 156, 128, 18, 0.52%, 5, 0, 3, 1450.88
1639526944, 0, 85, 173, 139, 18, 0.54%, 5, 0, 3, 1423.54
1639526949, 0, 140, 178, 136, 11, 0.55%, 6, 0, 4, 1452.86
1639526954, 0, 157, 189, 143, 11, 0.57%, 6, 0, 4, 1943.92
1639526959, 0, 160, 199, 152, 16, 0.58%, 6, 0, 4, 1524.75
1639526965, 0, 164, 206, 158, 17, 0.59%, 6, 0, 4, 1228.22
1639526970, 0, 173, 212, 160, 14, 0.63%, 8, 0, 5, 1278.01
1639526975, 0, 173, 217, 165, 14, 0.63%, 8, 0, 5, 1219.86
1639526980, 0, 180, 219, 164, 18, 0.63%, 8, 0, 5, 1260.89
1639526985, 0, 185, 222, 164, 16, 0.64%, 8, 0, 5, 1334.69
1639526990, 0, 196, 227, 166, 15, 0.64%, 8, 0, 5, 1321.11
1639526995, 0, 207, 232, 168, 13, 0.64%, 8, 0, 5, 1373.29
1639527000, 0, 208, 240, 175, 12, 0.65%, 8, 0, 6, 1367.47
1639527006, 0, 213, 243, 174, 13, 0.65%, 8, 0, 6, 1344.67
1639527011, 0, 220, 245, 174, 11, 0.65%, 8, 0, 6, 1309.81
1639527016, 0, 227, 248, 174, 9, 0.65%, 9, 0, 6, 1344.44
1639527021, 0, 228, 255, 180, 8, 0.65%, 9, 0, 6, 1330.22
1639527026, 0, 235, 263, 185, 7, 0.65%, 9, 0, 7, 1327.19
1639527031, 0, 241, 263, 182, 4, 0.65%, 9, 0, 7, 1341.20
1639527036, 0, 262, 267, 183, 1, 0.66%, 10, 0, 8, 1324.24
1639527041, 0, 267, 270, 184, 1, 0.67%, 10, 0, 10, 1333.38
1639527047, 0, 269, 271, 183, 2, 0.68%, 10, 0, 11, 1388.00
1639527052, 0, 271, 276, 186, 1, 0.69%, 10, 0, 13, 1426.85
1639527057, 0, 274, 282, 191, 2, 0.70%, 10, 0, 14, 1442.86
1639527062, 0, 278, 285, 192, 5, 0.75%, 10, 0, 15, 1444.73
1639527067, 0, 280, 287, 193, 4, 0.75%, 10, 0, 15, 1416.54
1639527072, 0, 281, 288, 193, 3, 0.75%, 10, 0, 15, 1319.12
1639527077, 0, 287, 290, 193, 2, 0.75%, 10, 0, 16, 1369.60
1639527082, 1, 110, 290, 188, 0, 0.75%, 10, 0, 16, 1403.48
1639527087, 1, 127, 290, 183, 0, 0.75%, 10, 0, 16, 1415.04
1639527092, 1, 144, 290, 178, 0, 0.75%, 10, 0, 16, 1373.67
1639527097, 1, 163, 292, 178, 0, 0.75%, 10, 0, 16, 1360.43
1639527102, 1, 177, 294, 178, 0, 0.75%, 10, 0, 16, 1366.40
1639527107, 1, 184, 294, 177, 0, 0.75%, 10, 0, 16, 1360.19
1639527113, 1, 192, 295, 176, 0, 0.75%, 10, 0, 16, 1405.47
1639527118, 1, 294, 297, 176, 1, 0.75%, 10, 0, 16, 1402.17
1639527123, 1, 296, 300, 178, 0, 0.75%, 10, 0, 16, 1386.92
1639527128, 1, 298, 303, 180, 3, 0.76%, 10, 0, 16, 1374.15
1639527133, 1, 300, 306, 182, 2, 0.77%, 10, 0, 16, 1382.34
1639527138, 1, 300, 309, 185, 2, 0.77%, 10, 0, 16, 1393.32
1639527143, 1, 305, 311, 186, 2, 0.77%, 10, 0, 16, 1361.69
1639527148, 1, 305, 315, 190, 2, 0.77%, 10, 0, 16, 1391.96
1639527153, 2, 220, 316, 188, 0, 0.77%, 10, 0, 16, 1369.49
1639527158, 2, 228, 318, 189, 0, 0.77%, 10, 0, 16, 1378.10
1639527163, 2, 247, 320, 191, 0, 0.77%, 10, 0, 16, 1401.48
1639527168, 2, 258, 324, 193, 0, 0.77%, 10, 0, 16, 1399.36
1639527173, 2, 285, 326, 194, 1, 0.77%, 10, 0, 16, 1385.92
1639527178, 3, 326, 327, 191, 1, 0.77%, 10, 0, 16, 1380.78
1639527183, 4, 27, 327, 187, 0, 0.77%, 10, 0, 16, 1346.22
1639527188, 4, 46, 328, 184, 0, 0.77%, 10, 0, 16, 1334.82
1639527193, 4, 75, 329, 181, 0, 0.77%, 10, 0, 16, 1329.44
1639527198, 4, 110, 331, 179, 0, 0.77%, 10, 0, 16, 1352.88
1639527203, 4, 143, 331, 176, 0, 0.77%, 10, 0, 16, 1360.88
1639527208, 4, 158, 331, 172, 0, 0.77%, 10, 0, 16, 1326.60
