# unix_time, cycles_done, cur_path, paths_total, pending_total, pending_favs, map_size, unique_crashes, unique_hangs, max_depth, execs_per_sec
1639449971, 0, 0, 985, 985, 99, 0.93%, 0, 0, 1, 1189.43
1639449976, 0, 156, 985, 976, 90, 0.93%, 3, 0, 1, 1393.40
1639449981, 0, 196, 985, 966, 80, 0.93%, 5, 0, 1, 1392.71
1639449986, 0, 261, 985, 957, 73, 0.93%, 5, 0, 1, 1406.12
1639449992, 0, 419, 985, 946, 62, 0.93%, 6, 0, 1, 1442.93
1639449997, 0, 557, 985, 935, 53, 0.93%, 6, 0, 1, 1371.10
1639450002, 0, 615, 985, 924, 42, 0.93%, 7, 0, 1, 1344.04
1639450007, 0, 700, 985, 915, 33, 0.93%, 7, 0, 1, 1425.54
1639450012, 0, 802, 985, 904, 23, 0.93%, 7, 0, 1, 1446.87
1639450017, 0, 835, 985, 897, 16, 0.93%, 7, 0, 1, 1451.49
1639450022, 0, 953, 985, 886, 6, 0.93%, 7, 0, 1, 1455.24
1639450027, 1, 12, 985, 876, 0, 0.93%, 7, 0, 1, 1432.79
1639450032, 1, 34, 985, 868, 0, 0.93%, 7, 0, 1, 1432.31
1639450038, 1, 66, 985, 865, 0, 0.93%, 7, 0, 1, 1441.06
1639450043, 1, 93, 985, 855, 0, 0.93%, 8, 0, 1, 1427.44
1639450048, 1, 121, 985, 849, 0, 0.93%, 8, 0, 1, 1408.21
1639450053, 1, 156, 985, 841, 0, 0.93%, 9, 0, 1, 1429.61
1639450058, 1, 180, 985, 837, 0, 0.93%, 9, 0, 1, 1420.22
1639450063, 1, 197, 985, 834, 0, 0.93%, 9, 0, 1, 1421.77
1639450068, 1, 230, 985, 827, 0, 0.93%, 9, 0, 1, 1419.12
1639450073, 1, 265, 985, 824, 0, 0.93%, 9, 0, 1, 1422.09
1639450078, 1, 300, 985, 818, 0, 0.93%, 9, 0, 1, 1422.39
1639450083, 1, 361, 985, 810, 0, 0.93%, 9, 0, 1, 1434.19
1639450089, 1, 402, 985, 804, 0, 0.93%, 9, 0, 1, 1434.73
1639450094, 1, 439, 985, 798, 0, 0.93%, 9, 0, 1, 1430.95
1639450099, 1, 465, 985, 788, 0, 0.93%, 9, 0, 1, 1432.58
1639450104, 1, 530, 985, 777, 0, 0.93%, 9, 0, 1, 1425.23
1639450109, 1, 561, 985, 774, 0, 0.93%, 9, 0, 1, 1426.80
1639450114, 1, 591, 985, 766, 0, 0.93%, 10, 0, 1, 1418.45
1639450119, 1, 616, 985, 762, 0, 0.93%, 10, 0, 1, 1445.29
1639450125, 1, 660, 985, 751, 0, 0.93%, 10, 0, 1, 1431.58
1639450130, 1, 684, 985, 742, 0, 0.93%, 10, 0, 1, 1432.68
1639450135, 1, 717, 985, 740, 0, 0.93%, 10, 0, 1, 1442.96
1639450140, 1, 760, 985, 732, 0, 0.93%, 10, 0, 1, 1453.23
1639450145, 1, 780, 985, 726, 0, 0.93%, 10, 0, 1, 1434.20
1639450150, 1, 812, 985, 721, 0, 0.93%, 10, 0, 1, 1606.09
1639450155, 1, 825, 985, 715, 0, 0.93%, 10, 0, 1, 1448.15
1639450160, 1, 849, 985, 710, 0, 0.93%, 10, 0, 1, 1447.04
1639450165, 1, 872, 985, 704, 0, 0.93%, 10, 0, 1, 1419.81
1639450170, 1, 905, 985, 698, 0, 0.93%, 10, 0, 1, 1375.27
1639450175, 1, 922, 985, 690, 0, 0.93%, 10, 0, 1, 1413.32
1639450180, 1, 955, 985, 686, 0, 0.93%, 10, 0, 1, 1444.21
1639450185, 2, 3, 985, 680, 0, 0.93%, 10, 0, 1, 1418.65
1639450190, 2, 33, 985, 675, 0, 0.93%, 10, 0, 1, 1436.14
1639450196, 2, 57, 985, 669, 0, 0.93%, 11, 0, 1, 1421.51
1639450201, 2, 94, 985, 665, 0, 0.93%, 11, 0, 1, 1420.84
1639450206, 2, 147, 985, 656, 0, 0.93%, 11, 0, 1, 1425.87
1639450211, 2, 168, 985, 650, 0, 0.93%, 11, 0, 1, 1422.36
1639450216, 2, 190, 985, 645, 0, 0.93%, 11, 0, 1, 1416.01
1639450221, 2, 216, 985, 640, 0, 0.93%, 11, 0, 1, 1424.72
1639450226, 2, 236, 985, 635, 0, 0.93%, 11, 0, 1, 1424.63
1639450231, 2, 262, 985, 631, 0, 0.93%, 11, 0, 1, 1418.33
1639450236, 2, 297, 985, 622, 0, 0.93%, 11, 0, 1, 1420.57
1639450241, 2, 342, 985, 614, 0, 0.93%, 11, 0, 1, 1382.80
1639450246, 2, 365, 985, 608, 0, 0.93%, 11, 0, 1, 1209.17
1639450251, 2, 409, 985, 602, 0, 0.93%, 11, 0, 1, 1378.60
1639450256, 2, 434, 985, 598, 0, 0.93%, 11, 0, 1, 1414.08
1639450262, 2, 484, 985, 589, 0, 0.93%, 11, 0, 1, 1434.56
