# unix_time, cycles_done, cur_path, paths_total, pending_total, pending_favs, map_size, unique_crashes, unique_hangs, max_depth, execs_per_sec
1639473455, 0, 0, 551, 551, 90, 0.87%, 0, 0, 1, 1180.19
1639473460, 0, 63, 551, 540, 79, 0.87%, 0, 0, 1, 1356.70
1639473465, 0, 112, 551, 531, 70, 0.87%, 2, 0, 1, 1398.46
1639473470, 0, 158, 551, 522, 61, 0.87%, 4, 0, 1, 1378.69
1639473475, 0, 236, 552, 515, 53, 0.87%, 5, 0, 2, 1401.50
1639473480, 0, 302, 552, 503, 42, 0.87%, 5, 0, 2, 1411.78
1639473486, 0, 363, 552, 496, 35, 0.87%, 6, 0, 2, 1403.34
1639473491, 0, 408, 552, 486, 26, 0.87%, 6, 0, 2, 1388.16
1639473496, 0, 433, 552, 478, 18, 0.87%, 6, 0, 2, 1392.51
1639473501, 0, 491, 552, 470, 11, 0.87%, 6, 0, 2, 1369.77
1639473506, 0, 547, 552, 458, 0, 0.87%, 6, 0, 2, 1425.70
1639473511, 1, 39, 552, 450, 0, 0.87%, 7, 0, 2, 1429.40
1639473516, 1, 65, 552, 448, 0, 0.87%, 7, 0, 2, 1420.07
1639473522, 1, 80, 552, 444, 0, 0.87%, 7, 0, 2, 1410.61
1639473527, 1, 102, 552, 437, 0, 0.87%, 7, 0, 2, 1407.31
1639473532, 1, 127, 552, 430, 0, 0.87%, 7, 0, 2, 1409.29
1639473537, 1, 146, 552, 426, 0, 0.87%, 8, 0, 2, 1432.00
1639473542, 1, 163, 552, 420, 0, 0.87%, 8, 0, 2, 1411.08
1639473547, 1, 200, 552, 412, 0, 0.87%, 8, 0, 2, 1410.32
1639473552, 1, 224, 552, 408, 0, 0.87%, 8, 0, 2, 1416.61
1639473557, 1, 248, 552, 402, 0, 0.87%, 8, 0, 2, 1426.60
1639473562, 1, 283, 552, 396, 0, 0.87%, 8, 0, 2, 1410.13
1639473567, 1, 302, 552, 390, 0, 0.87%, 8, 0, 2, 1434.35
1639473572, 1, 324, 552, 385, 0, 0.87%, 8, 0, 2, 1396.12
1639473578, 1, 346, 552, 380, 0, 0.87%, 8, 0, 2, 1408.95
1639473583, 1, 363, 552, 373, 0, 0.87%, 8, 0, 2, 1407.26
1639473588, 1, 396, 552, 367, 0, 0.87%, 9, 0, 2, 1405.23
1639473593, 1, 414, 552, 366, 0, 0.87%, 9, 0, 2, 1391.68
1639473598, 1, 439, 552, 361, 0, 0.87%, 9, 0, 2, 1402.62
1639473603, 1, 458, 552, 354, 0, 0.87%, 9, 0, 2, 1389.49
1639473608, 1, 466, 553, 352, 0, 0.87%, 9, 0, 2, 1309.27
1639473614, 1, 490, 553, 348, 0, 0.87%, 9, 0, 2, 1373.89
1639473619, 1, 505, 553, 342, 0, 0.87%, 9, 0, 2, 1363.67
1639473624, 1, 550, 553, 338, 0, 0.87%, 9, 0, 2, 1407.57
1639473629, 2, 39, 553, 331, 0, 0.87%, 9, 0, 2, 1423.96
1639473634, 2, 58, 553, 328, 0, 0.87%, 9, 0, 2, 1420.91
1639473639, 2, 86, 553, 325, 0, 0.87%, 9, 0, 2, 1407.17
1639473644, 2, 243, 555, 322, 2, 0.87%, 9, 0, 2, 1390.40
1639473649, 3, 0, 555, 317, 0, 0.87%, 9, 0, 2, 1383.94
1639473654, 3, 49, 555, 312, 0, 0.87%, 9, 0, 2, 1417.92
1639473659, 3, 72, 555, 309, 0, 0.87%, 9, 0, 2, 1410.35
1639473665, 3, 113, 555, 307, 0, 0.87%, 9, 0, 2, 1409.22
1639473670, 3, 148, 555, 304, 0, 0.87%, 9, 0, 2, 1413.20
1639473675, 3, 184, 555, 299, 0, 0.87%, 9, 0, 2, 1414.51
1639473680, 3, 214, 555, 296, 0, 0.87%, 9, 0, 2, 1377.00
1639473685, 3, 252, 555, 291, 0, 0.87%, 9, 0, 2, 1425.70
1639473690, 4, 40, 556, 288, 0, 0.87%, 9, 0, 2, 1425.27
1639473695, 4, 70, 556, 287, 0, 0.87%, 9, 0, 2, 1428.93
1639473701, 4, 113, 556, 285, 0, 0.87%, 9, 0, 2, 1418.51
1639473706, 4, 141, 557, 284, 0, 0.87%, 9, 0, 2, 1426.73
1639473711, 4, 159, 557, 279, 0, 0.87%, 9, 0, 2, 1375.46
1639473716, 4, 204, 557, 272, 0, 0.87%, 9, 0, 2, 1406.06
1639473721, 4, 249, 557, 267, 0, 0.87%, 9, 0, 2, 1578.41
1639473726, 4, 292, 557, 264, 0, 0.87%, 9, 0, 2, 1437.22
1639473731, 4, 310, 557, 259, 0, 0.87%, 9, 0, 2, 1417.58
1639473736, 4, 337, 557, 256, 0, 0.87%, 9, 0, 2, 1418.79
1639473741, 4, 365, 557, 252, 0, 0.87%, 9, 0, 2, 1389.50
1639473746, 4, 399, 557, 246, 0, 0.87%, 9, 0, 2, 1412.81
