# unix_time, cycles_done, cur_path, paths_total, pending_total, pending_favs, map_size, unique_crashes, unique_hangs, max_depth, execs_per_sec
1639486987, 0, 0, 1, 1, 1, 0.12%, 0, 0, 1, 1600.00
1639486993, 0, 0, 92, 92, 1, 0.47%, 6, 0, 2, 2060.58
1639486998, 0, 26, 135, 123, 29, 0.49%, 7, 0, 3, 1782.78
1639487003, 0, 44, 152, 131, 23, 0.51%, 7, 0, 3, 1452.57
1639487008, 0, 82, 166, 132, 14, 0.52%, 8, 0, 3, 1410.11
1639487013, 0, 92, 174, 137, 12, 0.53%, 8, 0, 3, 1395.94
1639487018, 0, 141, 174, 132, 8, 0.53%, 8, 0, 3, 1403.54
1639487023, 0, 166, 183, 135, 6, 0.55%, 8, 0, 4, 1404.51
1639487028, 0, 176, 185, 133, 4, 0.55%, 9, 0, 5, 1382.26
1639487033, 0, 182, 196, 141, 2, 0.55%, 10, 0, 5, 1388.38
1639487038, 0, 188, 201, 144, 2, 0.55%, 10, 0, 6, 1412.06
1639487043, 0, 192, 205, 147, 5, 0.59%, 10, 0, 6, 1436.58
1639487048, 0, 203, 222, 161, 12, 0.61%, 10, 0, 7, 1416.97
1639487054, 0, 204, 229, 167, 12, 0.66%, 10, 0, 7, 1419.86
1639487059, 0, 207, 240, 175, 17, 0.67%, 10, 0, 7, 1401.31
1639487064, 0, 212, 242, 172, 12, 0.67%, 10, 0, 7, 1423.51
1639487069, 0, 221, 248, 175, 9, 0.67%, 10, 0, 8, 1390.81
1639487074, 0, 221, 248, 175, 9, 0.67%, 11, 0, 8, 1404.56
1639487079, 0, 226, 261, 186, 7, 0.69%, 11, 0, 8, 1409.81
1639487084, 0, 228, 265, 188, 15, 0.69%, 11, 0, 8, 1432.12
1639487089, 0, 238, 269, 188, 12, 0.69%, 11, 0, 8, 1415.76
1639487094, 0, 249, 271, 189, 12, 0.70%, 11, 0, 8, 1284.21
1639487100, 0, 252, 272, 188, 11, 0.70%, 11, 0, 9, 262.77
1639487105, 0, 255, 274, 187, 8, 0.70%, 11, 0, 9, 1283.89
1639487110, 0, 260, 279, 189, 7, 0.70%, 12, 0, 9, 1395.56
1639487115, 0, 261, 282, 191, 6, 0.71%, 12, 0, 9, 1401.42
1639487120, 0, 269, 287, 194, 8, 0.72%, 12, 0, 9, 1395.70
1639487125, 0, 279, 288, 191, 5, 0.72%, 14, 0, 10, 1395.69
1639487130, 0, 280, 294, 196, 4, 0.72%, 14, 0, 10, 1406.06
1639487135, 0, 290, 295, 193, 1, 0.72%, 14, 0, 10, 1403.99
1639487140, 1, 110, 295, 187, 0, 0.72%, 14, 0, 10, 1417.83
1639487145, 1, 139, 296, 180, 0, 0.72%, 14, 0, 10, 1437.00
1639487150, 1, 165, 297, 176, 0, 0.72%, 14, 0, 10, 1418.28
1639487155, 1, 298, 301, 179, 1, 0.73%, 14, 0, 10, 1443.72
1639487160, 1, 300, 301, 178, 1, 0.73%, 14, 0, 10, 1447.49
1639487166, 2, 26, 301, 173, 0, 0.73%, 14, 0, 10, 1438.24
1639487171, 2, 53, 305, 176, 0, 0.73%, 14, 0, 10, 1388.07
1639487176, 2, 82, 307, 172, 0, 0.73%, 14, 0, 10, 1421.97
1639487181, 2, 119, 308, 167, 0, 0.73%, 14, 0, 10, 1427.92
1639487186, 2, 158, 309, 161, 0, 0.73%, 14, 0, 10, 1428.58
1639487191, 2, 178, 310, 158, 0, 0.73%, 14, 0, 10, 1442.12
1639487196, 2, 204, 310, 156, 0, 0.73%, 14, 0, 10, 1426.64
1639487201, 2, 209, 310, 156, 0, 0.73%, 14, 0, 10, 1430.21
1639487206, 2, 213, 310, 156, 0, 0.73%, 14, 0, 10, 1425.75
1639487211, 2, 227, 311, 154, 0, 0.73%, 14, 0, 10, 1420.66
1639487216, 2, 242, 311, 153, 0, 0.73%, 14, 0, 10, 1420.28
1639487221, 2, 252, 311, 151, 0, 0.73%, 14, 0, 10, 1444.58
1639487226, 2, 255, 311, 151, 0, 0.73%, 14, 0, 10, 1426.36
1639487231, 2, 270, 311, 151, 0, 0.73%, 14, 0, 10, 1447.19
1639487236, 2, 277, 311, 150, 0, 0.73%, 14, 0, 10, 1442.42
1639487241, 2, 282, 311, 149, 0, 0.73%, 14, 0, 10, 1432.37
1639487247, 2, 289, 312, 149, 0, 0.73%, 14, 0, 10, 1444.58
1639487252, 2, 300, 314, 149, 0, 0.73%, 14, 0, 11, 1396.82
1639487257, 2, 312, 316, 150, 0, 0.73%, 14, 0, 12, 1351.10
1639487262, 2, 314, 317, 150, 0, 0.73%, 14, 0, 12, 1345.11
1639487267, 3, 30, 317, 147, 0, 0.73%, 14, 0, 12, 1383.87
1639487272, 3, 55, 317, 146, 0, 0.73%, 14, 0, 12, 1413.19
1639487277, 3, 99, 318, 143, 0, 0.73%, 14, 0, 12, 1419.01
1639487282, 3, 131, 318, 139, 0, 0.73%, 14, 0, 12, 1441.26
1639487288, 3, 169, 318, 136, 0, 0.73%, 14, 0, 12, 1443.94
