# unix_time, cycles_done, cur_path, paths_total, pending_total, pending_favs, map_size, unique_crashes, unique_hangs, max_depth, execs_per_sec
1639484551, 0, 0, 838, 838, 98, 0.91%, 0, 0, 1, 1282.57
1639484557, 0, 70, 838, 828, 89, 0.91%, 3, 0, 1, 1381.56
1639484562, 0, 191, 838, 815, 77, 0.91%, 4, 0, 1, 1408.77
1639484567, 0, 232, 838, 806, 69, 0.91%, 6, 0, 1, 1412.15
1639484572, 0, 309, 838, 797, 60, 0.91%, 7, 0, 1, 1419.41
1639484577, 0, 441, 838, 782, 45, 0.91%, 7, 0, 1, 1549.73
1639484582, 0, 556, 838, 774, 37, 0.91%, 8, 0, 1, 1432.47
1639484588, 0, 643, 838, 766, 30, 0.91%, 8, 0, 1, 1413.97
1639484593, 0, 703, 838, 759, 24, 0.91%, 8, 0, 1, 1280.65
1639484598, 0, 748, 838, 752, 17, 0.91%, 8, 0, 1, 1229.02
1639484603, 0, 794, 838, 743, 8, 0.91%, 8, 0, 1, 1222.96
1639484608, 0, 817, 838, 738, 3, 0.91%, 8, 0, 1, 1213.95
1639484613, 1, 22, 838, 729, 0, 0.91%, 8, 0, 1, 1256.52
1639484621, 1, 31, 838, 726, 0, 0.91%, 8, 0, 1, 57.98
1639484627, 1, 58, 838, 722, 0, 0.91%, 10, 0, 1, 1637.83
1639484632, 1, 81, 838, 717, 0, 0.91%, 10, 0, 1, 1361.97
1639484637, 1, 131, 838, 710, 0, 0.91%, 10, 0, 1, 1397.02
1639484642, 1, 157, 838, 703, 0, 0.91%, 10, 0, 1, 1393.38
1639484647, 1, 178, 838, 696, 0, 0.91%, 10, 0, 1, 1388.04
1639484652, 1, 203, 838, 692, 0, 0.91%, 10, 0, 1, 1374.78
1639484657, 1, 216, 838, 688, 0, 0.91%, 11, 0, 1, 1400.51
1639484662, 1, 252, 838, 683, 0, 0.91%, 11, 0, 1, 1393.05
1639484667, 1, 276, 838, 678, 0, 0.91%, 11, 0, 1, 1381.70
1639484673, 1, 290, 838, 672, 0, 0.91%, 11, 0, 1, 1382.79
1639484678, 1, 325, 838, 667, 0, 0.91%, 12, 0, 1, 1415.40
1639484683, 1, 350, 838, 661, 0, 0.91%, 12, 0, 1, 1381.43
1639484688, 1, 384, 838, 654, 0, 0.91%, 12, 0, 1, 1390.24
1639484693, 1, 422, 838, 646, 0, 0.91%, 12, 0, 1, 1386.02
1639484698, 1, 446, 838, 639, 0, 0.91%, 12, 0, 1, 1398.10
1639484703, 1, 491, 838, 631, 0, 0.91%, 12, 0, 1, 1421.80
1639484708, 1, 528, 838, 623, 0, 0.91%, 12, 0, 1, 1417.73
1639484714, 1, 556, 838, 618, 0, 0.91%, 12, 0, 1, 1405.86
1639484719, 1, 586, 838, 612, 0, 0.91%, 12, 0, 1, 1425.81
1639484724, 1, 619, 838, 605, 0, 0.91%, 12, 0, 1, 1424.63
1639484729, 1, 637, 838, 599, 0, 0.91%, 12, 0, 1, 1414.70
1639484734, 1, 664, 838, 595, 0, 0.91%, 12, 0, 1, 1416.06
1639484739, 1, 675, 838, 589, 0, 0.91%, 12, 0, 1, 1376.53
1639484745, 1, 700, 838, 580, 0, 0.91%, 13, 0, 1, 1392.25
1639484750, 1, 727, 838, 576, 0, 0.91%, 13, 0, 1, 1416.59
1639484755, 1, 762, 838, 570, 0, 0.91%, 13, 0, 1, 1420.14
1639484760, 1, 788, 838, 565, 0, 0.91%, 13, 0, 1, 1422.53
1639484765, 1, 806, 838, 561, 0, 0.91%, 13, 0, 1, 1432.13
1639484770, 1, 813, 838, 556, 0, 0.91%, 13, 0, 1, 1418.67
1639484775, 2, 6, 838, 548, 0, 0.91%, 13, 0, 1, 1410.37
1639484780, 2, 44, 838, 541, 0, 0.91%, 13, 0, 1, 1400.76
1639484786, 2, 55, 838, 537, 0, 0.91%, 13, 0, 1, 1403.55
1639484791, 2, 78, 838, 531, 0, 0.91%, 13, 0, 1, 1404.33
1639484796, 2, 95, 838, 526, 0, 0.91%, 13, 0, 1, 1394.48
1639484801, 2, 145, 838, 520, 0, 0.91%, 13, 0, 1, 1401.68
1639484806, 2, 172, 838, 514, 0, 0.91%, 13, 0, 1, 1412.96
1639484811, 2, 196, 838, 509, 0, 0.91%, 13, 0, 1, 1419.37
1639484817, 2, 225, 838, 505, 0, 0.91%, 14, 0, 1, 1424.31
1639484822, 2, 243, 838, 500, 0, 0.91%, 14, 0, 1, 1409.83
1639484827, 2, 259, 838, 494, 0, 0.91%, 14, 0, 1, 1419.08
1639484832, 2, 283, 838, 487, 0, 0.91%, 14, 0, 1, 1419.17
1639484837, 2, 320, 838, 481, 0, 0.91%, 15, 0, 1, 1408.72
1639484842, 2, 341, 838, 477, 0, 0.91%, 15, 0, 1, 1418.91
