# unix_time, cycles_done, cur_path, paths_total, pending_total, pending_favs, map_size, unique_crashes, unique_hangs, max_depth, execs_per_sec
1639510023, 0, 0, 1, 1, 1, 0.12%, 0, 0, 1, 1142.86
1639510028, 0, 0, 78, 78, 1, 0.46%, 3, 0, 2, 1376.54
1639510033, 0, 11, 99, 95, 38, 0.49%, 3, 0, 3, 1331.93
1639510038, 0, 22, 108, 100, 38, 0.49%, 3, 0, 3, 1321.18
1639510043, 0, 24, 113, 104, 37, 0.50%, 3, 0, 3, 1320.61
1639510049, 0, 34, 121, 107, 32, 0.50%, 3, 0, 3, 1375.39
1639510054, 0, 52, 135, 112, 24, 0.51%, 3, 0, 3, 1365.43
1639510059, 0, 77, 146, 114, 15, 0.51%, 4, 0, 3, 1367.11
1639510064, 0, 100, 163, 123, 13, 0.54%, 4, 0, 4, 1343.46
1639510069, 0, 102, 171, 130, 16, 0.55%, 4, 0, 4, 1328.15
1639510074, 0, 152, 179, 131, 9, 0.55%, 4, 0, 4, 1297.13
1639510079, 0, 154, 185, 135, 7, 0.56%, 4, 0, 4, 1326.55
1639510084, 0, 163, 189, 136, 6, 0.56%, 4, 0, 5, 1349.60
1639510089, 0, 169, 197, 141, 6, 0.57%, 4, 0, 5, 1356.36
1639510094, 0, 183, 203, 146, 7, 0.59%, 4, 0, 5, 1366.32
1639510099, 0, 188, 207, 148, 10, 0.60%, 4, 0, 6, 1323.72
1639510104, 0, 198, 209, 147, 7, 0.60%, 4, 0, 6, 1300.21
1639510109, 0, 202, 216, 151, 5, 0.62%, 4, 0, 6, 1318.13
1639510114, 0, 203, 218, 152, 6, 0.63%, 4, 0, 6, 1296.61
1639510119, 0, 203, 226, 160, 6, 0.64%, 4, 0, 6, 1199.45
1639510124, 0, 213, 229, 160, 11, 0.65%, 4, 0, 7, 1284.08
1639510129, 0, 214, 233, 163, 13, 0.65%, 5, 0, 7, 1317.35
1639510134, 0, 217, 239, 166, 10, 0.65%, 6, 0, 7, 1298.92
1639510139, 0, 218, 241, 167, 10, 0.65%, 6, 0, 7, 1323.78
1639510144, 0, 222, 245, 169, 8, 0.65%, 7, 0, 7, 1306.54
1639510149, 0, 228, 248, 168, 6, 0.65%, 8, 0, 8, 1249.54
1639510155, 0, 238, 257, 175, 5, 0.65%, 8, 0, 8, 1208.09
1639510160, 0, 244, 259, 176, 5, 0.65%, 8, 0, 8, 1226.11
1639510165, 0, 252, 261, 176, 3, 0.65%, 8, 0, 8, 1269.30
1639510170, 1, 14, 263, 173, 0, 0.65%, 9, 0, 9, 1278.29
1639510175, 1, 41, 264, 170, 0, 0.65%, 9, 0, 9, 1323.02
1639510180, 1, 264, 265, 168, 1, 0.66%, 9, 0, 9, 1275.48
1639510185, 2, 26, 266, 166, 0, 0.66%, 9, 0, 9, 1262.80
1639510190, 3, 22, 268, 167, 0, 0.66%, 9, 0, 9, 1270.39
1639510195, 3, 51, 268, 166, 0, 0.66%, 9, 0, 9, 1304.05
1639510200, 3, 68, 269, 164, 0, 0.66%, 9, 0, 9, 1337.74
1639510205, 3, 93, 270, 161, 0, 0.66%, 9, 0, 9, 1365.38
1639510210, 3, 126, 270, 156, 0, 0.66%, 9, 0, 9, 1379.66
1639510215, 3, 271, 274, 157, 1, 0.68%, 9, 0, 9, 1372.29
1639510220, 3, 274, 279, 161, 1, 0.72%, 9, 0, 9, 1364.60
1639510225, 3, 276, 280, 161, 2, 0.72%, 9, 0, 9, 1358.58
1639510230, 3, 278, 282, 162, 1, 0.72%, 9, 0, 9, 1349.35
1639510235, 4, 25, 284, 162, 0, 0.72%, 9, 0, 9, 1358.72
1639510240, 4, 44, 284, 159, 0, 0.72%, 9, 0, 9, 1346.56
1639510245, 4, 64, 284, 156, 0, 0.72%, 10, 0, 9, 1344.13
1639510250, 5, 5, 286, 153, 0, 0.72%, 10, 0, 9, 1334.78
1639510255, 5, 36, 286, 151, 0, 0.72%, 10, 0, 9, 1341.69
1639510261, 5, 67, 287, 151, 0, 0.72%, 10, 0, 9, 1320.16
1639510266, 5, 93, 287, 148, 0, 0.72%, 10, 0, 9, 1277.62
1639510271, 5, 242, 288, 146, 1, 0.72%, 10, 0, 9, 1287.33
1639510276, 5, 287, 290, 146, 1, 0.72%, 10, 0, 9, 1286.09
1639510281, 6, 27, 291, 146, 0, 0.72%, 10, 0, 9, 1321.78
1639510286, 6, 56, 291, 145, 0, 0.72%, 10, 0, 9, 1377.16
1639510291, 6, 83, 291, 143, 0, 0.72%, 10, 0, 9, 1428.81
1639510296, 6, 118, 292, 141, 0, 0.72%, 10, 0, 9, 1431.24
1639510301, 6, 153, 293, 133, 0, 0.72%, 10, 0, 9, 1426.80
1639510306, 6, 177, 293, 131, 0, 0.72%, 10, 0, 9, 1420.39
1639510312, 6, 187, 294, 128, 0, 0.72%, 10, 0, 9, 1421.17
1639510317, 6, 198, 294, 126, 0, 0.72%, 10, 0, 9, 1431.75
1639510322, 6, 207, 294, 126, 0, 0.72%, 10, 0, 9, 1429.44
