# unix_time, cycles_done, cur_path, paths_total, pending_total, pending_favs, map_size, unique_crashes, unique_hangs, max_depth, execs_per_sec
1639509119, 0, 0, 1, 1, 1, 0.12%, 0, 0, 1, 800.00
1639509124, 0, 0, 76, 76, 1, 0.46%, 3, 0, 2, 1264.52
1639509129, 0, 11, 95, 92, 35, 0.48%, 4, 0, 3, 1423.06
1639509134, 0, 26, 110, 97, 31, 0.49%, 4, 0, 3, 1428.55
1639509139, 0, 46, 124, 101, 22, 0.50%, 4, 0, 3, 1446.10
1639509144, 0, 57, 136, 109, 19, 0.51%, 6, 0, 3, 1416.92
1639509149, 0, 66, 144, 113, 20, 0.52%, 6, 0, 3, 1445.21
1639509154, 0, 89, 154, 116, 15, 0.52%, 7, 0, 3, 1439.95
1639509159, 0, 124, 163, 119, 10, 0.54%, 7, 0, 4, 1470.71
1639509164, 0, 134, 173, 126, 11, 0.56%, 7, 0, 4, 1464.26
1639509169, 0, 159, 183, 131, 7, 0.56%, 7, 0, 5, 1436.94
1639509174, 0, 162, 185, 132, 9, 0.57%, 7, 0, 5, 1443.49
1639509179, 0, 167, 196, 142, 8, 0.58%, 8, 0, 5, 1439.42
1639509185, 0, 178, 203, 146, 10, 0.59%, 8, 0, 5, 1368.42
1639509190, 0, 180, 205, 147, 11, 0.59%, 9, 0, 5, 1296.75
1639509195, 0, 183, 207, 147, 9, 0.59%, 10, 0, 6, 1299.04
1639509200, 0, 188, 209, 146, 7, 0.59%, 10, 0, 6, 1364.28
1639509205, 0, 193, 211, 147, 6, 0.60%, 10, 0, 6, 1372.12
1639509210, 0, 200, 214, 147, 4, 0.60%, 10, 0, 6, 1387.56
1639509215, 0, 200, 218, 151, 4, 0.60%, 10, 0, 6, 1407.92
1639509220, 0, 209, 223, 154, 3, 0.63%, 10, 0, 7, 1409.87
1639509225, 0, 210, 227, 157, 5, 0.63%, 10, 0, 7, 1406.31
1639509230, 0, 217, 229, 158, 4, 0.63%, 10, 0, 7, 1397.73
1639509235, 0, 218, 238, 166, 3, 0.65%, 10, 0, 8, 1386.29
1639509240, 0, 221, 241, 167, 10, 0.65%, 11, 0, 8, 1332.47
1639509245, 0, 230, 243, 166, 8, 0.66%, 11, 0, 9, 1373.40
1639509250, 0, 234, 244, 164, 6, 0.66%, 11, 0, 9, 1383.25
1639509255, 0, 238, 248, 166, 3, 0.68%, 11, 0, 9, 1296.67
1639509260, 0, 244, 250, 166, 2, 0.68%, 11, 0, 9, 1330.26
1639509266, 0, 247, 260, 175, 1, 0.70%, 11, 0, 10, 238.17
1639509276, 0, 254, 260, 173, 6, 0.70%, 11, 0, 10, 968.65
1639509281, 0, 258, 263, 172, 2, 0.70%, 11, 0, 11, 1176.98
1639509286, 0, 258, 267, 176, 2, 0.71%, 11, 0, 11, 1264.75
1639509291, 0, 265, 273, 179, 2, 0.72%, 11, 0, 12, 1337.01
1639509296, 0, 266, 274, 179, 3, 0.72%, 11, 0, 12, 1409.49
1639509301, 0, 271, 275, 178, 1, 0.72%, 11, 0, 13, 1337.73
1639509306, 1, 41, 276, 176, 0, 0.72%, 11, 0, 13, 1105.57
1639509312, 1, 51, 277, 176, 0, 0.72%, 11, 0, 13, 964.04
1639509317, 1, 221, 278, 176, 1, 0.72%, 11, 0, 13, 1162.08
1639509322, 2, 22, 279, 173, 0, 0.72%, 11, 0, 13, 1210.33
1639509327, 2, 41, 280, 171, 0, 0.72%, 11, 0, 13, 1254.41
1639509332, 2, 67, 280, 169, 0, 0.72%, 11, 0, 13, 1262.36
1639509337, 2, 280, 284, 173, 1, 0.78%, 12, 0, 13, 1277.22
1639509342, 2, 282, 288, 176, 4, 0.79%, 13, 0, 13, 1295.35
1639509347, 2, 282, 289, 177, 4, 0.79%, 13, 0, 13, 1246.61
1639509352, 2, 283, 289, 176, 5, 0.79%, 13, 0, 13, 1301.27
1639509357, 2, 284, 295, 181, 4, 0.79%, 13, 0, 13, 1348.83
1639509363, 2, 287, 296, 180, 3, 0.79%, 13, 0, 13, 1316.76
1639509368, 2, 294, 298, 181, 3, 0.79%, 13, 0, 13, 1318.17
1639509373, 2, 295, 299, 181, 2, 0.79%, 13, 0, 13, 1298.77
1639509378, 3, 101, 301, 178, 0, 0.79%, 13, 0, 13, 1264.44
1639509383, 3, 123, 301, 173, 0, 0.79%, 13, 0, 13, 1315.09
1639509388, 3, 151, 301, 168, 0, 0.79%, 13, 0, 13, 1309.44
1639509393, 3, 162, 301, 167, 0, 0.79%, 13, 0, 13, 1315.78
1639509398, 3, 175, 301, 164, 0, 0.79%, 13, 0, 13, 1334.36
1639509403, 3, 180, 301, 163, 0, 0.79%, 13, 0, 13, 1354.17
1639509408, 3, 183, 301, 162, 0, 0.79%, 13, 0, 13, 1310.95
1639509413, 3, 186, 301, 161, 0, 0.79%, 13, 0, 13, 1304.80
1639509419, 3, 196, 301, 161, 0, 0.79%, 13, 0, 13, 1848.48
