# unix_time, cycles_done, cur_path, paths_total, pending_total, pending_favs, map_size, unique_crashes, unique_hangs, max_depth, execs_per_sec
1639515329, 0, 0, 790, 790, 99, 0.92%, 0, 0, 1, 1173.85
1639515334, 0, 145, 790, 779, 90, 0.92%, 5, 0, 1, 1318.69
1639515339, 0, 223, 790, 770, 81, 0.92%, 5, 0, 1, 1403.42
1639515345, 0, 299, 790, 760, 72, 0.92%, 7, 0, 1, 1413.72
1639515350, 0, 337, 790, 754, 66, 0.92%, 8, 0, 1, 1434.17
1639515355, 0, 436, 790, 743, 55, 0.92%, 9, 0, 1, 1391.22
1639515360, 0, 511, 790, 734, 47, 0.92%, 9, 0, 1, 1348.15
1639515365, 0, 557, 790, 724, 37, 0.92%, 11, 0, 1, 1366.17
1639515370, 0, 621, 790, 714, 28, 0.92%, 11, 0, 1, 1338.12
1639515375, 0, 664, 790, 704, 18, 0.92%, 11, 0, 1, 1351.06
1639515380, 0, 700, 790, 697, 14, 0.92%, 11, 0, 1, 1309.65
1639515386, 0, 746, 790, 690, 7, 0.92%, 11, 0, 1, 1300.77
1639515391, 1, 6, 790, 682, 0, 0.92%, 11, 0, 1, 1362.21
1639515396, 1, 57, 790, 673, 0, 0.92%, 11, 0, 1, 1332.70
1639515401, 1, 85, 790, 667, 0, 0.92%, 12, 0, 1, 1313.06
1639515406, 1, 114, 790, 662, 0, 0.92%, 12, 0, 1, 1346.25
1639515411, 1, 142, 790, 655, 0, 0.92%, 12, 0, 1, 1398.91
1639515416, 1, 169, 790, 648, 0, 0.92%, 14, 0, 1, 1433.03
1639515421, 1, 191, 790, 644, 0, 0.92%, 14, 0, 1, 1389.03
1639515426, 1, 223, 790, 637, 0, 0.92%, 14, 0, 1, 1413.82
1639515431, 1, 245, 790, 631, 0, 0.92%, 14, 0, 1, 1356.69
1639515437, 1, 279, 790, 624, 0, 0.92%, 14, 0, 1, 1354.05
1639515442, 1, 312, 790, 619, 0, 0.92%, 14, 0, 1, 1350.73
1639515447, 1, 331, 790, 617, 0, 0.92%, 14, 0, 1, 1395.09
1639515452, 1, 371, 790, 610, 0, 0.92%, 15, 0, 1, 1672.46
1639515457, 1, 397, 790, 603, 0, 0.92%, 15, 0, 1, 1443.93
1639515462, 1, 410, 792, 599, 0, 0.92%, 15, 0, 2, 1400.65
1639515468, 1, 431, 792, 594, 0, 0.92%, 15, 0, 2, 1439.04
1639515473, 1, 463, 792, 588, 0, 0.92%, 16, 0, 2, 155.36
1639515478, 1, 499, 792, 581, 0, 0.92%, 16, 0, 2, 1357.63
1639515483, 1, 515, 792, 575, 0, 0.92%, 16, 0, 2, 1429.73
1639515488, 1, 556, 792, 572, 0, 0.92%, 17, 0, 2, 1359.04
1639515493, 1, 571, 792, 569, 0, 0.92%, 17, 0, 2, 1367.22
1639515498, 1, 599, 792, 561, 0, 0.92%, 17, 0, 2, 1378.82
1639515503, 1, 623, 792, 554, 0, 0.92%, 17, 0, 2, 1414.40
1639515508, 1, 655, 792, 546, 0, 0.92%, 17, 0, 2, 1421.81
1639515513, 1, 667, 792, 541, 0, 0.92%, 17, 0, 2, 1400.27
1639515519, 1, 684, 792, 536, 0, 0.92%, 17, 0, 2, 1384.29
1639515524, 1, 713, 792, 530, 0, 0.92%, 17, 0, 2, 1373.19
1639515529, 1, 735, 793, 526, 0, 0.92%, 18, 0, 2, 1402.10
1639515534, 1, 764, 793, 524, 0, 0.92%, 18, 0, 2, 1422.14
1639515539, 2, 13, 793, 516, 0, 0.92%, 18, 0, 2, 1418.60
1639515544, 2, 54, 793, 509, 0, 0.92%, 18, 0, 2, 1423.86
1639515549, 2, 87, 793, 506, 0, 0.92%, 18, 0, 2, 1447.06
1639515554, 2, 132, 793, 500, 0, 0.92%, 18, 0, 2, 1469.67
1639515559, 2, 152, 793, 493, 0, 0.92%, 18, 0, 2, 1442.37
1639515564, 2, 196, 793, 489, 0, 0.92%, 18, 0, 2, 1454.20
1639515569, 2, 223, 793, 483, 0, 0.92%, 18, 0, 2, 1412.77
1639515575, 2, 252, 793, 478, 0, 0.92%, 18, 0, 2, 1441.62
1639515580, 2, 280, 793, 471, 0, 0.92%, 19, 0, 2, 1442.47
1639515585, 2, 309, 794, 467, 0, 0.92%, 19, 0, 2, 1436.47
1639515590, 2, 323, 794, 463, 0, 0.92%, 19, 0, 2, 1454.79
1639515595, 2, 353, 794, 458, 0, 0.92%, 19, 0, 2, 1470.81
1639515600, 2, 413, 794, 452, 0, 0.92%, 19, 0, 2, 1481.49
1639515605, 2, 442, 794, 448, 0, 0.92%, 19, 0, 2, 1478.93
1639515610, 2, 465, 794, 442, 0, 0.92%, 19, 0, 2, 1407.63
1639515615, 2, 487, 794, 437, 0, 0.92%, 19, 0, 2, 1354.31
1639515620, 2, 511, 794, 432, 0, 0.92%, 19, 0, 2, 1303.86
