# unix_time, cycles_done, cur_path, paths_total, pending_total, pending_favs, map_size, unique_crashes, unique_hangs, max_depth, execs_per_sec
1639554905, 0, 0, 830, 830, 95, 0.96%, 0, 0, 1, 1083.02
1639554910, 0, 120, 830, 820, 85, 0.96%, 1, 0, 1, 1350.02
1639554915, 0, 189, 830, 811, 77, 0.96%, 3, 0, 1, 1437.47
1639554921, 0, 304, 830, 797, 63, 0.96%, 3, 0, 1, 1363.70
1639554926, 0, 370, 830, 785, 51, 0.96%, 3, 0, 1, 1415.91
1639554931, 0, 447, 830, 777, 43, 0.96%, 3, 0, 1, 1445.95
1639554936, 0, 482, 830, 769, 37, 0.96%, 3, 0, 1, 1434.57
1639554941, 0, 598, 830, 760, 30, 0.96%, 4, 0, 1, 1436.18
1639554946, 0, 670, 830, 751, 21, 0.96%, 4, 0, 1, 1448.20
1639554951, 0, 728, 830, 742, 12, 0.96%, 4, 0, 1, 1425.24
1639554956, 0, 813, 830, 730, 1, 0.96%, 4, 0, 1, 1427.38
1639554961, 1, 31, 830, 722, 0, 0.96%, 4, 0, 1, 1456.95
1639554966, 1, 63, 830, 715, 0, 0.96%, 4, 0, 1, 1620.35
1639554971, 1, 93, 830, 708, 0, 0.96%, 5, 0, 1, 1470.69
1639554976, 1, 117, 830, 701, 0, 0.96%, 5, 0, 1, 1444.87
1639554982, 1, 138, 830, 693, 0, 0.96%, 5, 0, 1, 1423.10
1639554987, 1, 173, 830, 688, 0, 0.96%, 5, 0, 1, 1439.05
1639554992, 1, 187, 830, 681, 0, 0.96%, 6, 0, 1, 1425.42
1639554997, 1, 226, 830, 674, 0, 0.96%, 6, 0, 1, 1443.06
1639555002, 1, 249, 830, 667, 0, 0.96%, 6, 0, 1, 1457.41
1639555007, 1, 273, 830, 659, 0, 0.96%, 6, 0, 1, 1445.68
1639555012, 1, 302, 830, 651, 0, 0.96%, 6, 0, 1, 1434.54
1639555017, 1, 329, 830, 647, 0, 0.96%, 6, 0, 1, 1443.70
1639555022, 1, 345, 830, 642, 0, 0.96%, 6, 0, 1, 1465.73
1639555028, 1, 372, 830, 634, 0, 0.96%, 6, 0, 1, 1460.34
1639555033, 1, 396, 830, 628, 0, 0.96%, 7, 0, 1, 1443.29
1639555038, 1, 419, 830, 620, 0, 0.96%, 7, 0, 1, 1448.85
1639555043, 1, 433, 830, 614, 0, 0.96%, 9, 0, 1, 1417.26
1639555048, 1, 459, 830, 610, 0, 0.96%, 9, 0, 1, 1446.03
1639555053, 1, 483, 830, 607, 0, 0.96%, 9, 0, 1, 1433.37
1639555058, 1, 521, 830, 601, 0, 0.96%, 9, 0, 1, 1412.18
1639555063, 1, 561, 830, 592, 0, 0.96%, 9, 0, 1, 1441.95
1639555068, 1, 575, 830, 586, 0, 0.96%, 10, 0, 1, 1415.49
1639555073, 1, 618, 830, 580, 0, 0.96%, 10, 0, 1, 1403.68
1639555079, 1, 635, 830, 577, 0, 0.96%, 10, 0, 1, 1463.58
1639555084, 1, 667, 830, 571, 0, 0.96%, 10, 0, 1, 1448.12
1639555089, 1, 688, 830, 564, 0, 0.96%, 10, 0, 1, 1466.35
1639555094, 1, 716, 830, 559, 0, 0.96%, 10, 0, 1, 1434.68
1639555099, 1, 735, 830, 556, 0, 0.96%, 10, 0, 1, 1438.03
1639555104, 1, 767, 830, 548, 0, 0.96%, 10, 0, 1, 1426.60
1639555109, 1, 795, 830, 543, 0, 0.96%, 10, 0, 1, 1459.73
1639555114, 1, 811, 830, 537, 0, 0.96%, 10, 0, 1, 1447.53
1639555119, 2, 34, 830, 530, 0, 0.96%, 10, 0, 1, 1458.60
1639555124, 2, 79, 830, 526, 0, 0.96%, 10, 0, 1, 1434.39
1639555129, 2, 106, 830, 520, 0, 0.96%, 10, 0, 1, 1436.92
1639555134, 2, 145, 830, 513, 0, 0.96%, 10, 0, 1, 1428.12
1639555139, 2, 187, 830, 509, 0, 0.96%, 10, 0, 1, 1443.41
1639555144, 2, 223, 830, 503, 0, 0.96%, 10, 0, 1, 1396.82
1639555150, 2, 258, 830, 500, 0, 0.96%, 10, 0, 1, 1441.70
1639555155, 2, 291, 830, 491, 0, 0.96%, 10, 0, 1, 1409.86
1639555160, 2, 330, 830, 486, 0, 0.96%, 10, 0, 1, 1366.99
1639555165, 2, 364, 830, 484, 0, 0.96%, 11, 0, 1, 1345.38
1639555170, 2, 381, 830, 481, 0, 0.96%, 11, 0, 1, 1383.41
1639555175, 2, 420, 830, 477, 0, 0.96%, 11, 0, 1, 1420.66
1639555180, 2, 448, 830, 472, 0, 0.96%, 12, 0, 1, 1426.27
1639555185, 2, 473, 830, 467, 0, 0.96%, 12, 0, 1, 1418.04
1639555190, 2, 514, 830, 463, 0, 0.96%, 12, 0, 1, 1440.28
1639555195, 2, 539, 830, 457, 0, 0.96%, 12, 0, 1, 1439.24
