# unix_time, cycles_done, cur_path, paths_total, pending_total, pending_favs, map_size, unique_crashes, unique_hangs, max_depth, execs_per_sec
1639559485, 0, 0, 1, 1, 1, 0.12%, 0, 0, 1, 1333.33
1639559490, 0, 0, 60, 60, 1, 0.30%, 10, 0, 2, 1143.92
1639559495, 0, 8, 82, 80, 29, 0.34%, 12, 0, 3, 1171.28
1639559500, 0, 28, 102, 95, 25, 0.34%, 14, 0, 3, 1153.16
1639559505, 0, 32, 114, 105, 24, 0.35%, 15, 0, 3, 1168.77
1639559510, 0, 36, 114, 101, 22, 0.35%, 15, 0, 3, 1176.06
1639559515, 0, 50, 119, 97, 13, 0.35%, 15, 0, 3, 1219.46
1639559520, 0, 78, 121, 91, 7, 0.35%, 15, 0, 3, 1153.03
1639559526, 0, 98, 135, 102, 5, 0.35%, 15, 0, 4, 1183.71
1639559531, 0, 112, 138, 103, 7, 0.36%, 15, 0, 4, 1174.26
1639559536, 0, 133, 148, 110, 8, 0.38%, 16, 0, 5, 1173.78
1639559541, 0, 137, 151, 111, 7, 0.38%, 16, 0, 5, 1178.28
1639559546, 0, 138, 154, 113, 6, 0.39%, 16, 0, 5, 1196.12
1639559551, 0, 141, 159, 116, 7, 0.39%, 17, 0, 6, 1140.19
1639559556, 0, 141, 162, 119, 7, 0.39%, 17, 0, 6, 1139.17
1639559561, 0, 144, 165, 120, 7, 0.39%, 17, 0, 6, 1003.43
1639559566, 0, 148, 171, 125, 6, 0.40%, 17, 0, 6, 1150.07
1639559572, 0, 151, 174, 127, 8, 0.40%, 18, 0, 6, 1090.40
1639559577, 0, 153, 176, 128, 7, 0.40%, 19, 0, 6, 1143.57
1639559582, 0, 157, 176, 126, 5, 0.40%, 19, 0, 6, 1140.37
1639559587, 0, 159, 177, 126, 4, 0.41%, 19, 0, 7, 975.65
1639559592, 0, 176, 185, 131, 4, 0.43%, 20, 0, 8, 924.76
1639559597, 0, 176, 186, 132, 4, 0.43%, 20, 0, 8, 1069.56
1639559602, 0, 185, 190, 133, 3, 0.44%, 20, 0, 8, 1141.25
1639559607, 0, 186, 193, 135, 2, 0.44%, 20, 0, 9, 1119.76
1639559612, 0, 191, 196, 136, 2, 0.44%, 20, 0, 10, 1162.67
1639559617, 1, 8, 196, 131, 0, 0.44%, 20, 0, 10, 1178.58
1639559622, 1, 25, 200, 131, 0, 0.44%, 20, 0, 10, 1165.07
1639559627, 1, 43, 200, 129, 0, 0.44%, 20, 0, 10, 1129.25
1639559632, 1, 187, 201, 127, 1, 0.44%, 20, 0, 10, 1102.62
1639559638, 2, 20, 201, 123, 0, 0.44%, 20, 0, 10, 1116.51
1639559643, 2, 196, 203, 124, 1, 0.44%, 20, 0, 10, 1126.25
1639559648, 2, 201, 207, 127, 2, 0.45%, 20, 0, 10, 1131.21
1639559653, 2, 204, 213, 132, 1, 0.49%, 20, 0, 10, 1163.99
1639559658, 2, 204, 217, 136, 1, 0.49%, 20, 0, 10, 1160.80
1639559663, 2, 210, 223, 141, 6, 0.50%, 20, 0, 10, 1130.88
1639559668, 2, 211, 235, 152, 6, 0.52%, 20, 0, 10, 1151.15
1639559673, 2, 211, 244, 161, 6, 0.52%, 20, 0, 10, 1201.88
1639559678, 2, 214, 246, 162, 16, 0.53%, 20, 0, 10, 1152.80
1639559683, 2, 215, 250, 165, 15, 0.53%, 20, 0, 10, 1183.12
1639559688, 2, 216, 250, 164, 16, 0.53%, 20, 0, 10, 1165.21
1639559693, 2, 218, 252, 165, 15, 0.53%, 20, 0, 10, 1072.79
1639559698, 2, 218, 254, 167, 15, 0.53%, 20, 0, 10, 1110.53
1639559704, 2, 227, 254, 165, 13, 0.53%, 20, 0, 10, 1152.10
1639559709, 2, 230, 254, 163, 11, 0.53%, 20, 0, 10, 1160.01
1639559714, 2, 234, 256, 163, 9, 0.53%, 20, 0, 10, 1124.70
1639559719, 2, 235, 256, 162, 8, 0.53%, 20, 0, 10, 1158.62
1639559724, 2, 238, 256, 160, 6, 0.53%, 20, 0, 10, 1187.16
1639559729, 2, 240, 256, 159, 5, 0.53%, 20, 0, 10, 1168.08
1639559734, 2, 246, 258, 159, 3, 0.53%, 20, 0, 10, 1192.13
1639559739, 2, 246, 259, 160, 3, 0.53%, 20, 0, 10, 1166.38
1639559744, 2, 252, 262, 161, 1, 0.53%, 20, 0, 10, 1111.74
1639559749, 2, 258, 262, 160, 0, 0.53%, 20, 0, 10, 1161.08
1639559754, 2, 261, 262, 159, 0, 0.53%, 20, 0, 10, 1141.44
1639559759, 3, 222, 263, 157, 1, 0.53%, 20, 0, 10, 1161.30
1639559765, 3, 253, 263, 156, 1, 0.53%, 20, 0, 10, 1180.51
1639559770, 4, 27, 263, 152, 0, 0.53%, 20, 0, 10, 1172.97
1639559775, 4, 78, 263, 149, 0, 0.53%, 20, 0, 10, 1806.24
1639559780, 4, 98, 265, 148, 0, 0.53%, 20, 0, 10, 1289.02
1639559785, 4, 123, 265, 146, 0, 0.53%, 20, 0, 10, 1182.19
