# unix_time, cycles_done, cur_path, paths_total, pending_total, pending_favs, map_size, unique_crashes, unique_hangs, max_depth, execs_per_sec
1639518074, 0, 0, 866, 866, 99, 0.92%, 0, 0, 1, 1097.07
1639518079, 0, 103, 866, 857, 90, 0.92%, 2, 0, 1, 1352.82
1639518084, 0, 141, 866, 850, 83, 0.92%, 2, 0, 1, 1421.73
1639518089, 0, 255, 866, 837, 70, 0.92%, 2, 0, 1, 1462.84
1639518095, 0, 335, 866, 830, 64, 0.92%, 3, 0, 1, 1440.39
1639518100, 0, 422, 866, 822, 56, 0.92%, 5, 0, 1, 1393.71
1639518105, 0, 467, 866, 814, 48, 0.92%, 5, 0, 1, 1387.83
1639518110, 0, 523, 866, 804, 39, 0.92%, 5, 0, 1, 1394.20
1639518115, 0, 613, 866, 793, 28, 0.92%, 5, 0, 1, 1445.40
1639518120, 0, 708, 866, 783, 19, 0.92%, 6, 0, 1, 1455.21
1639518125, 0, 776, 866, 774, 10, 0.92%, 6, 0, 1, 1460.50
1639518130, 1, 6, 866, 763, 0, 0.92%, 7, 0, 1, 1454.44
1639518135, 1, 42, 866, 757, 0, 0.92%, 7, 0, 1, 1442.94
1639518141, 1, 69, 866, 749, 0, 0.92%, 8, 0, 1, 1425.56
1639518146, 1, 85, 866, 743, 0, 0.92%, 9, 0, 1, 1429.08
1639518151, 1, 110, 866, 738, 0, 0.92%, 9, 0, 1, 1432.05
1639518156, 1, 138, 866, 734, 0, 0.92%, 10, 0, 1, 1414.12
1639518161, 1, 334, 866, 728, 0, 0.92%, 11, 0, 1, 1382.41
1639518166, 1, 362, 866, 719, 0, 0.92%, 11, 0, 1, 1564.23
1639518171, 2, 28, 866, 713, 1, 0.92%, 11, 0, 1, 1407.31
1639518176, 2, 362, 866, 706, 0, 0.92%, 11, 0, 1, 1374.08
1639518181, 2, 379, 866, 702, 0, 0.92%, 11, 0, 1, 1380.88
1639518186, 2, 396, 867, 697, 0, 0.92%, 11, 0, 2, 1368.06
1639518191, 2, 424, 867, 690, 0, 0.92%, 11, 0, 2, 1426.11
1639518196, 2, 448, 867, 683, 0, 0.92%, 11, 0, 2, 1450.79
1639518201, 2, 463, 867, 678, 0, 0.92%, 11, 0, 2, 1446.34
1639518206, 2, 500, 867, 671, 0, 0.92%, 11, 0, 2, 1457.47
1639518212, 2, 520, 867, 667, 0, 0.92%, 11, 0, 2, 1462.09
1639518217, 2, 567, 867, 661, 0, 0.92%, 11, 0, 2, 1455.79
1639518222, 2, 596, 867, 655, 0, 0.92%, 12, 0, 2, 1416.98
1639518227, 2, 618, 867, 650, 0, 0.92%, 12, 0, 2, 1338.04
1639518232, 2, 637, 867, 646, 0, 0.92%, 12, 0, 2, 1306.48
1639518237, 2, 666, 867, 640, 0, 0.92%, 12, 0, 2, 1338.42
1639518242, 2, 700, 867, 633, 0, 0.92%, 12, 0, 2, 1336.82
1639518247, 2, 735, 867, 627, 0, 0.92%, 12, 0, 2, 1368.32
1639518252, 2, 758, 867, 622, 0, 0.92%, 12, 0, 2, 1427.63
1639518257, 2, 786, 867, 617, 0, 0.92%, 12, 0, 2, 1452.00
1639518262, 2, 811, 867, 610, 0, 0.92%, 12, 0, 2, 1447.27
1639518267, 2, 851, 867, 602, 0, 0.92%, 14, 0, 2, 1442.60
1639518273, 3, 21, 867, 595, 0, 0.92%, 14, 0, 2, 1450.86
1639518278, 3, 54, 867, 588, 0, 0.92%, 14, 0, 2, 1446.05
1639518283, 3, 103, 867, 581, 0, 0.92%, 14, 0, 2, 1427.06
1639518288, 3, 129, 867, 577, 0, 0.92%, 14, 0, 2, 1397.55
1639518293, 3, 147, 867, 572, 0, 0.92%, 14, 0, 2, 1342.00
1639518298, 3, 176, 867, 565, 0, 0.92%, 15, 0, 2, 1426.05
1639518303, 3, 192, 867, 561, 0, 0.92%, 15, 0, 2, 1443.09
1639518308, 3, 231, 867, 551, 0, 0.92%, 15, 0, 2, 1418.78
1639518313, 3, 281, 867, 545, 0, 0.92%, 15, 0, 2, 1407.68
1639518319, 3, 309, 867, 538, 0, 0.92%, 15, 0, 2, 1416.73
1639518324, 3, 332, 868, 532, 0, 0.92%, 15, 0, 2, 1410.40
1639518329, 3, 867, 868, 529, 1, 0.92%, 16, 0, 2, 1420.94
1639518334, 4, 33, 868, 525, 0, 0.92%, 16, 0, 2, 1407.31
1639518339, 4, 56, 869, 520, 0, 0.92%, 16, 0, 2, 1409.82
1639518344, 4, 110, 869, 517, 0, 0.92%, 16, 0, 2, 1411.56
1639518349, 4, 141, 869, 516, 0, 0.92%, 16, 0, 2, 1367.81
1639518354, 4, 178, 869, 511, 0, 0.92%, 16, 0, 2, 1371.20
1639518359, 4, 205, 869, 508, 0, 0.92%, 16, 0, 2, 1381.46
1639518364, 4, 255, 870, 503, 0, 0.93%, 16, 0, 2, 1375.07
