# unix_time, cycles_done, cur_path, paths_total, pending_total, pending_favs, map_size, unique_crashes, unique_hangs, max_depth, execs_per_sec
1639599926, 0, 0, 887, 887, 101, 0.93%, 0, 0, 1, 1214.65
1639599931, 0, 139, 887, 876, 91, 0.93%, 3, 0, 1, 1368.23
1639599936, 0, 280, 887, 862, 78, 0.93%, 4, 0, 1, 1422.61
1639599941, 0, 325, 887, 854, 72, 0.93%, 6, 0, 1, 1445.00
1639599946, 0, 416, 887, 844, 62, 0.93%, 6, 0, 1, 1451.50
1639599951, 0, 448, 887, 837, 55, 0.93%, 6, 0, 1, 1425.51
1639599956, 0, 509, 887, 829, 48, 0.93%, 7, 0, 1, 1420.52
1639599961, 0, 574, 887, 821, 40, 0.93%, 8, 0, 1, 1447.21
1639599966, 0, 638, 887, 809, 30, 0.93%, 8, 0, 1, 1438.37
1639599972, 0, 789, 887, 798, 20, 0.93%, 9, 0, 1, 1433.47
1639599977, 0, 821, 887, 789, 11, 0.93%, 9, 0, 1, 1641.72
1639599982, 1, 4, 887, 777, 0, 0.93%, 10, 0, 1, 1500.78
1639599987, 1, 37, 887, 768, 0, 0.93%, 10, 0, 1, 1446.50
1639599992, 1, 56, 888, 762, 0, 0.93%, 10, 0, 2, 1431.07
1639599997, 1, 90, 888, 754, 0, 0.93%, 10, 0, 2, 1439.14
1639600002, 1, 108, 888, 747, 0, 0.93%, 11, 0, 2, 1437.41
1639600007, 1, 135, 888, 739, 0, 0.93%, 11, 0, 2, 1446.29
1639600013, 1, 155, 888, 731, 0, 0.93%, 11, 0, 2, 1382.87
1639600018, 1, 180, 888, 723, 0, 0.93%, 11, 0, 2, 1432.93
1639600023, 1, 213, 888, 715, 0, 0.93%, 11, 0, 2, 1439.55
1639600028, 1, 244, 888, 709, 0, 0.93%, 11, 0, 2, 1424.90
1639600033, 1, 275, 888, 703, 0, 0.93%, 11, 0, 2, 1446.61
1639600038, 1, 295, 888, 696, 0, 0.93%, 12, 0, 2, 1426.83
1639600043, 1, 335, 888, 691, 0, 0.93%, 12, 0, 2, 1413.93
1639600048, 1, 374, 888, 684, 0, 0.93%, 12, 0, 2, 1435.44
1639600053, 1, 397, 888, 679, 0, 0.93%, 12, 0, 2, 1429.31
1639600058, 1, 422, 888, 675, 0, 0.93%, 12, 0, 2, 1436.20
1639600064, 1, 444, 888, 670, 0, 0.93%, 12, 0, 2, 1452.30
1639600069, 1, 453, 888, 667, 0, 0.93%, 12, 0, 2, 1420.76
1639600074, 1, 491, 888, 660, 0, 0.93%, 12, 0, 2, 1432.21
1639600079, 1, 506, 888, 654, 0, 0.93%, 14, 0, 2, 1435.89
1639600084, 1, 525, 888, 651, 0, 0.93%, 14, 0, 2, 1429.30
1639600089, 1, 552, 888, 648, 0, 0.93%, 14, 0, 2, 1429.88
1639600094, 1, 581, 888, 641, 0, 0.93%, 14, 0, 2, 1444.28
1639600099, 1, 600, 888, 636, 0, 0.93%, 14, 0, 2, 1433.61
1639600104, 1, 623, 888, 631, 0, 0.93%, 14, 0, 2, 1428.80
1639600110, 1, 654, 888, 625, 0, 0.93%, 15, 0, 2, 1438.18
1639600115, 1, 684, 888, 619, 0, 0.93%, 15, 0, 2, 1437.31
1639600120, 1, 711, 888, 613, 0, 0.93%, 15, 0, 2, 1425.57
1639600125, 1, 751, 888, 605, 0, 0.93%, 15, 0, 2, 1437.57
1639600130, 1, 781, 888, 597, 0, 0.93%, 15, 0, 2, 1436.38
1639600135, 1, 807, 888, 595, 0, 0.93%, 15, 0, 2, 1404.65
1639600140, 1, 824, 888, 592, 0, 0.93%, 17, 0, 2, 1430.57
1639600145, 1, 843, 888, 585, 0, 0.93%, 17, 0, 2, 1444.60
1639600151, 1, 865, 888, 580, 0, 0.93%, 17, 0, 2, 1436.70
1639600156, 2, 18, 888, 572, 0, 0.93%, 17, 0, 2, 1396.83
1639600161, 2, 61, 888, 567, 0, 0.93%, 17, 0, 2, 1352.94
1639600166, 2, 89, 888, 560, 0, 0.93%, 17, 0, 2, 1376.91
1639600171, 2, 147, 888, 552, 0, 0.93%, 17, 0, 2, 1414.68
1639600176, 2, 194, 888, 544, 0, 0.93%, 17, 0, 2, 1437.47
1639600181, 2, 227, 888, 538, 0, 0.93%, 17, 0, 2, 1417.36
1639600186, 2, 251, 888, 533, 0, 0.93%, 17, 0, 2, 1432.90
1639600191, 2, 290, 888, 529, 0, 0.93%, 17, 0, 2, 1424.72
1639600197, 2, 319, 888, 525, 0, 0.93%, 17, 0, 2, 1415.11
1639600202, 2, 349, 888, 516, 0, 0.93%, 17, 0, 2, 1431.81
1639600207, 2, 385, 888, 509, 0, 0.93%, 17, 0, 2, 1431.88
1639600212, 2, 410, 888, 505, 0, 0.93%, 17, 0, 2, 1431.35
1639600217, 2, 440, 888, 500, 0, 0.93%, 17, 0, 2, 1387.04
