# unix_time, cycles_done, cur_path, paths_total, pending_total, pending_favs, map_size, unique_crashes, unique_hangs, max_depth, execs_per_sec
1639481198, 0, 0, 49, 49, 21, 0.13%, 0, 0, 1, 1272.73
1639481204, 0, 31, 49, 36, 8, 0.13%, 8, 0, 1, 1336.09
1639481209, 1, 0, 49, 28, 0, 0.13%, 8, 0, 1, 1344.88
1639481214, 1, 18, 49, 25, 0, 0.13%, 8, 0, 1, 1372.25
1639481219, 1, 40, 49, 18, 0, 0.13%, 8, 0, 1, 1395.27
1639481224, 2, 3, 49, 16, 0, 0.13%, 8, 0, 1, 1390.52
1639481229, 2, 23, 49, 15, 0, 0.13%, 8, 0, 1, 1361.08
1639481234, 2, 42, 49, 11, 0, 0.13%, 8, 0, 1, 1352.68
1639481239, 3, 9, 49, 11, 0, 0.13%, 8, 0, 1, 1381.39
1639481244, 3, 42, 49, 10, 0, 0.13%, 8, 0, 1, 1398.10
1639481249, 4, 9, 49, 10, 0, 0.13%, 8, 0, 1, 1383.64
1639481254, 4, 35, 49, 8, 0, 0.13%, 8, 0, 1, 1373.31
1639481259, 5, 7, 49, 8, 0, 0.13%, 8, 0, 1, 1576.46
1639481265, 5, 40, 49, 7, 0, 0.13%, 9, 0, 1, 1407.07
1639481270, 6, 5, 49, 7, 0, 0.13%, 9, 0, 1, 1379.53
1639481275, 6, 35, 49, 6, 0, 0.13%, 9, 0, 1, 1380.68
1639481280, 7, 5, 49, 6, 0, 0.13%, 10, 0, 1, 1385.93
1639481285, 7, 35, 49, 6, 0, 0.13%, 10, 0, 1, 1366.05
1639481290, 8, 0, 49, 5, 0, 0.13%, 10, 0, 1, 1370.85
1639481295, 8, 15, 49, 5, 0, 0.13%, 10, 0, 1, 1384.88
1639481300, 8, 43, 49, 4, 0, 0.13%, 10, 0, 1, 1383.30
1639481305, 9, 8, 49, 3, 0, 0.13%, 10, 0, 1, 1379.39
1639481310, 9, 40, 49, 3, 0, 0.13%, 10, 0, 1, 1394.70
1639481315, 10, 7, 49, 3, 0, 0.13%, 10, 0, 1, 1402.96
1639481320, 10, 35, 49, 2, 0, 0.13%, 10, 0, 1, 1390.57
1639481326, 11, 3, 49, 1, 0, 0.13%, 10, 0, 1, 1392.41
1639481331, 11, 31, 49, 1, 0, 0.13%, 10, 0, 1, 1392.54
1639481336, 12, 4, 49, 1, 0, 0.13%, 10, 0, 1, 1371.87
1639481341, 12, 35, 49, 1, 0, 0.13%, 10, 0, 1, 1388.91
1639481346, 13, 4, 49, 1, 0, 0.13%, 10, 0, 1, 1408.07
1639481351, 13, 35, 49, 1, 0, 0.13%, 10, 0, 1, 1398.31
1639481356, 14, 5, 49, 1, 0, 0.13%, 10, 0, 1, 1407.45
1639481361, 14, 40, 49, 1, 0, 0.13%, 10, 0, 1, 1391.42
1639481366, 15, 5, 49, 0, 0, 0.13%, 10, 0, 1, 1401.37
1639481371, 15, 35, 49, 0, 0, 0.13%, 10, 0, 1, 1371.79
1639481376, 16, 3, 49, 0, 0, 0.13%, 10, 0, 1, 1399.00
1639481381, 16, 35, 49, 0, 0, 0.13%, 10, 0, 1, 1390.55
1639481386, 17, 3, 49, 0, 0, 0.13%, 10, 0, 1, 1380.22
1639481392, 17, 35, 49, 0, 0, 0.13%, 10, 0, 1, 1391.55
1639481397, 18, 3, 49, 0, 0, 0.13%, 10, 0, 1, 1377.91
1639481402, 18, 31, 49, 0, 0, 0.13%, 10, 0, 1, 1375.65
1639481407, 19, 0, 49, 0, 0, 0.13%, 10, 0, 1, 1392.96
1639481412, 19, 31, 49, 0, 0, 0.13%, 10, 0, 1, 1372.84
1639481417, 20, 3, 49, 0, 0, 0.13%, 10, 0, 1, 1400.42
1639481422, 20, 35, 49, 0, 0, 0.13%, 10, 0, 1, 1396.00
1639481427, 21, 4, 49, 0, 0, 0.13%, 10, 0, 1, 1410.70
1639481432, 21, 35, 49, 0, 0, 0.13%, 10, 0, 1, 1393.26
1639481437, 22, 5, 49, 0, 0, 0.13%, 10, 0, 1, 1413.95
1639481442, 22, 31, 49, 0, 0, 0.13%, 10, 0, 1, 1416.98
1639481448, 23, 3, 49, 0, 0, 0.13%, 10, 0, 1, 1417.61
1639481453, 23, 35, 49, 0, 0, 0.13%, 10, 0, 1, 1374.56
1639481458, 24, 0, 49, 0, 0, 0.13%, 10, 0, 1, 1401.06
1639481463, 24, 20, 49, 0, 0, 0.13%, 10, 0, 1, 1399.12
1639481468, 24, 44, 49, 0, 0, 0.13%, 10, 0, 1, 1419.20
1639481473, 25, 13, 49, 0, 0, 0.13%, 10, 0, 1, 1384.16
1639481478, 25, 43, 49, 0, 0, 0.13%, 10, 0, 1, 1388.80
1639481484, 26, 9, 49, 0, 0, 0.13%, 10, 0, 1, 1358.57
1639481489, 26, 44, 49, 0, 0, 0.13%, 10, 0, 1, 1357.00
1639481494, 27, 12, 49, 0, 0, 0.13%, 10, 0, 1, 1353.91
