# unix_time, cycles_done, cur_path, paths_total, pending_total, pending_favs, map_size, unique_crashes, unique_hangs, max_depth, execs_per_sec
1639520207, 0, 0, 892, 892, 105, 0.96%, 0, 0, 1, 1217.33
1639520212, 0, 67, 892, 882, 96, 0.96%, 3, 0, 1, 1322.21
1639520217, 0, 134, 892, 875, 89, 0.96%, 5, 0, 1, 1354.56
1639520222, 0, 214, 892, 866, 81, 0.96%, 6, 0, 1, 1374.93
1639520227, 0, 281, 892, 855, 70, 0.96%, 6, 0, 1, 1419.36
1639520232, 0, 358, 892, 844, 60, 0.96%, 6, 0, 1, 1427.66
1639520237, 0, 480, 892, 837, 52, 0.96%, 6, 0, 1, 1433.12
1639520242, 0, 525, 892, 829, 44, 0.96%, 7, 0, 1, 1386.43
1639520247, 0, 583, 892, 822, 38, 0.96%, 8, 0, 1, 1368.97
1639520252, 0, 653, 894, 814, 28, 0.96%, 8, 0, 2, 1396.48
1639520257, 0, 656, 897, 816, 28, 0.96%, 8, 0, 2, 1411.35
1639520263, 0, 703, 897, 806, 18, 0.96%, 8, 0, 2, 1416.76
1639520268, 0, 808, 897, 796, 10, 0.96%, 8, 0, 2, 1408.90
1639520273, 0, 869, 897, 788, 2, 0.96%, 9, 0, 2, 1396.23
1639520278, 1, 36, 897, 778, 0, 0.96%, 10, 0, 2, 1594.13
1639520283, 1, 61, 897, 775, 0, 0.96%, 10, 0, 2, 1429.93
1639520288, 1, 90, 897, 769, 0, 0.96%, 10, 0, 2, 1369.75
1639520293, 1, 112, 897, 765, 0, 0.96%, 10, 0, 2, 1320.59
1639520299, 1, 133, 897, 758, 0, 0.96%, 11, 0, 2, 1307.02
1639520304, 1, 157, 897, 753, 0, 0.96%, 11, 0, 2, 1298.77
1639520309, 1, 178, 897, 749, 0, 0.96%, 12, 0, 2, 1301.11
1639520314, 1, 199, 897, 741, 0, 0.96%, 12, 0, 2, 1279.63
1639520319, 1, 226, 897, 735, 0, 0.96%, 12, 0, 2, 1296.72
1639520324, 1, 259, 897, 731, 0, 0.96%, 12, 0, 2, 1306.12
1639520329, 1, 280, 897, 725, 0, 0.96%, 12, 0, 2, 1288.48
1639520334, 1, 313, 897, 717, 0, 0.96%, 12, 0, 2, 1323.47
1639520339, 1, 331, 897, 712, 0, 0.96%, 13, 0, 2, 1299.07
1639520345, 1, 351, 897, 708, 0, 0.96%, 13, 0, 2, 1289.83
1639520350, 1, 386, 897, 700, 0, 0.96%, 13, 0, 2, 1270.77
1639520355, 1, 421, 897, 694, 0, 0.96%, 13, 0, 2, 1265.25
1639520360, 1, 445, 897, 689, 0, 0.96%, 14, 0, 2, 1261.86
1639520365, 1, 482, 897, 683, 0, 0.96%, 14, 0, 2, 1297.06
1639520370, 1, 501, 897, 679, 0, 0.96%, 15, 0, 2, 1323.01
1639520375, 1, 534, 897, 673, 0, 0.96%, 15, 0, 2, 1369.50
1639520380, 1, 559, 897, 668, 0, 0.96%, 16, 0, 2, 1408.77
1639520385, 1, 576, 897, 661, 0, 0.96%, 16, 0, 2, 1420.32
1639520390, 1, 610, 897, 656, 0, 0.96%, 16, 0, 2, 1388.87
1639520396, 1, 649, 897, 649, 0, 0.96%, 16, 0, 2, 1376.08
1639520401, 1, 669, 897, 645, 0, 0.96%, 16, 0, 2, 1349.10
1639520406, 1, 689, 897, 640, 0, 0.96%, 16, 0, 2, 1350.36
1639520411, 1, 712, 897, 635, 0, 0.96%, 16, 0, 2, 1357.36
1639520416, 1, 735, 897, 630, 0, 0.96%, 16, 0, 2, 1311.53
1639520421, 1, 770, 897, 624, 0, 0.96%, 16, 0, 2, 1252.40
1639520426, 1, 802, 897, 619, 0, 0.96%, 16, 0, 2, 1114.10
1639520431, 1, 816, 897, 616, 0, 0.96%, 16, 0, 2, 770.61
1639520436, 1, 845, 897, 612, 0, 0.96%, 16, 0, 2, 848.00
1639520441, 1, 856, 897, 612, 0, 0.96%, 16, 0, 2, 815.00
1639520447, 1, 869, 897, 609, 0, 0.96%, 16, 0, 2, 685.33
1639520452, 1, 892, 897, 605, 0, 0.96%, 16, 0, 2, 778.19
1639520457, 2, 1, 898, 603, 0, 0.96%, 16, 0, 3, 803.00
1639520462, 2, 25, 898, 599, 0, 0.96%, 17, 0, 3, 968.36
1639520467, 2, 46, 898, 595, 0, 0.96%, 17, 0, 3, 1159.31
1639520472, 2, 79, 898, 588, 0, 0.96%, 17, 0, 3, 1284.90
1639520477, 2, 104, 898, 582, 0, 0.96%, 17, 0, 3, 1337.90
1639520482, 2, 142, 898, 578, 0, 0.96%, 17, 0, 3, 1395.67
1639520487, 2, 167, 898, 572, 0, 0.96%, 17, 0, 3, 1403.66
1639520492, 2, 195, 898, 570, 0, 0.96%, 17, 0, 3, 1424.46
1639520498, 2, 231, 898, 563, 0, 0.96%, 17, 0, 3, 1432.00
