# unix_time, cycles_done, cur_path, paths_total, pending_total, pending_favs, map_size, unique_crashes, unique_hangs, max_depth, execs_per_sec
1639510937, 0, 0, 561, 561, 88, 0.87%, 0, 0, 1, 1126.79
1639510942, 0, 57, 561, 555, 83, 0.87%, 1, 0, 1, 1259.73
1639510948, 0, 131, 562, 546, 73, 0.87%, 1, 0, 2, 1300.87
1639510953, 0, 178, 562, 538, 65, 0.87%, 2, 0, 2, 1315.12
1639510958, 0, 211, 562, 528, 55, 0.87%, 4, 0, 2, 1316.31
1639510963, 0, 264, 562, 519, 46, 0.87%, 4, 0, 2, 1315.70
1639510968, 0, 297, 562, 510, 37, 0.87%, 4, 0, 2, 1309.77
1639510973, 0, 366, 562, 502, 29, 0.87%, 4, 0, 2, 1291.64
1639510978, 0, 416, 562, 492, 19, 0.87%, 4, 0, 2, 1281.03
1639510983, 0, 478, 564, 486, 11, 0.87%, 6, 0, 2, 1279.91
1639510988, 0, 534, 565, 480, 4, 0.87%, 6, 0, 2, 1336.97
1639510993, 1, 15, 565, 472, 0, 0.87%, 6, 0, 2, 1333.50
1639510998, 1, 46, 565, 467, 0, 0.87%, 6, 0, 2, 1303.94
1639511003, 1, 75, 565, 462, 0, 0.87%, 6, 0, 2, 1270.95
1639511008, 1, 103, 565, 457, 0, 0.87%, 7, 0, 2, 1266.84
1639511014, 1, 122, 565, 452, 0, 0.87%, 7, 0, 2, 1237.98
1639511019, 1, 147, 565, 447, 0, 0.87%, 7, 0, 2, 1215.26
1639511024, 1, 162, 565, 442, 0, 0.87%, 7, 0, 2, 1223.70
1639511029, 1, 181, 565, 439, 0, 0.87%, 7, 0, 2, 1263.98
1639511034, 1, 205, 565, 435, 0, 0.87%, 7, 0, 2, 1306.07
1639511039, 1, 214, 565, 431, 0, 0.87%, 7, 0, 2, 1307.77
1639511044, 1, 241, 565, 426, 0, 0.87%, 8, 0, 2, 1313.32
1639511049, 1, 264, 565, 420, 0, 0.87%, 8, 0, 2, 1330.53
1639511054, 1, 283, 565, 416, 0, 0.87%, 8, 0, 2, 1320.78
1639511059, 1, 297, 565, 411, 0, 0.87%, 8, 0, 2, 1352.86
1639511064, 1, 322, 565, 406, 0, 0.87%, 8, 0, 2, 1397.78
1639511070, 1, 344, 565, 399, 0, 0.87%, 8, 0, 2, 1434.72
1639511075, 1, 372, 565, 394, 0, 0.87%, 8, 0, 2, 1465.43
1639511080, 1, 395, 565, 389, 0, 0.87%, 8, 0, 2, 1459.10
1639511085, 2, 21, 565, 383, 1, 0.87%, 8, 0, 2, 1394.66
1639511090, 2, 86, 565, 375, 0, 0.87%, 9, 0, 2, 1278.92
1639511095, 2, 110, 565, 373, 0, 0.87%, 9, 0, 2, 940.44
1639511101, 2, 131, 565, 369, 0, 0.87%, 10, 0, 2, 1028.82
1639511106, 2, 163, 565, 367, 0, 0.87%, 10, 0, 2, 1037.12
1639511111, 2, 183, 565, 366, 0, 0.87%, 10, 0, 2, 1098.02
1639511116, 2, 210, 565, 364, 0, 0.87%, 10, 0, 2, 1151.42
1639511121, 2, 233, 565, 364, 0, 0.87%, 10, 0, 2, 1221.53
1639511126, 2, 258, 565, 360, 0, 0.87%, 10, 0, 2, 1230.07
1639511131, 2, 277, 565, 356, 0, 0.87%, 10, 0, 2, 1248.96
1639511136, 2, 297, 565, 353, 0, 0.87%, 10, 0, 2, 1250.42
1639511141, 2, 314, 565, 350, 0, 0.87%, 10, 0, 2, 1234.69
1639511146, 2, 353, 565, 347, 0, 0.87%, 10, 0, 2, 1261.75
1639511151, 2, 495, 567, 345, 2, 0.90%, 10, 0, 2, 1294.32
1639511156, 3, 29, 568, 341, 0, 0.90%, 12, 0, 2, 1218.93
1639511161, 3, 44, 568, 337, 0, 0.90%, 12, 0, 2, 1161.22
1639511167, 3, 72, 568, 333, 0, 0.90%, 12, 0, 2, 1132.62
1639511172, 3, 97, 568, 329, 0, 0.90%, 12, 0, 2, 1168.03
1639511177, 3, 121, 568, 325, 0, 0.90%, 12, 0, 2, 1223.93
1639511182, 3, 142, 568, 321, 0, 0.90%, 12, 0, 2, 1269.80
1639511187, 3, 169, 568, 320, 0, 0.90%, 12, 0, 2, 1305.48
1639511192, 3, 189, 568, 318, 0, 0.90%, 12, 0, 2, 1311.09
1639511197, 3, 212, 568, 317, 0, 0.90%, 12, 0, 2, 1319.74
1639511202, 3, 250, 568, 314, 0, 0.90%, 12, 0, 2, 1316.61
1639511207, 3, 270, 568, 311, 0, 0.90%, 12, 0, 2, 1351.24
1639511212, 3, 307, 568, 309, 0, 0.90%, 12, 0, 2, 1396.22
1639511217, 3, 354, 568, 304, 0, 0.90%, 12, 0, 2, 1364.62
1639511222, 3, 382, 568, 303, 0, 0.90%, 12, 0, 2, 1350.26
1639511228, 3, 424, 568, 297, 0, 0.90%, 12, 0, 2, 1344.56
1639511233, 3, 446, 568, 289, 0, 0.90%, 12, 0, 2, 1487.95
