# unix_time, cycles_done, cur_path, paths_total, pending_total, pending_favs, map_size, unique_crashes, unique_hangs, max_depth, execs_per_sec
1639449544, 0, 0, 1, 1, 1, 0.12%, 0, 0, 1, 1600.00
1639449550, 0, 0, 78, 78, 1, 0.45%, 2, 0, 2, 1440.95
1639449555, 0, 18, 110, 100, 36, 0.47%, 3, 0, 3, 1447.87
1639449560, 0, 22, 125, 113, 34, 0.48%, 3, 0, 3, 1465.79
1639449565, 0, 32, 155, 138, 36, 0.53%, 3, 0, 3, 1448.40
1639449570, 0, 55, 169, 143, 30, 0.54%, 3, 0, 3, 1438.00
1639449575, 0, 71, 183, 149, 27, 0.56%, 4, 0, 3, 1437.90
1639449580, 0, 96, 194, 153, 23, 0.57%, 4, 0, 4, 1438.19
1639449585, 0, 118, 204, 159, 21, 0.58%, 5, 0, 4, 1445.44
1639449590, 0, 157, 205, 152, 13, 0.58%, 5, 0, 4, 1431.90
1639449596, 0, 189, 210, 148, 9, 0.61%, 5, 0, 4, 1458.59
1639449601, 0, 198, 220, 155, 7, 0.61%, 8, 0, 5, 1431.70
1639449606, 0, 206, 225, 157, 10, 0.62%, 8, 0, 5, 1469.69
1639449611, 0, 206, 229, 161, 10, 0.63%, 8, 0, 5, 1468.93
1639449616, 0, 212, 232, 161, 10, 0.63%, 8, 0, 6, 1415.93
1639449621, 0, 215, 235, 162, 11, 0.64%, 8, 0, 6, 1403.31
1639449626, 0, 226, 241, 165, 8, 0.64%, 8, 0, 6, 1445.57
1639449631, 0, 233, 243, 163, 4, 0.64%, 8, 0, 7, 1452.42
1639449636, 1, 176, 244, 156, 0, 0.64%, 9, 0, 7, 1465.61
1639449641, 1, 197, 246, 157, 0, 0.64%, 9, 0, 7, 1450.09
1639449646, 1, 203, 248, 156, 0, 0.64%, 9, 0, 7, 1453.79
1639449651, 1, 208, 253, 160, 0, 0.64%, 9, 0, 7, 1462.22
1639449656, 1, 253, 256, 160, 1, 0.64%, 9, 0, 7, 2121.09
1639449661, 1, 256, 258, 160, 0, 0.64%, 10, 0, 7, 1862.97
1639449667, 2, 18, 258, 157, 0, 0.64%, 10, 0, 7, 1531.15
1639449672, 2, 38, 258, 153, 0, 0.64%, 10, 0, 7, 1461.87
1639449677, 2, 64, 258, 149, 0, 0.64%, 10, 0, 7, 1459.70
1639449682, 2, 83, 259, 147, 0, 0.64%, 10, 0, 7, 1444.21
1639449687, 2, 260, 262, 146, 1, 0.64%, 10, 0, 7, 1435.10
1639449692, 2, 261, 265, 148, 0, 0.64%, 10, 0, 7, 1404.11
1639449697, 3, 20, 265, 143, 1, 0.64%, 10, 0, 7, 1428.67
1639449702, 3, 70, 266, 141, 0, 0.64%, 11, 0, 7, 1448.78
1639449707, 3, 92, 266, 138, 0, 0.64%, 11, 0, 7, 1466.24
1639449712, 3, 119, 266, 133, 0, 0.64%, 11, 0, 7, 1456.96
1639449717, 3, 147, 266, 129, 0, 0.64%, 11, 0, 7, 1438.45
1639449722, 3, 165, 266, 127, 0, 0.64%, 11, 0, 7, 1429.08
1639449727, 3, 266, 270, 128, 1, 0.65%, 11, 0, 7, 1449.96
1639449733, 3, 270, 275, 132, 0, 0.65%, 11, 0, 7, 1448.48
1639449738, 3, 270, 277, 134, 0, 0.65%, 11, 0, 7, 1446.33
1639449743, 3, 275, 282, 138, 1, 0.66%, 11, 0, 7, 1448.58
1639449748, 3, 281, 285, 139, 1, 0.66%, 11, 0, 8, 1454.42
1639449758, 3, 284, 286, 138, 1, 0.67%, 11, 0, 9, 1455.91
1639449763, 3, 285, 288, 139, 1, 0.68%, 12, 0, 10, 1456.00
1639449768, 3, 285, 293, 144, 1, 0.70%, 12, 0, 10, 1474.87
1639449773, 3, 288, 294, 143, 4, 0.70%, 12, 0, 11, 1435.60
1639449778, 3, 289, 301, 149, 7, 0.72%, 12, 0, 11, 1452.93
1639449783, 3, 291, 301, 148, 7, 0.72%, 12, 0, 11, 1453.95
1639449788, 3, 294, 301, 146, 5, 0.72%, 12, 0, 11, 1454.67
1639449793, 3, 295, 301, 145, 4, 0.72%, 12, 0, 11, 1458.51
1639449798, 3, 298, 304, 146, 2, 0.72%, 12, 0, 12, 1449.34
1639449808, 3, 302, 306, 147, 3, 0.72%, 12, 0, 13, 1452.93
1639449814, 3, 303, 309, 149, 2, 0.72%, 12, 0, 13, 1455.93
1639449819, 3, 307, 309, 148, 2, 0.72%, 12, 0, 13, 1461.16
1639449824, 4, 152, 309, 145, 1, 0.72%, 12, 0, 13, 1457.93
1639449829, 4, 286, 309, 145, 1, 0.72%, 12, 0, 13, 1459.81
1639449834, 4, 289, 309, 144, 0, 0.72%, 12, 0, 13, 1477.70
1639449839, 4, 293, 309, 144, 0, 0.72%, 12, 0, 13, 1465.08
1639449844, 4, 294, 310, 145, 0, 0.72%, 12, 0, 13, 1467.35
