# unix_time, cycles_done, cur_path, paths_total, pending_total, pending_favs, map_size, unique_crashes, unique_hangs, max_depth, execs_per_sec
1639596361, 0, 0, 1, 1, 1, 0.12%, 0, 0, 1, 1333.33
1639596366, 0, 0, 87, 87, 1, 0.46%, 1, 0, 2, 1361.48
1639596371, 0, 12, 112, 106, 39, 0.47%, 4, 0, 3, 1418.69
1639596376, 0, 38, 133, 116, 32, 0.48%, 5, 0, 3, 1438.61
1639596381, 0, 57, 146, 120, 24, 0.51%, 7, 0, 3, 1460.19
1639596387, 0, 64, 163, 134, 26, 0.52%, 7, 0, 3, 1446.00
1639596392, 0, 97, 175, 140, 21, 0.53%, 7, 0, 3, 1464.81
1639596397, 0, 128, 179, 138, 16, 0.53%, 7, 0, 4, 1487.47
1639596402, 0, 144, 182, 136, 12, 0.54%, 8, 0, 4, 1463.47
1639596407, 0, 163, 192, 141, 9, 0.55%, 8, 0, 4, 1488.37
1639596412, 0, 171, 198, 144, 10, 0.56%, 8, 0, 4, 1478.55
1639596417, 0, 185, 204, 146, 6, 0.56%, 9, 0, 5, 1445.61
1639596422, 0, 188, 208, 148, 5, 0.57%, 9, 0, 5, 1470.20
1639596428, 0, 190, 211, 150, 9, 0.59%, 9, 0, 5, 1483.41
1639596433, 0, 203, 219, 156, 9, 0.59%, 9, 0, 6, 1420.78
1639596438, 0, 204, 223, 159, 10, 0.60%, 9, 0, 6, 1468.13
1639596443, 0, 208, 226, 159, 8, 0.61%, 9, 0, 6, 1462.97
1639596448, 0, 211, 231, 162, 7, 0.61%, 9, 0, 6, 1478.92
1639596453, 0, 214, 233, 163, 7, 0.61%, 9, 0, 7, 1478.14
1639596458, 0, 215, 238, 167, 8, 0.61%, 9, 0, 7, 1460.01
1639596463, 0, 222, 242, 170, 7, 0.61%, 10, 0, 7, 1443.31
1639596468, 0, 223, 244, 171, 6, 0.61%, 10, 0, 7, 1456.80
1639596473, 0, 234, 248, 171, 5, 0.64%, 10, 0, 7, 1472.01
1639596478, 0, 236, 252, 174, 5, 0.64%, 11, 0, 8, 1470.73
1639596483, 0, 245, 256, 176, 4, 0.64%, 11, 0, 8, 1482.13
1639596488, 0, 250, 260, 178, 4, 0.65%, 12, 0, 8, 1455.55
1639596493, 0, 255, 266, 182, 2, 0.65%, 12, 0, 9, 1417.24
1639596498, 0, 258, 270, 185, 1, 0.65%, 12, 0, 9, 1369.22
1639596503, 0, 268, 273, 187, 1, 0.65%, 12, 0, 10, 1381.62
1639596509, 0, 275, 280, 193, 1, 0.66%, 12, 0, 11, 1358.74
1639596514, 0, 281, 287, 198, 1, 0.66%, 12, 0, 13, 1323.67
1639596519, 1, 8, 289, 197, 0, 0.66%, 12, 0, 13, 1306.92
1639596524, 1, 35, 290, 193, 0, 0.66%, 12, 0, 13, 1217.75
1639596529, 1, 50, 290, 189, 0, 0.66%, 12, 0, 13, 1138.28
1639596534, 1, 72, 291, 187, 0, 0.66%, 12, 0, 13, 1049.27
1639596539, 1, 89, 291, 185, 0, 0.66%, 12, 0, 13, 979.92
1639596544, 1, 106, 292, 182, 0, 0.66%, 12, 0, 13, 930.08
1639596549, 1, 128, 293, 181, 0, 0.66%, 12, 0, 13, 852.07
1639596554, 1, 292, 293, 180, 1, 0.66%, 12, 0, 13, 923.15
1639596559, 2, 22, 294, 178, 0, 0.66%, 12, 0, 13, 1076.88
1639596565, 2, 66, 294, 175, 0, 0.66%, 12, 0, 13, 1923.50
1639596570, 2, 126, 294, 172, 0, 0.66%, 13, 0, 13, 1455.20
1639596575, 2, 144, 294, 169, 0, 0.66%, 13, 0, 13, 1293.70
1639596580, 2, 237, 297, 171, 1, 0.67%, 13, 0, 13, 1318.64
1639596585, 3, 8, 298, 170, 0, 0.67%, 13, 0, 13, 1298.43
1639596590, 3, 36, 298, 167, 0, 0.67%, 13, 0, 13, 1368.74
1639596595, 3, 60, 299, 163, 0, 0.67%, 13, 0, 13, 1421.50
1639596600, 3, 81, 299, 160, 0, 0.67%, 13, 0, 13, 1415.63
1639596606, 4, 14, 301, 157, 0, 0.67%, 13, 0, 13, 1362.53
1639596611, 4, 54, 301, 155, 0, 0.67%, 13, 0, 13, 1317.26
1639596616, 4, 81, 301, 155, 0, 0.67%, 13, 0, 13, 1278.72
1639596621, 4, 121, 301, 151, 0, 0.67%, 13, 0, 13, 1296.04
1639596626, 4, 139, 301, 148, 0, 0.67%, 13, 0, 13, 1174.19
1639596631, 4, 161, 301, 147, 0, 0.67%, 13, 0, 13, 1237.99
1639596636, 4, 171, 303, 146, 0, 0.67%, 13, 0, 13, 1126.80
1639596641, 4, 187, 303, 145, 0, 0.67%, 14, 0, 13, 1104.76
1639596646, 4, 256, 303, 143, 1, 0.67%, 14, 0, 13, 1098.26
1639596651, 5, 79, 303, 140, 0, 0.67%, 14, 0, 13, 1143.51
1639596656, 5, 105, 304, 139, 0, 0.67%, 14, 0, 13, 1225.93
