# unix_time, cycles_done, cur_path, paths_total, pending_total, pending_favs, map_size, unique_crashes, unique_hangs, max_depth, execs_per_sec
1639524192, 0, 0, 699, 699, 100, 0.93%, 0, 0, 1, 934.18
1639524197, 0, 62, 699, 687, 88, 0.93%, 9, 0, 1, 1571.62
1639524202, 0, 125, 699, 678, 79, 0.93%, 10, 0, 1, 1196.80
1639524207, 0, 148, 699, 673, 74, 0.93%, 11, 0, 1, 1068.59
1639524212, 0, 221, 699, 666, 68, 0.93%, 13, 0, 1, 1141.22
1639524217, 0, 277, 699, 658, 61, 0.93%, 15, 0, 1, 1215.55
1639524222, 0, 335, 699, 648, 51, 0.93%, 15, 0, 1, 1275.58
1639524228, 0, 374, 699, 641, 45, 0.93%, 15, 0, 1, 1277.70
1639524233, 0, 436, 699, 634, 38, 0.93%, 17, 0, 1, 1266.12
1639524238, 0, 500, 699, 627, 31, 0.93%, 18, 0, 1, 1259.67
1639524243, 0, 541, 699, 620, 24, 0.93%, 19, 0, 1, 1194.39
1639524248, 0, 620, 699, 608, 13, 0.93%, 19, 0, 1, 1295.24
1639524253, 0, 664, 699, 598, 3, 0.93%, 19, 0, 1, 1283.97
1639524258, 1, 21, 699, 592, 0, 0.93%, 19, 0, 1, 1336.81
1639524263, 1, 42, 699, 586, 0, 0.93%, 19, 0, 1, 1329.36
1639524268, 1, 53, 699, 581, 0, 0.93%, 19, 0, 1, 1259.09
1639524273, 1, 79, 699, 578, 0, 0.93%, 19, 0, 1, 1356.82
1639524278, 1, 119, 699, 574, 0, 0.93%, 20, 0, 1, 1387.91
1639524283, 1, 138, 699, 569, 0, 0.93%, 20, 0, 1, 1362.92
1639524288, 1, 161, 699, 565, 0, 0.93%, 21, 0, 1, 1315.12
1639524293, 1, 186, 699, 562, 0, 0.93%, 21, 0, 1, 1296.44
1639524299, 1, 227, 699, 554, 0, 0.93%, 21, 0, 1, 1298.40
1639524304, 1, 247, 699, 551, 0, 0.93%, 21, 0, 1, 1305.72
1639524309, 1, 281, 699, 545, 0, 0.93%, 21, 0, 1, 1361.47
1639524314, 1, 316, 699, 540, 0, 0.93%, 21, 0, 1, 1339.24
1639524319, 1, 346, 699, 534, 0, 0.93%, 21, 0, 1, 1333.37
1639524324, 1, 365, 699, 530, 0, 0.93%, 21, 0, 1, 1343.74
1639524329, 1, 396, 699, 525, 0, 0.93%, 21, 0, 1, 1320.15
1639524334, 1, 422, 699, 521, 0, 0.93%, 21, 0, 1, 1238.06
1639524339, 1, 443, 699, 517, 0, 0.93%, 21, 0, 1, 1211.84
1639524344, 1, 462, 699, 513, 0, 0.93%, 21, 0, 1, 1200.70
1639524349, 1, 485, 699, 508, 0, 0.93%, 21, 0, 1, 1240.97
1639524355, 1, 500, 701, 505, 0, 0.93%, 21, 0, 2, 1110.18
1639524360, 1, 699, 701, 501, 2, 0.93%, 22, 0, 2, 1157.66
1639524365, 1, 700, 703, 502, 1, 0.93%, 24, 0, 3, 1106.83
1639524370, 2, 2, 703, 498, 0, 0.93%, 24, 0, 3, 1183.93
1639524375, 2, 27, 703, 494, 0, 0.93%, 24, 0, 3, 1279.13
1639524380, 2, 48, 703, 489, 0, 0.93%, 24, 0, 3, 1286.45
1639524385, 2, 67, 703, 487, 0, 0.93%, 24, 0, 3, 1356.09
1639524390, 2, 91, 703, 480, 0, 0.93%, 24, 0, 3, 1354.61
1639524395, 2, 122, 703, 476, 0, 0.93%, 24, 0, 3, 1357.95
1639524400, 2, 160, 703, 472, 0, 0.93%, 25, 0, 3, 1324.09
1639524405, 2, 193, 703, 468, 0, 0.93%, 25, 0, 3, 1288.35
1639524410, 2, 232, 703, 463, 0, 0.93%, 25, 0, 3, 1266.61
1639524415, 2, 262, 703, 461, 0, 0.93%, 25, 0, 3, 1366.31
1639524420, 2, 294, 703, 457, 0, 0.93%, 25, 0, 3, 1340.58
1639524426, 2, 340, 703, 451, 0, 0.93%, 25, 0, 3, 1341.32
1639524431, 2, 355, 703, 447, 0, 0.93%, 25, 0, 3, 1303.73
1639524436, 2, 389, 703, 443, 0, 0.93%, 25, 0, 3, 1273.22
1639524441, 2, 419, 703, 438, 0, 0.93%, 26, 0, 3, 1251.57
1639524446, 2, 446, 703, 434, 0, 0.93%, 27, 0, 3, 1298.92
1639524451, 2, 473, 703, 430, 0, 0.93%, 27, 0, 3, 1225.26
1639524456, 2, 500, 703, 423, 0, 0.93%, 27, 0, 3, 1279.34
1639524461, 2, 514, 703, 420, 0, 0.93%, 27, 0, 3, 1307.35
1639524466, 2, 556, 703, 413, 0, 0.93%, 27, 0, 3, 1377.64
1639524472, 2, 591, 703, 408, 0, 0.93%, 27, 0, 3, 1416.46
1639524477, 2, 612, 703, 402, 0, 0.93%, 27, 0, 3, 1394.10
1639524482, 2, 636, 703, 396, 0, 0.93%, 27, 0, 3, 1367.99
