# unix_time, cycles_done, cur_path, paths_total, pending_total, pending_favs, map_size, unique_crashes, unique_hangs, max_depth, execs_per_sec
1639509723, 0, 0, 232, 232, 71, 0.53%, 0, 0, 1, 1364.71
1639509728, 0, 27, 238, 230, 63, 0.53%, 13, 0, 2, 1283.32
1639509733, 0, 48, 240, 223, 54, 0.53%, 15, 0, 2, 1268.02
1639509738, 0, 78, 241, 213, 43, 0.53%, 19, 0, 2, 1299.08
1639509743, 0, 96, 243, 206, 34, 0.53%, 19, 0, 2, 1313.37
1639509749, 0, 120, 243, 197, 25, 0.53%, 19, 0, 2, 1323.02
1639509754, 0, 171, 243, 185, 13, 0.53%, 20, 0, 2, 1276.09
1639509759, 0, 212, 244, 176, 4, 0.54%, 20, 0, 2, 1214.03
1639509764, 1, 10, 247, 173, 0, 0.54%, 22, 0, 3, 1147.93
1639509769, 1, 23, 248, 172, 0, 0.54%, 22, 0, 3, 1136.07
1639509774, 1, 37, 249, 170, 0, 0.54%, 22, 0, 3, 1157.29
1639509779, 1, 50, 250, 167, 0, 0.54%, 22, 0, 3, 1197.28
1639509784, 1, 61, 250, 165, 0, 0.54%, 22, 0, 3, 1210.11
1639509789, 1, 79, 250, 161, 0, 0.54%, 22, 0, 3, 1207.34
1639509794, 1, 92, 251, 160, 0, 0.54%, 22, 0, 3, 1229.66
1639509799, 1, 104, 252, 158, 0, 0.54%, 22, 0, 3, 1233.99
1639509804, 1, 120, 252, 155, 0, 0.54%, 22, 0, 3, 1196.23
1639509809, 1, 135, 253, 152, 0, 0.54%, 22, 0, 3, 1164.73
1639509814, 1, 157, 254, 146, 0, 0.54%, 23, 0, 3, 1093.66
1639509819, 1, 175, 254, 141, 0, 0.54%, 23, 0, 3, 987.94
1639509824, 1, 194, 254, 137, 0, 0.54%, 23, 0, 3, 949.73
1639509829, 1, 213, 254, 135, 0, 0.54%, 23, 0, 3, 935.92
1639509834, 1, 248, 254, 130, 0, 0.54%, 24, 0, 3, 937.05
1639509842, 1, 252, 254, 128, 0, 0.54%, 24, 0, 3, 15.29
1639509847, 2, 12, 254, 123, 0, 0.54%, 24, 0, 3, 965.60
1639509852, 2, 27, 254, 122, 0, 0.54%, 24, 0, 3, 1036.16
1639509857, 2, 37, 255, 122, 0, 0.54%, 24, 0, 3, 1040.93
1639509862, 2, 55, 256, 122, 0, 0.54%, 24, 0, 3, 1030.92
1639509867, 2, 78, 257, 121, 0, 0.54%, 24, 0, 3, 1158.45
1639509872, 2, 91, 259, 121, 0, 0.54%, 25, 0, 3, 1250.23
1639509877, 2, 107, 260, 122, 0, 0.54%, 25, 0, 3, 1291.71
1639509882, 2, 127, 260, 117, 0, 0.54%, 25, 0, 3, 1337.98
1639509888, 2, 159, 260, 111, 0, 0.54%, 26, 0, 3, 1344.32
1639509893, 2, 195, 260, 108, 0, 0.54%, 26, 0, 3, 1349.83
1639509898, 2, 237, 261, 105, 0, 0.54%, 26, 0, 3, 1363.02
1639509903, 3, 13, 261, 100, 0, 0.54%, 26, 0, 3, 1305.94
1639509908, 3, 35, 262, 99, 0, 0.54%, 26, 0, 3, 1320.67
1639509913, 3, 55, 262, 98, 0, 0.54%, 26, 0, 3, 1308.04
1639509918, 4, 14, 263, 96, 0, 0.54%, 27, 0, 3, 1286.23
1639509923, 4, 35, 265, 97, 0, 0.54%, 27, 0, 3, 1275.27
1639509928, 4, 52, 265, 97, 0, 0.54%, 27, 0, 3, 1240.32
1639509933, 4, 80, 265, 96, 0, 0.54%, 27, 0, 3, 1203.70
1639509938, 4, 96, 265, 95, 0, 0.54%, 27, 0, 3, 1210.68
1639509944, 4, 120, 265, 94, 0, 0.54%, 27, 0, 3, 1188.02
1639509949, 4, 155, 265, 92, 0, 0.54%, 27, 0, 3, 1178.19
1639509954, 4, 173, 265, 87, 0, 0.54%, 28, 0, 3, 1185.53
1639509959, 4, 206, 265, 83, 0, 0.54%, 28, 0, 3, 1241.09
1639509964, 4, 245, 265, 77, 0, 0.54%, 28, 0, 3, 1267.52
1639509969, 5, 14, 265, 74, 0, 0.54%, 28, 0, 3, 1276.72
1639509974, 5, 30, 265, 71, 0, 0.54%, 28, 0, 3, 1271.07
1639509979, 5, 48, 265, 69, 0, 0.54%, 28, 0, 3, 1249.85
1639509984, 5, 72, 265, 69, 0, 0.54%, 28, 0, 3, 1218.08
1639509989, 5, 91, 265, 67, 0, 0.54%, 28, 0, 3, 1209.70
1639509994, 5, 107, 265, 67, 0, 0.54%, 28, 0, 3, 1190.67
1639509999, 5, 133, 265, 67, 0, 0.54%, 28, 0, 3, 1235.09
1639510005, 5, 183, 265, 66, 0, 0.54%, 29, 0, 3, 1257.08
1639510010, 5, 213, 265, 62, 0, 0.54%, 29, 0, 3, 1306.91
1639510015, 5, 264, 265, 61, 0, 0.54%, 29, 0, 3, 1283.07
1639510020, 6, 33, 265, 60, 0, 0.54%, 29, 0, 3, 1303.75
