# unix_time, cycles_done, cur_path, paths_total, pending_total, pending_favs, map_size, unique_crashes, unique_hangs, max_depth, execs_per_sec
1639438387, 0, 0, 1, 1, 1, 0.12%, 0, 0, 1, 444.44
1639438392, 0, 0, 76, 76, 1, 0.42%, 3, 0, 2, 1175.23
1639438397, 0, 11, 114, 111, 34, 0.47%, 6, 0, 3, 1378.65
1639438402, 0, 30, 129, 115, 30, 0.51%, 8, 0, 3, 1448.45
1639438408, 0, 60, 134, 108, 20, 0.52%, 9, 0, 3, 1418.77
1639438413, 0, 75, 148, 117, 17, 0.53%, 9, 0, 3, 1438.49
1639438418, 0, 77, 159, 127, 17, 0.54%, 9, 0, 3, 1476.67
1639438423, 0, 99, 165, 128, 15, 0.55%, 9, 0, 4, 1463.50
1639438428, 0, 115, 169, 129, 15, 0.55%, 9, 0, 4, 1456.94
1639438433, 0, 155, 176, 129, 11, 0.57%, 9, 0, 4, 1455.33
1639438438, 0, 163, 181, 130, 9, 0.58%, 10, 0, 5, 1441.29
1639438443, 0, 165, 182, 129, 8, 0.58%, 10, 0, 5, 1479.79
1639438448, 0, 175, 185, 128, 6, 0.59%, 10, 0, 5, 1458.67
1639438453, 0, 179, 191, 132, 4, 0.60%, 10, 0, 5, 1438.75
1639438458, 0, 183, 193, 132, 4, 0.60%, 10, 0, 5, 1365.21
1639438463, 0, 190, 197, 133, 4, 0.62%, 10, 0, 6, 1449.45
1639438468, 1, 15, 200, 130, 0, 0.62%, 10, 0, 8, 1472.48
1639438473, 1, 39, 203, 129, 0, 0.62%, 10, 0, 8, 1497.23
1639438478, 1, 202, 206, 128, 1, 0.62%, 11, 0, 8, 1487.78
1639438483, 2, 206, 207, 125, 1, 0.63%, 12, 0, 8, 1459.11
1639438488, 3, 35, 209, 123, 0, 0.63%, 12, 0, 8, 1456.28
1639438494, 3, 64, 210, 120, 0, 0.63%, 12, 0, 8, 1466.62
1639438499, 3, 211, 213, 117, 1, 0.63%, 13, 0, 8, 1466.16
1639438504, 4, 24, 213, 113, 0, 0.63%, 14, 0, 8, 1479.30
1639438509, 4, 61, 213, 113, 0, 0.63%, 14, 0, 8, 1477.19
1639438514, 4, 79, 214, 111, 0, 0.63%, 15, 0, 8, 1467.21
1639438519, 4, 102, 214, 108, 0, 0.63%, 15, 0, 8, 1461.25
1639438524, 4, 214, 219, 108, 1, 0.64%, 16, 0, 8, 1456.87
1639438529, 4, 214, 226, 115, 1, 0.65%, 16, 0, 8, 1443.61
1639438534, 4, 215, 228, 116, 5, 0.65%, 17, 0, 8, 1453.43
1639438544, 4, 216, 231, 118, 4, 0.65%, 17, 0, 8, 1470.61
1639438549, 4, 216, 232, 119, 4, 0.65%, 17, 0, 8, 1472.59
1639438554, 4, 218, 234, 120, 5, 0.65%, 17, 0, 8, 1451.46
1639438559, 4, 219, 237, 122, 5, 0.65%, 17, 0, 8, 1465.44
1639438569, 4, 220, 238, 122, 4, 0.65%, 18, 0, 8, 1452.76
1639438574, 4, 220, 242, 126, 4, 0.65%, 19, 0, 8, 1460.35
1639438579, 4, 221, 243, 126, 5, 0.65%, 19, 0, 8, 1467.28
1639438590, 4, 231, 249, 131, 4, 0.66%, 19, 0, 8, 1430.28
1639438600, 4, 235, 249, 130, 4, 0.66%, 19, 0, 8, 1474.20
1639438605, 4, 237, 251, 131, 3, 0.66%, 19, 0, 8, 1447.14
1639438610, 4, 238, 253, 132, 3, 0.66%, 19, 0, 8, 1453.97
1639438615, 4, 238, 254, 133, 3, 0.66%, 19, 0, 8, 1477.62
1639438620, 4, 246, 259, 137, 2, 0.66%, 19, 0, 8, 1471.63
1639438625, 4, 246, 260, 138, 2, 0.68%, 19, 0, 8, 1490.18
1639438630, 4, 257, 261, 138, 4, 0.69%, 19, 0, 9, 1462.10
1639438635, 4, 258, 261, 137, 4, 0.69%, 19, 0, 9, 1486.71
1639438641, 4, 259, 263, 138, 3, 0.70%, 19, 0, 9, 1478.49
1639438646, 4, 259, 267, 142, 3, 0.71%, 19, 0, 9, 1487.39
1639438651, 4, 260, 269, 143, 8, 0.71%, 19, 0, 10, 1448.82
1639438656, 4, 261, 269, 142, 9, 0.71%, 19, 0, 10, 2013.62
1639438661, 4, 261, 272, 145, 9, 0.71%, 19, 0, 10, 1690.18
1639438666, 4, 262, 272, 144, 8, 0.71%, 19, 0, 10, 1476.73
1639438671, 4, 263, 272, 143, 7, 0.71%, 19, 0, 10, 1464.98
1639438676, 4, 264, 272, 142, 6, 0.71%, 19, 0, 10, 1464.48
1639438686, 4, 265, 276, 145, 6, 0.72%, 19, 0, 10, 1447.50
