# unix_time, cycles_done, cur_path, paths_total, pending_total, pending_favs, map_size, unique_crashes, unique_hangs, max_depth, execs_per_sec
1639474622, 0, 0, 1, 1, 1, 0.12%, 0, 0, 1, 1600.00
1639474628, 0, 0, 62, 62, 1, 0.38%, 8, 3, 2, 169.07
1639474633, 0, 0, 83, 83, 1, 0.40%, 10, 3, 2, 1129.26
1639474638, 0, 6, 96, 92, 36, 0.42%, 11, 3, 3, 1262.57
1639474643, 0, 15, 113, 106, 40, 0.45%, 12, 3, 3, 1304.62
1639474648, 0, 33, 127, 111, 34, 0.46%, 12, 3, 3, 1322.11
1639474653, 0, 53, 140, 116, 26, 0.47%, 13, 3, 3, 1333.81
1639474658, 0, 92, 148, 111, 15, 0.48%, 14, 3, 4, 1326.11
1639474663, 0, 118, 157, 112, 14, 0.49%, 15, 3, 4, 1917.54
1639474668, 0, 142, 168, 117, 11, 0.51%, 15, 3, 4, 1492.84
1639474673, 0, 150, 176, 122, 13, 0.54%, 15, 3, 5, 1369.62
1639474678, 0, 155, 179, 122, 12, 0.55%, 15, 3, 5, 1348.34
1639474684, 0, 157, 183, 124, 11, 0.56%, 15, 4, 5, 1180.51
1639474689, 0, 162, 186, 125, 10, 0.56%, 16, 6, 5, 1295.48
1639474694, 0, 168, 193, 130, 9, 0.57%, 16, 6, 5, 1324.70
1639474699, 0, 171, 196, 131, 10, 0.57%, 16, 6, 5, 1323.54
1639474704, 0, 179, 201, 133, 7, 0.57%, 18, 6, 6, 1294.03
1639474709, 0, 189, 204, 133, 5, 0.57%, 18, 6, 6, 1296.84
1639474714, 0, 191, 209, 136, 3, 0.57%, 18, 6, 6, 1328.18
1639474719, 0, 208, 216, 140, 2, 0.58%, 20, 6, 7, 1340.76
1639474724, 0, 209, 219, 142, 2, 0.58%, 20, 6, 7, 1344.59
1639474729, 1, 15, 219, 137, 0, 0.58%, 22, 6, 7, 1353.07
1639474734, 1, 28, 220, 136, 0, 0.58%, 23, 7, 7, 1246.67
1639474740, 1, 43, 220, 135, 0, 0.58%, 23, 9, 7, 1329.48
1639474745, 1, 126, 225, 139, 1, 0.59%, 23, 9, 7, 1339.77
1639474750, 1, 225, 226, 137, 1, 0.59%, 23, 10, 7, 1215.73
1639474756, 2, 17, 226, 134, 0, 0.59%, 23, 11, 7, 151.02
1639474761, 2, 45, 227, 133, 0, 0.59%, 23, 11, 7, 1212.79
1639474766, 2, 68, 229, 130, 0, 0.59%, 23, 11, 7, 1293.98
1639474771, 2, 92, 229, 126, 0, 0.59%, 23, 12, 7, 1264.08
1639474776, 2, 119, 229, 123, 0, 0.59%, 24, 12, 7, 1331.38
1639474781, 2, 134, 230, 120, 0, 0.59%, 24, 12, 7, 1302.27
1639474786, 2, 148, 230, 118, 0, 0.59%, 24, 12, 7, 1349.43
1639474791, 2, 152, 231, 118, 0, 0.59%, 24, 12, 7, 1328.45
1639474797, 2, 167, 231, 117, 0, 0.59%, 24, 12, 7, 1327.96
1639474802, 2, 178, 231, 116, 0, 0.59%, 24, 12, 7, 1364.16
1639474807, 2, 186, 231, 115, 0, 0.59%, 24, 12, 7, 1340.29
1639474812, 2, 196, 231, 113, 0, 0.59%, 24, 12, 7, 1327.08
1639474817, 2, 209, 232, 112, 0, 0.59%, 24, 12, 7, 1253.87
1639474822, 2, 221, 233, 112, 0, 0.59%, 24, 12, 8, 1300.49
1639474827, 2, 232, 235, 111, 0, 0.59%, 24, 12, 9, 1333.52
1639474837, 3, 8, 235, 109, 0, 0.59%, 24, 12, 9, 1330.51
1639474842, 3, 208, 236, 107, 1, 0.59%, 24, 12, 9, 1200.92
1639474848, 3, 235, 236, 107, 1, 0.59%, 24, 13, 9, 89.12
1639474853, 4, 29, 236, 105, 0, 0.59%, 24, 13, 9, 1080.49
1639474858, 4, 64, 236, 105, 0, 0.59%, 24, 13, 9, 1255.00
1639474863, 4, 98, 236, 103, 0, 0.59%, 24, 13, 9, 1301.62
1639474868, 4, 106, 236, 100, 0, 0.59%, 24, 14, 9, 245.62
1639474873, 4, 130, 238, 100, 0, 0.59%, 24, 14, 9, 584.16
1639474878, 4, 232, 239, 99, 1, 0.59%, 24, 14, 9, 1185.77
1639474884, 4, 237, 239, 99, 1, 0.59%, 24, 14, 9, 173.06
1639474889, 4, 237, 240, 100, 1, 0.60%, 24, 14, 9, 176.28
1639474894, 4, 237, 241, 101, 1, 0.60%, 24, 14, 9, 186.00
1639474914, 4, 237, 242, 102, 1, 0.60%, 24, 14, 9, 186.41
1639474919, 4, 237, 243, 103, 1, 0.60%, 24, 14, 9, 175.42
