# unix_time, cycles_done, cur_path, paths_total, pending_total, pending_favs, map_size, unique_crashes, unique_hangs, max_depth, execs_per_sec
1639440497, 0, 0, 1, 1, 1, 0.12%, 0, 0, 1, 1600.00
1639440502, 0, 0, 78, 78, 1, 0.44%, 6, 0, 2, 1466.76
1639440507, 0, 10, 102, 95, 37, 0.46%, 6, 0, 3, 1461.54
1639440512, 0, 14, 109, 100, 35, 0.49%, 6, 0, 3, 1480.12
1639440517, 0, 33, 132, 114, 31, 0.53%, 6, 0, 3, 1468.90
1639440522, 0, 58, 147, 119, 25, 0.53%, 6, 0, 3, 1461.95
1639440528, 0, 112, 152, 114, 17, 0.54%, 6, 0, 4, 1464.53
1639440533, 0, 118, 157, 118, 16, 0.54%, 6, 0, 4, 1469.42
1639440538, 0, 132, 165, 119, 11, 0.55%, 7, 0, 4, 1450.84
1639440543, 0, 146, 178, 129, 9, 0.57%, 7, 0, 4, 1383.97
1639440548, 0, 151, 182, 132, 15, 0.58%, 7, 0, 5, 1375.02
1639440553, 0, 166, 187, 134, 12, 0.58%, 7, 0, 5, 1428.36
1639440558, 0, 171, 195, 140, 13, 0.59%, 7, 0, 5, 1453.81
1639440563, 0, 174, 198, 142, 13, 0.59%, 7, 0, 5, 1477.02
1639440569, 0, 178, 206, 147, 10, 0.60%, 7, 0, 5, 1467.83
1639440574, 0, 179, 210, 150, 11, 0.60%, 7, 0, 5, 1459.55
1639440579, 0, 190, 215, 151, 7, 0.61%, 7, 0, 6, 1464.94
1639440584, 0, 204, 223, 157, 11, 0.64%, 7, 0, 6, 1415.27
1639440589, 0, 208, 228, 161, 10, 0.64%, 8, 0, 6, 1429.64
1639440594, 0, 213, 232, 163, 9, 0.64%, 9, 0, 7, 1448.88
1639440599, 0, 218, 236, 163, 5, 0.64%, 10, 0, 7, 1463.00
1639440604, 0, 228, 242, 167, 3, 0.64%, 11, 0, 7, 1417.80
1639440609, 1, 98, 244, 161, 0, 0.64%, 11, 0, 8, 1462.19
1639440614, 1, 245, 249, 162, 2, 0.64%, 11, 0, 8, 1443.11
1639440619, 1, 247, 251, 163, 1, 0.64%, 11, 0, 8, 1453.93
1639440624, 2, 14, 251, 161, 0, 0.64%, 11, 0, 8, 1463.77
1639440629, 2, 43, 252, 159, 0, 0.64%, 11, 0, 8, 1442.38
1639440634, 2, 73, 252, 154, 0, 0.64%, 11, 0, 8, 1480.67
1639440639, 2, 95, 252, 151, 0, 0.64%, 11, 0, 8, 1460.92
1639440644, 2, 118, 252, 145, 0, 0.64%, 11, 0, 8, 1458.78
1639440649, 2, 131, 252, 142, 0, 0.64%, 11, 0, 8, 1447.78
1639440655, 2, 151, 252, 138, 0, 0.64%, 11, 0, 8, 1450.17
1639440660, 2, 168, 253, 138, 0, 0.64%, 11, 0, 8, 1476.84
1639440665, 2, 176, 253, 137, 0, 0.64%, 11, 0, 8, 1478.10
1639440670, 2, 253, 262, 144, 2, 0.65%, 11, 0, 8, 1460.51
1639440675, 2, 254, 265, 146, 3, 0.65%, 11, 0, 8, 1453.45
1639440680, 2, 254, 266, 147, 3, 0.65%, 11, 0, 8, 1469.49
1639440685, 2, 260, 268, 147, 1, 0.65%, 11, 0, 8, 1452.23
1639440690, 2, 260, 269, 148, 1, 0.65%, 11, 0, 8, 1449.23
1639440695, 2, 266, 270, 148, 1, 0.65%, 11, 0, 8, 1476.33
1639440700, 2, 269, 271, 148, 0, 0.65%, 11, 0, 9, 1469.44
1639440705, 3, 19, 272, 145, 0, 0.65%, 11, 0, 9, 1445.79
1639440710, 3, 57, 272, 142, 0, 0.65%, 11, 0, 9, 1460.70
1639440715, 3, 86, 272, 139, 0, 0.65%, 11, 0, 9, 1462.92
1639440720, 3, 112, 272, 135, 0, 0.65%, 11, 0, 9, 1491.97
1639440725, 3, 135, 272, 135, 0, 0.65%, 11, 0, 9, 1464.15
1639440731, 3, 151, 272, 131, 0, 0.65%, 11, 0, 9, 1431.76
1639440736, 3, 179, 272, 130, 0, 0.65%, 11, 0, 9, 1469.86
1639440741, 3, 188, 272, 129, 0, 0.65%, 11, 0, 9, 1448.98
1639440746, 3, 208, 272, 127, 0, 0.65%, 11, 0, 9, 1409.47
1639440751, 3, 215, 273, 128, 0, 0.65%, 11, 0, 9, 1445.37
1639440756, 3, 226, 273, 127, 0, 0.65%, 11, 0, 9, 1469.71
1639440761, 3, 235, 274, 125, 0, 0.65%, 11, 0, 9, 1449.57
1639440766, 3, 245, 275, 123, 0, 0.65%, 12, 0, 9, 1463.45
1639440771, 3, 254, 275, 122, 0, 0.65%, 12, 0, 9, 1465.23
1639440776, 3, 257, 275, 122, 0, 0.65%, 13, 0, 9, 1447.53
1639440781, 3, 259, 276, 122, 0, 0.65%, 13, 0, 9, 1448.03
1639440786, 3, 267, 276, 121, 0, 0.65%, 13, 0, 9, 2200.73
1639440791, 3, 276, 278, 122, 1, 0.65%, 13, 0, 9, 1623.24
1639440797, 4, 17, 278, 120, 0, 0.65%, 13, 0, 9, 1473.38
