# unix_time, cycles_done, cur_path, paths_total, pending_total, pending_favs, map_size, unique_crashes, unique_hangs, max_depth, execs_per_sec
1639601786, 0, 0, 1, 1, 1, 0.12%, 0, 0, 1, 1600.00
1639601791, 0, 0, 69, 69, 1, 0.45%, 5, 0, 2, 1372.14
1639601796, 0, 5, 87, 86, 39, 0.48%, 5, 0, 3, 1361.56
1639601802, 0, 6, 111, 109, 47, 0.52%, 5, 0, 3, 1370.27
1639601807, 0, 15, 121, 117, 46, 0.52%, 5, 0, 3, 1353.17
1639601812, 0, 23, 130, 121, 41, 0.53%, 5, 0, 3, 1371.64
1639601817, 0, 41, 135, 118, 36, 0.53%, 5, 0, 3, 1393.96
1639601822, 0, 54, 154, 129, 28, 0.54%, 5, 0, 3, 1380.81
1639601827, 0, 71, 163, 131, 23, 0.55%, 6, 0, 3, 1385.06
1639601832, 0, 82, 175, 137, 21, 0.56%, 7, 0, 4, 1367.75
1639601838, 0, 128, 181, 136, 16, 0.57%, 8, 0, 4, 1399.40
1639601843, 0, 155, 186, 134, 12, 0.58%, 9, 0, 4, 1389.54
1639601848, 0, 162, 198, 143, 10, 0.58%, 9, 0, 4, 1406.39
1639601853, 0, 165, 205, 148, 10, 0.58%, 9, 0, 4, 1396.39
1639601858, 0, 166, 213, 155, 9, 0.59%, 11, 0, 4, 1370.24
1639601863, 0, 174, 218, 159, 9, 0.59%, 11, 0, 5, 1352.66
1639601868, 0, 181, 222, 161, 8, 0.59%, 11, 0, 5, 1342.85
1639601873, 0, 185, 224, 161, 9, 0.59%, 12, 0, 5, 1368.31
1639601878, 0, 195, 224, 158, 6, 0.59%, 12, 0, 5, 1404.44
1639601883, 0, 220, 227, 158, 4, 0.60%, 12, 0, 5, 1386.31
1639601888, 0, 226, 238, 166, 4, 0.63%, 13, 0, 6, 1372.15
1639601893, 0, 229, 243, 169, 6, 0.64%, 13, 0, 7, 1335.92
1639601898, 0, 231, 245, 169, 6, 0.64%, 13, 0, 7, 1352.10
1639601903, 0, 232, 249, 172, 5, 0.64%, 13, 0, 7, 1366.97
1639601908, 0, 241, 250, 171, 3, 0.64%, 13, 0, 7, 1357.17
1639601913, 0, 245, 253, 172, 2, 0.65%, 13, 0, 8, 1343.28
1639601918, 0, 253, 258, 175, 2, 0.67%, 13, 0, 10, 1327.18
1639601923, 0, 254, 261, 177, 7, 0.69%, 13, 0, 10, 1346.32
1639601928, 0, 258, 265, 177, 5, 0.70%, 13, 0, 11, 1339.03
1639601933, 0, 260, 269, 179, 4, 0.71%, 13, 0, 11, 1338.60
1639601939, 0, 263, 272, 181, 5, 0.71%, 13, 0, 11, 1344.74
1639601944, 0, 267, 273, 178, 1, 0.71%, 13, 0, 12, 1326.78
1639601949, 1, 13, 274, 172, 0, 0.71%, 14, 0, 12, 1331.41
1639601954, 1, 36, 276, 168, 0, 0.71%, 14, 0, 12, 1305.19
1639601959, 1, 260, 278, 167, 1, 0.71%, 14, 0, 12, 1297.66
1639601964, 1, 278, 279, 166, 1, 0.71%, 14, 0, 12, 1316.62
1639601969, 2, 41, 279, 163, 0, 0.71%, 14, 0, 12, 1325.85
1639601974, 2, 280, 282, 165, 1, 0.71%, 14, 0, 12, 1333.61
1639601979, 2, 280, 287, 170, 1, 0.72%, 14, 0, 12, 1336.43
1639601984, 2, 285, 293, 175, 2, 0.72%, 14, 0, 12, 1341.27
1639601989, 2, 291, 295, 175, 1, 0.72%, 14, 0, 12, 1356.91
1639601994, 3, 19, 296, 175, 0, 0.72%, 14, 0, 12, 1381.80
1639602000, 3, 213, 302, 178, 1, 0.72%, 14, 0, 12, 1384.71
1639602005, 3, 302, 305, 179, 1, 0.72%, 14, 0, 12, 1393.58
1639602010, 3, 304, 309, 182, 1, 0.72%, 14, 0, 12, 1375.86
1639602020, 3, 306, 311, 182, 0, 0.72%, 14, 0, 12, 1390.46
1639602025, 4, 16, 312, 181, 0, 0.72%, 15, 0, 12, 1381.94
1639602030, 4, 46, 312, 179, 0, 0.72%, 15, 0, 12, 1380.87
1639602035, 4, 63, 314, 180, 0, 0.72%, 15, 0, 12, 1340.34
1639602040, 4, 79, 317, 182, 0, 0.72%, 15, 0, 12, 1299.13
1639602046, 4, 283, 318, 183, 1, 0.72%, 15, 0, 12, 1343.15
1639602051, 4, 317, 321, 185, 1, 0.72%, 17, 0, 12, 255.69
1639602056, 4, 317, 323, 187, 1, 0.72%, 17, 0, 12, 261.03
1639602061, 4, 317, 324, 188, 1, 0.72%, 17, 0, 12, 258.98
1639602066, 4, 317, 325, 189, 1, 0.72%, 17, 0, 12, 243.42
1639602076, 4, 317, 326, 190, 1, 0.72%, 17, 0, 12, 259.26
1639602081, 4, 317, 328, 192, 1, 0.72%, 17, 0, 12, 286.82
1639602086, 4, 321, 329, 192, 1, 0.72%, 17, 0, 12, 480.69
