# unix_time, cycles_done, cur_path, paths_total, pending_total, pending_favs, map_size, unique_crashes, unique_hangs, max_depth, execs_per_sec
1639547139, 0, 0, 476, 476, 93, 0.86%, 0, 0, 1, 990.12
1639547145, 0, 31, 476, 469, 86, 0.86%, 1, 0, 1, 1172.85
1639547150, 0, 64, 476, 459, 77, 0.86%, 3, 0, 1, 1237.19
1639547155, 0, 107, 476, 449, 67, 0.86%, 5, 0, 1, 1314.30
1639547160, 0, 138, 477, 443, 60, 0.86%, 5, 0, 2, 1368.31
1639547165, 0, 172, 480, 439, 53, 0.86%, 5, 0, 2, 1381.58
1639547170, 0, 198, 480, 431, 45, 0.86%, 5, 0, 2, 1412.55
1639547175, 0, 239, 480, 422, 38, 0.86%, 5, 0, 2, 1401.45
1639547180, 0, 265, 480, 415, 31, 0.86%, 5, 0, 2, 1390.51
1639547186, 0, 323, 480, 405, 21, 0.86%, 5, 0, 2, 1395.72
1639547191, 0, 408, 480, 395, 11, 0.86%, 5, 0, 2, 1412.38
1639547196, 0, 447, 480, 388, 4, 0.86%, 5, 0, 2, 1405.05
1639547201, 1, 14, 480, 381, 0, 0.86%, 6, 0, 2, 1410.23
1639547206, 1, 36, 480, 376, 0, 0.86%, 6, 0, 2, 1389.69
1639547211, 1, 63, 480, 374, 0, 0.86%, 6, 0, 2, 1369.01
1639547216, 1, 85, 480, 369, 0, 0.86%, 7, 0, 2, 1368.52
1639547221, 1, 109, 480, 367, 0, 0.86%, 7, 0, 2, 1408.84
1639547226, 1, 129, 480, 363, 0, 0.86%, 7, 0, 2, 1407.60
1639547231, 1, 146, 480, 359, 0, 0.86%, 7, 0, 2, 1418.39
1639547236, 1, 172, 480, 354, 0, 0.86%, 7, 0, 2, 1426.15
1639547241, 1, 194, 480, 348, 0, 0.86%, 8, 0, 2, 1434.76
1639547246, 1, 210, 480, 344, 0, 0.86%, 8, 0, 2, 1394.11
1639547251, 1, 234, 480, 338, 0, 0.86%, 8, 0, 2, 1359.24
1639547257, 1, 252, 481, 337, 0, 0.86%, 8, 0, 2, 1334.83
1639547262, 1, 271, 481, 335, 0, 0.86%, 8, 0, 2, 1332.46
1639547267, 1, 295, 481, 329, 0, 0.86%, 9, 0, 2, 1331.41
1639547272, 1, 320, 482, 326, 0, 0.86%, 9, 0, 2, 1321.05
1639547277, 1, 337, 482, 323, 0, 0.86%, 9, 0, 2, 1340.00
1639547282, 1, 352, 482, 318, 0, 0.86%, 9, 0, 2, 1392.22
1639547287, 1, 381, 482, 312, 0, 0.86%, 10, 0, 2, 1450.16
1639547292, 1, 401, 482, 303, 0, 0.86%, 10, 0, 2, 1443.66
1639547297, 1, 434, 482, 299, 0, 0.86%, 11, 0, 2, 1449.94
1639547302, 1, 450, 482, 296, 0, 0.86%, 11, 0, 2, 1440.73
1639547307, 1, 479, 482, 286, 0, 0.86%, 11, 0, 2, 1425.44
1639547312, 2, 6, 483, 284, 0, 0.86%, 11, 0, 2, 1349.56
1639547317, 2, 25, 483, 280, 0, 0.86%, 11, 0, 2, 1325.25
1639547322, 2, 48, 483, 278, 0, 0.86%, 12, 0, 2, 1329.42
1639547327, 2, 68, 483, 275, 0, 0.86%, 12, 0, 2, 1351.62
1639547333, 2, 102, 483, 272, 0, 0.86%, 12, 0, 2, 1369.15
1639547338, 2, 136, 483, 270, 0, 0.86%, 12, 0, 2, 1380.19
1639547343, 2, 148, 484, 267, 0, 0.86%, 12, 0, 2, 1406.87
1639547348, 2, 176, 485, 265, 0, 0.86%, 12, 0, 2, 1439.51
1639547353, 2, 198, 485, 261, 0, 0.86%, 12, 0, 2, 1445.89
1639547358, 2, 235, 485, 259, 0, 0.86%, 12, 0, 2, 1423.13
1639547363, 2, 255, 486, 259, 0, 0.86%, 12, 0, 2, 1366.88
1639547368, 2, 269, 486, 252, 0, 0.86%, 12, 0, 2, 1302.22
1639547374, 2, 308, 486, 246, 0, 0.86%, 12, 0, 2, 1301.07
1639547379, 2, 320, 487, 242, 0, 0.86%, 12, 0, 2, 1263.40
1639547384, 2, 337, 487, 239, 0, 0.86%, 12, 0, 2, 1275.22
1639547389, 2, 366, 487, 234, 0, 0.86%, 12, 0, 2, 1316.38
1639547394, 2, 394, 487, 230, 0, 0.86%, 12, 0, 2, 1341.11
1639547399, 2, 427, 487, 224, 0, 0.86%, 12, 0, 2, 1390.04
1639547404, 2, 448, 487, 222, 0, 0.86%, 12, 0, 2, 1419.58
1639547409, 2, 471, 488, 218, 0, 0.86%, 13, 0, 2, 1372.94
1639547414, 2, 484, 489, 217, 0, 0.86%, 13, 0, 3, 206.72
1639547420, 3, 6, 489, 215, 0, 0.86%, 13, 0, 3, 1318.46
1639547425, 3, 44, 489, 212, 0, 0.86%, 13, 0, 3, 1593.73
1639547430, 3, 59, 491, 213, 0, 0.86%, 13, 0, 3, 1385.02
1639547435, 3, 85, 491, 210, 0, 0.86%, 13, 0, 3, 1338.49
