# unix_time, cycles_done, cur_path, paths_total, pending_total, pending_favs, map_size, unique_crashes, unique_hangs, max_depth, execs_per_sec
1639522346, 0, 0, 905, 905, 94, 0.95%, 0, 0, 1, 1101.81
1639522351, 0, 28, 905, 899, 88, 0.95%, 2, 0, 1, 1200.90
1639522356, 0, 94, 905, 890, 79, 0.95%, 3, 0, 1, 1283.37
1639522361, 0, 210, 905, 879, 68, 0.95%, 3, 0, 1, 1363.07
1639522366, 0, 307, 905, 868, 57, 0.95%, 5, 0, 1, 1424.45
1639522371, 0, 443, 905, 858, 49, 0.95%, 5, 0, 1, 1394.06
1639522376, 0, 529, 905, 851, 43, 0.95%, 5, 0, 1, 1323.13
1639522381, 0, 598, 905, 843, 35, 0.95%, 6, 0, 1, 1279.17
1639522387, 0, 687, 905, 831, 24, 0.95%, 6, 0, 1, 1571.95
1639522392, 0, 769, 905, 823, 16, 0.95%, 6, 0, 1, 1273.12
1639522397, 0, 814, 905, 816, 11, 0.95%, 7, 0, 1, 1244.72
1639522402, 0, 853, 905, 810, 5, 0.95%, 8, 0, 1, 1278.42
1639522407, 1, 17, 905, 802, 0, 0.95%, 10, 0, 1, 1341.22
1639522412, 1, 37, 905, 799, 0, 0.95%, 10, 0, 1, 1326.22
1639522417, 1, 62, 905, 794, 0, 0.95%, 10, 0, 1, 1326.21
1639522422, 1, 88, 905, 788, 0, 0.95%, 10, 0, 1, 1261.62
1639522427, 1, 107, 905, 783, 0, 0.95%, 11, 0, 1, 1228.05
1639522432, 1, 127, 905, 780, 0, 0.95%, 11, 0, 1, 1195.68
1639522437, 1, 156, 905, 775, 0, 0.95%, 11, 0, 1, 1181.46
1639522443, 1, 187, 905, 767, 0, 0.95%, 11, 0, 1, 1231.78
1639522448, 1, 210, 905, 760, 0, 0.95%, 12, 0, 1, 1282.41
1639522453, 1, 229, 905, 754, 0, 0.95%, 12, 0, 1, 1302.17
1639522458, 1, 244, 905, 749, 0, 0.95%, 12, 0, 1, 1296.61
1639522463, 1, 286, 905, 741, 0, 0.95%, 12, 0, 1, 1250.87
1639522468, 1, 307, 905, 736, 0, 0.95%, 12, 0, 1, 1230.93
1639522473, 1, 348, 905, 731, 0, 0.95%, 12, 0, 1, 1226.30
1639522478, 1, 365, 905, 723, 0, 0.95%, 12, 0, 1, 1233.44
1639522483, 1, 381, 905, 717, 0, 0.95%, 14, 0, 1, 1247.88
1639522488, 1, 401, 905, 712, 0, 0.95%, 14, 0, 1, 1268.04
1639522494, 1, 433, 905, 705, 0, 0.95%, 14, 0, 1, 1300.16
1639522499, 1, 470, 905, 701, 0, 0.95%, 14, 0, 1, 1304.13
1639522504, 1, 494, 905, 695, 0, 0.95%, 15, 0, 1, 1286.28
1639522509, 1, 537, 905, 687, 0, 0.95%, 17, 0, 1, 1287.27
1639522514, 1, 562, 905, 680, 0, 0.95%, 19, 0, 1, 1346.20
1639522519, 1, 584, 905, 675, 0, 0.95%, 19, 0, 1, 1402.70
1639522524, 1, 617, 905, 669, 0, 0.95%, 21, 0, 1, 1437.88
1639522529, 1, 650, 905, 662, 0, 0.95%, 21, 0, 1, 1413.55
1639522534, 1, 672, 905, 656, 0, 0.95%, 21, 0, 1, 1422.24
1639522539, 1, 716, 905, 650, 0, 0.95%, 21, 0, 1, 1386.77
1639522544, 1, 762, 905, 647, 0, 0.95%, 21, 0, 1, 1354.62
1639522549, 1, 776, 905, 642, 0, 0.95%, 21, 0, 1, 1360.86
1639522554, 1, 803, 905, 637, 0, 0.95%, 21, 0, 1, 1373.87
1639522559, 1, 830, 905, 631, 0, 0.95%, 21, 0, 1, 1371.46
1639522564, 1, 846, 905, 627, 0, 0.95%, 21, 0, 1, 1325.52
1639522569, 1, 866, 905, 623, 0, 0.95%, 21, 0, 1, 1232.51
1639522575, 1, 889, 905, 616, 0, 0.95%, 21, 0, 1, 1224.01
1639522580, 2, 7, 905, 608, 0, 0.95%, 21, 0, 1, 1148.75
1639522585, 2, 23, 905, 606, 0, 0.95%, 22, 0, 1, 1133.69
1639522590, 2, 43, 905, 602, 0, 0.95%, 22, 0, 1, 1090.89
1639522595, 2, 61, 905, 600, 0, 0.95%, 22, 0, 1, 1119.12
1639522600, 2, 99, 905, 595, 0, 0.95%, 22, 0, 1, 1252.22
1639522605, 2, 129, 905, 589, 0, 0.95%, 22, 0, 1, 1339.14
1639522610, 2, 165, 905, 582, 0, 0.95%, 22, 0, 1, 1357.44
1639522615, 2, 200, 905, 574, 0, 0.95%, 22, 0, 1, 1379.98
1639522620, 2, 244, 905, 569, 0, 0.95%, 22, 0, 1, 1353.24
1639522626, 2, 281, 905, 564, 0, 0.95%, 22, 0, 1, 1358.27
1639522631, 2, 307, 905, 561, 0, 0.95%, 22, 0, 1, 1361.62
1639522636, 2, 346, 905, 554, 0, 0.95%, 22, 0, 1, 1336.81
