# unix_time, cycles_done, cur_path, paths_total, pending_total, pending_favs, map_size, unique_crashes, unique_hangs, max_depth, execs_per_sec
1639440792, 0, 0, 860, 860, 91, 0.92%, 0, 0, 1, 1250.68
1639440798, 0, 179, 860, 845, 78, 0.92%, 3, 0, 1, 1655.41
1639440803, 0, 269, 860, 834, 67, 0.92%, 5, 0, 1, 1545.53
1639440808, 0, 312, 860, 825, 58, 0.92%, 5, 0, 1, 1469.42
1639440813, 0, 363, 860, 817, 51, 0.92%, 6, 0, 1, 1455.51
1639440818, 0, 486, 860, 809, 44, 0.92%, 6, 0, 1, 1428.85
1639440823, 0, 567, 860, 800, 35, 0.92%, 6, 0, 1, 1441.11
1639440829, 0, 679, 860, 788, 25, 0.92%, 6, 0, 1, 1416.07
1639440834, 0, 768, 860, 777, 14, 0.92%, 6, 0, 1, 1429.13
1639440839, 0, 827, 860, 768, 5, 0.92%, 6, 0, 1, 1453.82
1639440844, 1, 11, 861, 761, 0, 0.92%, 6, 0, 2, 1428.92
1639440849, 1, 28, 861, 754, 0, 0.92%, 6, 0, 2, 1422.46
1639440854, 1, 51, 861, 746, 0, 0.92%, 7, 0, 2, 1434.38
1639440859, 1, 90, 861, 738, 0, 0.92%, 7, 0, 2, 1414.02
1639440864, 1, 110, 861, 729, 0, 0.92%, 9, 0, 2, 1447.01
1639440869, 1, 136, 861, 722, 0, 0.92%, 9, 0, 2, 1432.00
1639440874, 1, 161, 862, 716, 0, 0.92%, 9, 0, 2, 1403.34
1639440879, 1, 178, 862, 710, 0, 0.92%, 9, 0, 2, 1444.67
1639440884, 1, 212, 862, 703, 0, 0.92%, 10, 0, 2, 1424.20
1639440889, 1, 242, 862, 696, 0, 0.92%, 10, 0, 2, 1435.94
1639440894, 1, 272, 862, 692, 0, 0.92%, 10, 0, 2, 1401.92
1639440900, 1, 310, 862, 687, 0, 0.92%, 10, 0, 2, 1444.41
1639440905, 1, 335, 862, 682, 0, 0.92%, 11, 0, 2, 1446.69
1639440910, 1, 347, 862, 678, 0, 0.92%, 11, 0, 2, 1454.11
1639440915, 1, 372, 862, 674, 0, 0.92%, 11, 0, 2, 1430.84
1639440920, 1, 403, 862, 667, 0, 0.92%, 11, 0, 2, 1434.14
1639440925, 1, 421, 863, 661, 0, 0.92%, 11, 0, 2, 1446.94
1639440930, 1, 448, 863, 655, 0, 0.92%, 11, 0, 2, 1461.81
1639440935, 1, 472, 863, 648, 0, 0.92%, 11, 0, 2, 1454.12
1639440940, 1, 512, 863, 645, 0, 0.92%, 11, 0, 2, 1465.81
1639440946, 1, 549, 863, 637, 0, 0.92%, 11, 0, 2, 1402.41
1639440951, 1, 560, 863, 632, 0, 0.92%, 11, 0, 2, 1434.31
1639440956, 1, 592, 863, 626, 0, 0.92%, 11, 0, 2, 1443.12
1639440961, 1, 614, 863, 619, 0, 0.92%, 11, 0, 2, 1450.46
1639440966, 1, 653, 863, 611, 0, 0.92%, 11, 0, 2, 1426.53
1639440971, 1, 682, 863, 604, 0, 0.92%, 11, 0, 2, 1440.08
1639440976, 1, 704, 863, 597, 0, 0.92%, 11, 0, 2, 1423.92
1639440981, 1, 739, 863, 591, 0, 0.92%, 12, 0, 2, 1422.60
1639440986, 1, 759, 863, 585, 0, 0.92%, 12, 0, 2, 1430.98
1639440992, 1, 779, 863, 579, 0, 0.92%, 12, 0, 2, 1444.74
1639440997, 1, 811, 863, 571, 0, 0.92%, 13, 0, 2, 1460.71
1639441002, 1, 832, 863, 568, 0, 0.92%, 14, 0, 2, 1457.41
1639441007, 1, 857, 863, 563, 0, 0.92%, 14, 0, 2, 1440.53
1639441012, 1, 862, 865, 564, 0, 0.92%, 14, 0, 3, 1409.68
1639441017, 2, 46, 865, 559, 0, 0.92%, 14, 0, 3, 1450.68
1639441022, 2, 79, 865, 552, 0, 0.92%, 14, 0, 3, 1454.40
1639441027, 2, 136, 865, 544, 0, 0.92%, 14, 0, 3, 1456.00
1639441032, 2, 176, 865, 540, 0, 0.92%, 14, 0, 3, 1449.60
1639441037, 2, 212, 865, 535, 0, 0.92%, 14, 0, 3, 1436.75
1639441042, 2, 239, 865, 529, 0, 0.92%, 14, 0, 3, 1448.98
1639441047, 2, 270, 865, 525, 0, 0.92%, 14, 0, 3, 1453.06
1639441052, 2, 291, 865, 520, 0, 0.92%, 14, 0, 3, 1385.89
1639441057, 2, 322, 865, 515, 0, 0.92%, 14, 0, 3, 1435.09
1639441062, 2, 350, 865, 511, 0, 0.92%, 14, 0, 3, 1436.93
1639441067, 2, 367, 865, 507, 0, 0.92%, 14, 0, 3, 1431.25
1639441073, 2, 416, 865, 501, 0, 0.92%, 14, 0, 3, 1436.40
1639441078, 2, 469, 865, 495, 0, 0.92%, 14, 0, 3, 1427.51
1639441083, 2, 504, 865, 491, 0, 0.92%, 14, 0, 3, 1442.17
