# unix_time, cycles_done, cur_path, paths_total, pending_total, pending_favs, map_size, unique_crashes, unique_hangs, max_depth, execs_per_sec
1639554600, 0, 0, 828, 828, 104, 0.97%, 0, 0, 1, 976.70
1639554605, 0, 69, 828, 819, 95, 0.97%, 0, 0, 1, 1243.95
1639554611, 0, 167, 828, 809, 85, 0.97%, 2, 0, 1, 1298.07
1639554616, 0, 237, 828, 799, 76, 0.97%, 4, 0, 1, 1293.69
1639554621, 0, 299, 828, 790, 67, 0.97%, 4, 0, 1, 1278.57
1639554626, 0, 370, 828, 780, 58, 0.97%, 4, 0, 1, 1259.17
1639554631, 0, 436, 828, 773, 51, 0.97%, 4, 0, 1, 1240.57
1639554636, 0, 480, 828, 765, 43, 0.97%, 5, 0, 1, 1277.49
1639554641, 0, 543, 828, 755, 34, 0.97%, 8, 0, 1, 1363.74
1639554646, 0, 626, 828, 747, 26, 0.97%, 8, 0, 1, 1406.44
1639554651, 0, 713, 828, 734, 13, 0.97%, 8, 0, 1, 1423.49
1639554656, 0, 798, 828, 723, 3, 0.97%, 8, 0, 1, 1454.80
1639554661, 1, 15, 828, 715, 0, 0.97%, 9, 0, 1, 1478.35
1639554666, 1, 47, 828, 709, 0, 0.97%, 9, 0, 1, 1520.86
1639554671, 1, 70, 828, 704, 0, 0.97%, 9, 0, 1, 1460.66
1639554676, 1, 109, 828, 696, 0, 0.97%, 10, 0, 1, 1433.60
1639554682, 1, 134, 828, 689, 0, 0.97%, 10, 0, 1, 1432.31
1639554687, 1, 171, 828, 683, 0, 0.97%, 10, 0, 1, 1428.36
1639554692, 1, 201, 828, 677, 0, 0.97%, 10, 0, 1, 1409.28
1639554697, 1, 219, 828, 669, 0, 0.97%, 10, 0, 1, 1383.74
1639554702, 1, 237, 828, 663, 0, 0.97%, 10, 0, 1, 1446.69
1639554707, 1, 259, 828, 659, 0, 0.97%, 10, 0, 1, 1464.26
1639554712, 1, 292, 828, 651, 0, 0.97%, 10, 0, 1, 1455.57
1639554717, 1, 320, 828, 647, 0, 0.97%, 10, 0, 1, 1463.27
1639554722, 1, 352, 828, 639, 0, 0.97%, 10, 0, 1, 1445.83
1639554728, 1, 388, 828, 632, 0, 0.97%, 10, 0, 1, 1452.63
1639554733, 1, 411, 828, 626, 0, 0.97%, 10, 0, 1, 1456.73
1639554738, 1, 441, 829, 620, 0, 0.97%, 12, 0, 2, 1457.22
1639554743, 1, 463, 829, 615, 0, 0.97%, 12, 0, 2, 1419.36
1639554748, 1, 485, 829, 611, 0, 0.97%, 12, 0, 2, 1421.53
1639554753, 1, 509, 829, 606, 0, 0.97%, 12, 0, 2, 1402.27
1639554758, 1, 537, 829, 600, 0, 0.97%, 12, 0, 2, 1423.66
1639554763, 1, 557, 829, 594, 0, 0.97%, 12, 0, 2, 1416.04
1639554768, 1, 592, 829, 588, 0, 0.97%, 12, 0, 2, 1435.64
1639554773, 1, 621, 829, 581, 0, 0.97%, 12, 0, 2, 1431.70
1639554778, 1, 637, 829, 578, 0, 0.97%, 12, 0, 2, 1445.65
1639554783, 1, 669, 829, 570, 0, 0.97%, 12, 0, 2, 1419.26
1639554788, 1, 689, 829, 563, 0, 0.97%, 12, 0, 2, 1431.55
1639554794, 1, 712, 829, 558, 0, 0.97%, 12, 0, 2, 1451.59
1639554799, 1, 731, 829, 554, 0, 0.97%, 12, 0, 2, 1459.92
1639554804, 1, 769, 829, 546, 0, 0.97%, 12, 0, 2, 1432.08
1639554809, 1, 790, 829, 539, 0, 0.97%, 12, 0, 2, 1452.80
1639554814, 1, 806, 829, 535, 0, 0.97%, 12, 0, 2, 1404.01
1639554819, 1, 821, 829, 529, 0, 0.97%, 12, 0, 2, 1440.06
1639554824, 2, 45, 829, 523, 0, 0.97%, 12, 0, 2, 1439.71
1639554829, 2, 86, 829, 518, 0, 0.97%, 12, 0, 2, 1435.52
1639554834, 2, 116, 830, 515, 0, 0.97%, 12, 0, 2, 1396.65
1639554839, 2, 145, 830, 508, 0, 0.97%, 12, 0, 2, 1415.53
1639554844, 2, 168, 830, 502, 0, 0.97%, 12, 0, 2, 1425.13
1639554849, 2, 196, 830, 495, 0, 0.97%, 12, 0, 2, 1437.00
1639554854, 2, 228, 830, 490, 0, 0.97%, 12, 0, 2, 1447.29
1639554859, 2, 250, 830, 486, 0, 0.97%, 13, 0, 2, 1416.99
1639554864, 2, 299, 830, 479, 0, 0.97%, 13, 0, 2, 1443.00
1639554869, 2, 322, 830, 474, 0, 0.97%, 13, 0, 2, 1377.79
1639554874, 2, 372, 830, 469, 0, 0.97%, 13, 0, 2, 1426.12
1639554879, 2, 402, 830, 462, 0, 0.97%, 14, 0, 2, 1441.18
1639554885, 2, 430, 830, 456, 0, 0.97%, 14, 0, 2, 1436.46
1639554890, 2, 456, 830, 454, 0, 0.97%, 14, 0, 2, 1441.36
