# unix_time, cycles_done, cur_path, paths_total, pending_total, pending_favs, map_size, unique_crashes, unique_hangs, max_depth, execs_per_sec
1639484856, 0, 0, 838, 838, 99, 0.91%, 0, 0, 1, 1285.03
1639484862, 0, 105, 838, 824, 86, 0.91%, 3, 0, 1, 1393.06
1639484867, 0, 187, 838, 816, 78, 0.91%, 5, 0, 1, 1413.30
1639484872, 0, 260, 838, 802, 65, 0.91%, 6, 0, 1, 1418.99
1639484877, 0, 330, 838, 793, 57, 0.91%, 7, 0, 1, 1656.20
1639484882, 0, 468, 838, 780, 44, 0.91%, 7, 0, 1, 1484.76
1639484887, 0, 537, 838, 771, 35, 0.91%, 7, 0, 1, 1462.77
1639484892, 0, 602, 838, 765, 29, 0.91%, 7, 0, 1, 1425.48
1639484897, 0, 677, 838, 755, 20, 0.91%, 7, 0, 1, 1396.82
1639484902, 0, 719, 838, 748, 13, 0.91%, 7, 0, 1, 1415.10
1639484908, 0, 780, 838, 740, 6, 0.91%, 8, 0, 1, 1419.33
1639484913, 1, 3, 838, 730, 0, 0.91%, 8, 0, 1, 1441.78
1639484918, 1, 37, 838, 723, 0, 0.91%, 9, 0, 1, 1431.25
1639484923, 1, 88, 838, 717, 0, 0.91%, 9, 0, 1, 1412.71
1639484928, 1, 106, 838, 710, 0, 0.91%, 9, 0, 1, 1397.75
1639484933, 1, 132, 838, 702, 0, 0.91%, 9, 0, 1, 1417.18
1639484938, 1, 165, 838, 697, 0, 0.91%, 9, 0, 1, 1396.18
1639484943, 1, 201, 838, 692, 0, 0.91%, 9, 0, 1, 1407.50
1639484948, 1, 229, 838, 686, 0, 0.91%, 9, 0, 1, 1416.97
1639484953, 1, 256, 838, 680, 0, 0.91%, 9, 0, 1, 1407.18
1639484958, 1, 273, 838, 675, 0, 0.91%, 10, 0, 1, 1425.49
1639484963, 1, 298, 838, 672, 0, 0.91%, 11, 0, 1, 1388.42
1639484969, 1, 331, 838, 667, 0, 0.91%, 11, 0, 1, 1400.53
1639484974, 1, 375, 838, 660, 0, 0.91%, 11, 0, 1, 1429.93
1639484979, 1, 397, 838, 654, 0, 0.91%, 11, 0, 1, 1417.78
1639484984, 1, 429, 838, 647, 0, 0.91%, 12, 0, 1, 1388.12
1639484989, 1, 467, 838, 640, 0, 0.91%, 12, 0, 1, 1396.08
1639484994, 1, 484, 838, 635, 0, 0.91%, 12, 0, 1, 1415.11
1639484999, 1, 511, 838, 630, 0, 0.91%, 12, 0, 1, 1417.74
1639485005, 1, 561, 838, 623, 0, 0.91%, 12, 0, 1, 1436.50
1639485010, 1, 579, 838, 616, 0, 0.91%, 12, 0, 1, 1426.15
1639485015, 1, 603, 838, 611, 0, 0.91%, 12, 0, 1, 1378.23
1639485020, 1, 629, 838, 604, 0, 0.91%, 12, 0, 1, 1401.37
1639485025, 1, 650, 838, 597, 0, 0.91%, 12, 0, 1, 1409.25
1639485030, 1, 678, 838, 593, 0, 0.91%, 12, 0, 1, 1418.11
1639485035, 1, 691, 838, 589, 0, 0.91%, 12, 0, 1, 1400.98
1639485041, 1, 714, 838, 584, 0, 0.91%, 12, 0, 1, 1423.83
1639485046, 1, 746, 838, 575, 0, 0.91%, 12, 0, 1, 1419.96
1639485051, 1, 766, 838, 570, 0, 0.91%, 12, 0, 1, 1416.23
1639485056, 1, 803, 838, 565, 0, 0.91%, 13, 0, 1, 1426.55
1639485061, 1, 820, 838, 559, 0, 0.91%, 13, 0, 1, 1422.14
1639485066, 2, 11, 838, 554, 0, 0.91%, 13, 0, 1, 1429.17
1639485071, 2, 41, 838, 548, 0, 0.91%, 14, 0, 1, 1423.75
1639485076, 2, 70, 838, 543, 0, 0.91%, 14, 0, 1, 1421.20
1639485082, 2, 96, 838, 537, 0, 0.91%, 14, 0, 1, 1380.17
1639485087, 2, 140, 838, 531, 0, 0.91%, 14, 0, 1, 1403.59
1639485092, 2, 162, 838, 524, 0, 0.91%, 14, 0, 1, 1409.08
1639485097, 2, 185, 838, 519, 0, 0.91%, 14, 0, 1, 1430.22
1639485102, 2, 213, 838, 513, 0, 0.91%, 14, 0, 1, 1408.89
1639485107, 2, 246, 838, 510, 0, 0.91%, 14, 0, 1, 1410.08
1639485112, 2, 280, 838, 505, 0, 0.91%, 15, 0, 1, 1412.74
1639485118, 2, 309, 838, 502, 0, 0.91%, 15, 0, 1, 1414.36
1639485123, 2, 331, 838, 496, 0, 0.91%, 15, 0, 1, 1437.92
1639485128, 2, 370, 838, 489, 0, 0.91%, 15, 0, 1, 1434.90
1639485133, 2, 410, 838, 481, 0, 0.91%, 15, 0, 1, 1435.95
1639485138, 2, 445, 838, 474, 0, 0.91%, 15, 0, 1, 1426.98
1639485143, 2, 468, 838, 466, 0, 0.91%, 15, 0, 1, 1355.66
1639485148, 2, 491, 838, 461, 0, 0.91%, 15, 0, 1, 1405.18
