# unix_time, cycles_done, cur_path, paths_total, pending_total, pending_favs, map_size, unique_crashes, unique_hangs, max_depth, execs_per_sec
1639555203, 0, 0, 43, 43, 23, 0.14%, 0, 0, 1, 1190.31
1639555209, 0, 19, 47, 35, 12, 0.14%, 10, 0, 2, 1337.07
1639555214, 0, 41, 47, 25, 2, 0.14%, 10, 0, 2, 1371.24
1639555219, 1, 11, 47, 20, 0, 0.14%, 10, 0, 2, 1381.32
1639555224, 1, 29, 48, 17, 0, 0.14%, 10, 0, 2, 1383.84
1639555229, 1, 45, 48, 15, 0, 0.14%, 10, 0, 2, 1414.06
1639555234, 2, 19, 48, 13, 0, 0.14%, 10, 0, 2, 1420.13
1639555239, 2, 39, 48, 10, 0, 0.14%, 10, 0, 2, 1415.52
1639555244, 3, 8, 48, 7, 0, 0.14%, 10, 0, 2, 1406.01
1639555249, 3, 28, 48, 5, 0, 0.14%, 10, 0, 2, 1372.61
1639555254, 4, 1, 48, 5, 0, 0.14%, 10, 0, 2, 1387.21
1639555259, 4, 23, 48, 5, 0, 0.14%, 10, 0, 2, 1412.01
1639555264, 5, 8, 48, 5, 0, 0.14%, 11, 0, 2, 1764.64
1639555269, 5, 34, 48, 4, 0, 0.14%, 11, 0, 2, 1493.55
1639555274, 6, 0, 48, 3, 0, 0.14%, 11, 0, 2, 1432.92
1639555279, 6, 23, 48, 3, 0, 0.14%, 11, 0, 2, 1395.82
1639555284, 6, 43, 48, 3, 0, 0.14%, 11, 0, 2, 1417.82
1639555290, 7, 21, 48, 2, 0, 0.14%, 11, 0, 2, 1421.88
1639555295, 7, 44, 48, 2, 0, 0.14%, 11, 0, 2, 1424.09
1639555300, 8, 19, 48, 1, 0, 0.14%, 11, 0, 2, 1405.28
1639555305, 8, 42, 48, 1, 0, 0.14%, 11, 0, 2, 1406.41
1639555310, 9, 19, 48, 1, 0, 0.14%, 11, 0, 2, 1405.97
1639555315, 9, 39, 48, 1, 0, 0.14%, 11, 0, 2, 1395.46
1639555320, 10, 18, 48, 1, 0, 0.14%, 11, 0, 2, 1405.19
1639555325, 10, 40, 48, 0, 0, 0.14%, 11, 0, 2, 1397.58
1639555330, 11, 13, 48, 0, 0, 0.14%, 11, 0, 2, 1404.03
1639555335, 11, 39, 48, 0, 0, 0.14%, 11, 0, 2, 1409.72
1639555340, 12, 15, 48, 0, 0, 0.14%, 11, 0, 2, 1388.59
1639555345, 12, 37, 48, 0, 0, 0.14%, 11, 0, 2, 1390.29
1639555350, 13, 10, 48, 0, 0, 0.14%, 11, 0, 2, 1332.67
1639555355, 13, 35, 48, 0, 0, 0.14%, 11, 0, 2, 1321.11
1639555360, 14, 4, 48, 0, 0, 0.14%, 11, 0, 2, 1321.85
1639555365, 14, 29, 48, 0, 0, 0.14%, 11, 0, 2, 1369.56
1639555371, 15, 4, 48, 0, 0, 0.14%, 11, 0, 2, 1364.33
1639555376, 15, 26, 48, 0, 0, 0.14%, 11, 0, 2, 1309.63
1639555381, 16, 1, 48, 0, 0, 0.14%, 11, 0, 2, 1375.63
1639555386, 16, 26, 48, 0, 0, 0.14%, 11, 0, 2, 1379.75
1639555391, 16, 47, 48, 0, 0, 0.14%, 11, 0, 2, 1392.29
1639555396, 17, 21, 48, 0, 0, 0.14%, 11, 0, 2, 1365.06
1639555401, 17, 40, 48, 0, 0, 0.14%, 11, 0, 2, 1250.00
1639555407, 18, 17, 48, 0, 0, 0.14%, 11, 0, 2, 1334.03
1639555412, 18, 40, 48, 0, 0, 0.14%, 11, 0, 2, 1384.39
1639555417, 19, 17, 48, 0, 0, 0.14%, 11, 0, 2, 1393.22
1639555422, 19, 40, 48, 0, 0, 0.14%, 11, 0, 2, 1385.59
1639555427, 20, 18, 48, 0, 0, 0.14%, 11, 0, 2, 1376.69
1639555432, 20, 39, 48, 0, 0, 0.14%, 11, 0, 2, 1379.50
1639555437, 21, 12, 48, 0, 0, 0.14%, 11, 0, 2, 1369.92
1639555442, 21, 37, 48, 0, 0, 0.14%, 12, 0, 2, 1383.89
1639555447, 22, 10, 48, 0, 0, 0.14%, 12, 0, 2, 1371.06
1639555452, 22, 36, 48, 0, 0, 0.14%, 12, 0, 2, 1381.97
1639555457, 23, 9, 48, 0, 0, 0.14%, 12, 0, 2, 1382.74
1639555462, 23, 35, 48, 0, 0, 0.14%, 12, 0, 2, 1239.77
1639555467, 24, 1, 48, 0, 0, 0.14%, 12, 0, 2, 1096.29
1639555472, 24, 17, 48, 0, 0, 0.14%, 12, 0, 2, 1222.93
1639555477, 24, 39, 48, 0, 0, 0.14%, 12, 0, 2, 1311.02
1639555482, 25, 15, 48, 0, 0, 0.14%, 12, 0, 2, 1362.88
1639555487, 25, 38, 48, 0, 0, 0.14%, 12, 0, 2, 1368.77
1639555492, 26, 8, 48, 0, 0, 0.14%, 12, 0, 2, 1346.63
1639555497, 26, 29, 48, 0, 0, 0.14%, 12, 0, 2, 1275.97
1639555502, 27, 8, 48, 0, 0, 0.14%, 12, 0, 2, 1368.96
