# unix_time, cycles_done, cur_path, paths_total, pending_total, pending_favs, map_size, unique_crashes, unique_hangs, max_depth, execs_per_sec
1639443234, 0, 0, 920, 920, 101, 0.93%, 0, 0, 1, 1113.46
1639443239, 0, 114, 920, 908, 89, 0.93%, 2, 0, 1, 1344.54
1639443244, 0, 229, 920, 896, 78, 0.93%, 3, 0, 1, 1413.09
1639443249, 0, 339, 920, 885, 69, 0.93%, 3, 0, 1, 1440.43
1639443254, 0, 387, 920, 875, 60, 0.93%, 3, 0, 1, 1443.57
1639443259, 0, 452, 920, 866, 54, 0.93%, 5, 0, 1, 1430.57
1639443264, 0, 529, 920, 856, 45, 0.93%, 6, 0, 1, 1440.57
1639443269, 0, 598, 920, 849, 39, 0.93%, 6, 0, 1, 1420.88
1639443274, 0, 652, 920, 841, 31, 0.93%, 7, 0, 1, 1421.25
1639443279, 0, 709, 920, 833, 23, 0.93%, 8, 0, 1, 1399.80
1639443284, 0, 786, 920, 823, 14, 0.93%, 8, 0, 1, 1429.45
1639443290, 0, 880, 920, 814, 5, 0.93%, 8, 0, 1, 1424.22
1639443295, 1, 15, 920, 803, 0, 0.93%, 8, 0, 1, 1413.23
1639443300, 1, 38, 920, 799, 0, 0.93%, 8, 0, 1, 1426.06
1639443305, 1, 73, 920, 791, 0, 0.93%, 8, 0, 1, 1426.46
1639443310, 1, 110, 920, 783, 0, 0.93%, 8, 0, 1, 1430.87
1639443315, 1, 139, 920, 776, 0, 0.93%, 8, 0, 1, 1429.64
1639443320, 1, 155, 920, 771, 0, 0.93%, 8, 0, 1, 1401.71
1639443325, 1, 189, 920, 762, 0, 0.93%, 9, 0, 1, 1431.12
1639443331, 1, 237, 920, 754, 0, 0.93%, 10, 0, 1, 1430.48
1639443336, 1, 272, 920, 749, 0, 0.93%, 10, 0, 1, 1425.10
1639443341, 1, 289, 920, 743, 0, 0.93%, 10, 0, 1, 1419.89
1639443346, 1, 316, 920, 737, 0, 0.93%, 10, 0, 1, 1414.49
1639443351, 1, 344, 920, 730, 0, 0.93%, 10, 0, 1, 1422.86
1639443356, 1, 373, 920, 728, 0, 0.93%, 10, 0, 1, 1440.53
1639443361, 1, 390, 920, 722, 0, 0.93%, 10, 0, 1, 1433.95
1639443366, 1, 437, 920, 717, 0, 0.93%, 11, 0, 1, 1435.76
1639443371, 1, 464, 920, 712, 0, 0.93%, 11, 0, 1, 1435.70
1639443376, 1, 481, 920, 707, 0, 0.93%, 11, 0, 1, 1431.60
1639443382, 1, 501, 920, 702, 0, 0.93%, 11, 0, 1, 1418.08
1639443387, 1, 549, 920, 694, 0, 0.93%, 11, 0, 1, 1438.31
1639443392, 1, 583, 920, 688, 0, 0.93%, 11, 0, 1, 1431.96
1639443397, 1, 608, 920, 683, 0, 0.93%, 11, 0, 1, 1442.63
1639443402, 1, 632, 920, 678, 0, 0.93%, 11, 0, 1, 1442.82
1639443407, 1, 652, 920, 672, 0, 0.93%, 11, 0, 1, 1422.73
1639443412, 1, 697, 920, 666, 0, 0.93%, 12, 0, 1, 1425.29
1639443417, 1, 709, 921, 663, 0, 0.93%, 12, 0, 2, 1440.21
1639443422, 1, 920, 921, 659, 1, 0.93%, 12, 0, 2, 1423.21
1639443428, 2, 34, 921, 655, 0, 0.93%, 12, 0, 2, 1432.45
1639443433, 2, 79, 921, 650, 0, 0.93%, 12, 0, 2, 1400.68
1639443438, 2, 103, 921, 644, 0, 0.93%, 12, 0, 2, 1419.70
1639443443, 2, 146, 921, 637, 0, 0.93%, 12, 0, 2, 1423.06
1639443448, 2, 177, 921, 633, 0, 0.93%, 12, 0, 2, 1434.95
1639443453, 2, 229, 921, 626, 0, 0.93%, 13, 0, 2, 1428.63
1639443458, 2, 265, 921, 620, 0, 0.93%, 13, 0, 2, 1415.16
1639443463, 2, 291, 921, 616, 0, 0.93%, 13, 0, 2, 1433.00
1639443469, 2, 311, 921, 610, 0, 0.93%, 13, 0, 2, 1420.42
1639443474, 2, 364, 921, 606, 0, 0.93%, 13, 0, 2, 1437.72
1639443479, 2, 385, 921, 602, 0, 0.93%, 13, 0, 2, 1441.62
1639443484, 2, 406, 921, 595, 0, 0.93%, 13, 0, 2, 1435.38
1639443489, 2, 434, 921, 590, 0, 0.93%, 13, 0, 2, 1422.87
1639443494, 2, 468, 921, 586, 0, 0.93%, 13, 0, 2, 1435.48
1639443499, 2, 505, 921, 584, 0, 0.93%, 13, 0, 2, 1427.20
1639443504, 2, 535, 922, 575, 0, 0.93%, 13, 0, 2, 1427.82
1639443509, 2, 564, 923, 571, 0, 0.93%, 13, 0, 2, 1438.44
1639443514, 2, 588, 923, 567, 0, 0.93%, 13, 0, 2, 1738.98
1639443520, 2, 624, 923, 561, 0, 0.93%, 13, 0, 2, 1496.01
1639443525, 2, 643, 923, 558, 0, 0.93%, 13, 0, 2, 1453.95
