# unix_time, cycles_done, cur_path, paths_total, pending_total, pending_favs, map_size, unique_crashes, unique_hangs, max_depth, execs_per_sec
1639479678, 0, 0, 787, 787, 84, 0.84%, 0, 0, 1, 1162.70
1639479683, 0, 93, 787, 772, 71, 0.84%, 4, 0, 1, 1359.75
1639479688, 0, 182, 787, 762, 62, 0.84%, 4, 0, 1, 1373.98
1639479693, 0, 285, 788, 755, 54, 0.84%, 4, 0, 2, 1376.28
1639479698, 0, 395, 788, 747, 46, 0.84%, 4, 0, 2, 1390.46
1639479703, 0, 465, 788, 739, 38, 0.84%, 4, 0, 2, 1391.41
1639479708, 0, 544, 789, 733, 33, 0.85%, 4, 0, 2, 1369.61
1639479713, 0, 606, 789, 726, 26, 0.85%, 5, 0, 2, 1356.40
1639479718, 0, 666, 789, 718, 19, 0.85%, 7, 0, 2, 1393.20
1639479724, 0, 722, 789, 706, 8, 0.85%, 8, 0, 2, 1365.91
1639479729, 1, 9, 789, 697, 0, 0.85%, 9, 0, 2, 1371.83
1639479734, 1, 40, 789, 690, 0, 0.85%, 9, 0, 2, 1394.20
1639479739, 1, 73, 789, 685, 0, 0.85%, 10, 0, 2, 1382.04
1639479744, 1, 109, 789, 678, 0, 0.85%, 10, 0, 2, 1378.15
1639479749, 1, 140, 789, 671, 0, 0.85%, 10, 0, 2, 1730.31
1639479754, 1, 169, 789, 665, 0, 0.85%, 10, 0, 2, 1470.25
1639479760, 1, 211, 789, 659, 0, 0.85%, 11, 0, 2, 1388.09
1639479765, 1, 236, 789, 652, 0, 0.85%, 11, 0, 2, 1386.47
1639479770, 1, 261, 789, 644, 0, 0.85%, 11, 0, 2, 1367.37
1639479775, 1, 289, 789, 638, 0, 0.85%, 11, 0, 2, 1397.91
1639479780, 1, 319, 789, 631, 0, 0.85%, 11, 0, 2, 1397.98
1639479785, 1, 362, 789, 624, 0, 0.85%, 11, 0, 2, 1367.03
1639479790, 1, 384, 789, 619, 0, 0.85%, 11, 0, 2, 1369.08
1639479795, 1, 407, 789, 614, 0, 0.85%, 11, 0, 2, 1370.90
1639479800, 1, 428, 789, 609, 0, 0.85%, 11, 0, 2, 1386.23
1639479805, 1, 455, 789, 601, 0, 0.85%, 11, 0, 2, 1413.45
1639479811, 1, 478, 789, 596, 0, 0.85%, 11, 0, 2, 1410.48
1639479816, 1, 502, 790, 591, 0, 0.85%, 11, 0, 2, 1383.57
1639479821, 1, 531, 790, 584, 0, 0.85%, 14, 0, 2, 1390.35
1639479826, 1, 563, 790, 577, 0, 0.85%, 14, 0, 2, 1396.58
1639479831, 1, 585, 790, 572, 0, 0.85%, 15, 0, 2, 1387.14
1639479836, 1, 611, 790, 567, 0, 0.85%, 15, 0, 2, 1399.32
1639479841, 1, 629, 790, 563, 0, 0.85%, 15, 0, 2, 1382.81
1639479846, 1, 677, 790, 559, 0, 0.85%, 15, 0, 2, 1369.57
1639479852, 1, 702, 790, 553, 0, 0.85%, 15, 0, 2, 1389.21
1639479857, 1, 726, 790, 549, 0, 0.85%, 15, 0, 2, 1416.55
1639479862, 1, 748, 790, 542, 0, 0.85%, 15, 0, 2, 1395.22
1639479867, 1, 779, 790, 535, 0, 0.85%, 15, 0, 2, 1376.09
1639479872, 2, 15, 790, 529, 0, 0.85%, 15, 0, 2, 1381.00
1639479877, 2, 68, 790, 523, 0, 0.85%, 15, 0, 2, 1413.51
1639479882, 2, 93, 790, 518, 0, 0.85%, 15, 0, 2, 1405.58
1639479887, 2, 128, 790, 512, 0, 0.85%, 15, 0, 2, 1410.15
1639479892, 2, 151, 790, 507, 0, 0.85%, 15, 0, 2, 1395.55
1639479898, 2, 187, 790, 502, 0, 0.85%, 16, 0, 2, 1383.16
1639479903, 2, 227, 790, 495, 0, 0.85%, 16, 0, 2, 1406.74
1639479908, 2, 275, 790, 488, 0, 0.85%, 16, 0, 2, 1386.48
1639479913, 2, 308, 790, 482, 0, 0.85%, 16, 0, 2, 1379.58
1639479918, 2, 344, 790, 476, 0, 0.85%, 16, 0, 2, 1385.90
1639479923, 2, 388, 790, 466, 0, 0.85%, 16, 0, 2, 1390.14
1639479928, 2, 422, 790, 463, 0, 0.85%, 16, 0, 2, 1389.80
1639479933, 2, 455, 790, 459, 0, 0.85%, 16, 0, 2, 1423.26
1639479939, 2, 486, 790, 456, 0, 0.85%, 16, 0, 2, 1403.37
1639479944, 2, 533, 790, 451, 0, 0.85%, 17, 0, 2, 1397.58
1639479949, 2, 557, 791, 447, 0, 0.85%, 17, 0, 2, 1409.73
1639479954, 2, 580, 791, 442, 0, 0.85%, 17, 0, 2, 1412.37
1639479959, 2, 604, 791, 437, 0, 0.85%, 17, 0, 2, 1410.17
1639479964, 2, 629, 791, 433, 0, 0.85%, 17, 0, 2, 1428.40
1639479969, 2, 656, 791, 424, 0, 0.85%, 17, 0, 2, 1387.90
