# unix_time, cycles_done, cur_path, paths_total, pending_total, pending_favs, map_size, unique_crashes, unique_hangs, max_depth, execs_per_sec
1639514113, 0, 0, 664, 664, 96, 0.92%, 0, 0, 1, 970.05
1639514118, 0, 99, 664, 656, 88, 0.92%, 3, 0, 1, 1277.04
1639514123, 0, 150, 664, 649, 81, 0.92%, 3, 0, 1, 1358.59
1639514128, 0, 212, 664, 638, 70, 0.92%, 5, 0, 1, 1374.51
1639514134, 0, 286, 664, 628, 60, 0.92%, 6, 0, 1, 1398.02
1639514139, 0, 327, 664, 620, 52, 0.92%, 6, 0, 1, 1390.85
1639514144, 0, 368, 664, 612, 46, 0.92%, 7, 0, 1, 1394.31
1639514149, 0, 420, 664, 603, 37, 0.92%, 7, 0, 1, 1359.66
1639514154, 0, 482, 664, 593, 29, 0.92%, 8, 0, 1, 1332.14
1639514159, 0, 534, 664, 584, 20, 0.92%, 8, 0, 1, 1320.92
1639514164, 0, 584, 664, 574, 10, 0.92%, 8, 0, 1, 1315.69
1639514169, 1, 1, 664, 563, 0, 0.92%, 9, 0, 1, 1320.54
1639514174, 1, 47, 664, 558, 0, 0.92%, 10, 0, 1, 1325.03
1639514179, 1, 85, 664, 553, 0, 0.92%, 11, 0, 1, 1365.54
1639514184, 1, 101, 664, 546, 0, 0.92%, 12, 0, 1, 1391.63
1639514190, 1, 124, 664, 540, 0, 0.92%, 12, 0, 1, 1399.30
1639514195, 1, 150, 664, 535, 0, 0.92%, 13, 0, 1, 1366.73
1639514200, 1, 167, 664, 532, 0, 0.92%, 13, 0, 1, 1337.63
1639514205, 1, 189, 664, 525, 0, 0.92%, 13, 0, 1, 1290.95
1639514210, 1, 217, 664, 520, 0, 0.92%, 13, 0, 1, 1242.46
1639514215, 1, 245, 664, 515, 0, 0.92%, 13, 0, 1, 1220.90
1639514220, 1, 260, 664, 510, 0, 0.92%, 13, 0, 1, 1249.75
1639514225, 1, 280, 664, 502, 0, 0.92%, 13, 0, 1, 1269.22
1639514230, 1, 299, 664, 498, 0, 0.92%, 13, 0, 1, 1280.66
1639514235, 1, 313, 664, 493, 0, 0.92%, 13, 0, 1, 1277.01
1639514240, 1, 336, 664, 489, 0, 0.92%, 13, 0, 1, 1276.42
1639514246, 1, 366, 664, 482, 0, 0.92%, 13, 0, 1, 1919.89
1639514251, 1, 394, 664, 477, 0, 0.92%, 13, 0, 1, 1329.61
1639514256, 1, 406, 664, 472, 0, 0.92%, 13, 0, 1, 1202.53
1639514261, 1, 427, 664, 470, 0, 0.92%, 14, 0, 1, 1265.96
1639514266, 1, 468, 664, 464, 0, 0.92%, 14, 0, 1, 1365.67
1639514272, 1, 495, 664, 457, 0, 0.92%, 14, 0, 1, 1419.89
1639514277, 1, 509, 664, 452, 0, 0.92%, 14, 0, 1, 1454.88
1639514282, 1, 539, 664, 447, 0, 0.92%, 14, 0, 1, 1447.67
1639514287, 1, 568, 664, 443, 0, 0.92%, 14, 0, 1, 1424.27
1639514292, 1, 591, 664, 438, 0, 0.92%, 14, 0, 1, 1431.47
1639514297, 1, 622, 664, 432, 0, 0.92%, 14, 0, 1, 1433.91
1639514302, 1, 645, 664, 424, 0, 0.92%, 14, 0, 1, 1430.82
1639514307, 2, 5, 664, 418, 0, 0.92%, 14, 0, 1, 1383.29
1639514312, 2, 40, 664, 413, 0, 0.92%, 15, 0, 1, 1424.35
1639514318, 2, 67, 664, 403, 0, 0.92%, 15, 0, 1, 1366.73
1639514323, 2, 83, 664, 398, 0, 0.92%, 15, 0, 1, 1334.16
1639514328, 2, 108, 664, 394, 0, 0.92%, 15, 0, 1, 1339.08
1639514333, 2, 135, 664, 389, 0, 0.92%, 16, 0, 1, 1357.14
1639514338, 2, 165, 664, 385, 0, 0.92%, 16, 0, 1, 1421.59
1639514343, 2, 205, 664, 382, 0, 0.92%, 16, 0, 1, 1448.11
1639514348, 2, 244, 664, 378, 0, 0.92%, 16, 0, 1, 1429.32
1639514353, 2, 286, 664, 373, 0, 0.92%, 16, 0, 1, 1440.97
1639514358, 2, 303, 664, 371, 0, 0.92%, 17, 0, 1, 1448.42
1639514363, 2, 328, 664, 366, 0, 0.92%, 18, 0, 1, 1439.80
1639514368, 2, 360, 664, 360, 0, 0.92%, 18, 0, 1, 1428.20
1639514373, 2, 390, 664, 355, 0, 0.92%, 18, 0, 1, 1448.78
1639514379, 2, 415, 664, 349, 0, 0.92%, 18, 0, 1, 1407.84
1639514384, 2, 430, 664, 347, 0, 0.92%, 18, 0, 1, 1354.61
1639514389, 2, 449, 664, 341, 0, 0.92%, 18, 0, 1, 1298.18
1639514394, 2, 492, 664, 336, 0, 0.92%, 18, 0, 1, 1362.85
1639514399, 2, 522, 664, 333, 0, 0.92%, 18, 0, 1, 1401.57
1639514404, 2, 550, 664, 327, 0, 0.92%, 18, 0, 1, 1407.10
