# unix_time, cycles_done, cur_path, paths_total, pending_total, pending_favs, map_size, unique_crashes, unique_hangs, max_depth, execs_per_sec
1639602692, 0, 0, 1, 1, 1, 0.12%, 0, 0, 1, 1333.33
1639602697, 0, 11, 98, 94, 39, 0.50%, 4, 0, 3, 2004.35
1639602702, 0, 25, 121, 110, 33, 0.51%, 4, 0, 3, 1354.86
1639602707, 0, 55, 125, 102, 22, 0.52%, 4, 0, 3, 1217.01
1639602712, 0, 63, 135, 107, 17, 0.52%, 4, 0, 3, 1150.03
1639602718, 0, 83, 151, 121, 18, 0.54%, 4, 0, 3, 1125.92
1639602723, 0, 95, 159, 124, 16, 0.55%, 5, 0, 4, 1121.43
1639602728, 0, 96, 164, 128, 17, 0.56%, 5, 0, 4, 1117.68
1639602733, 0, 151, 167, 122, 8, 0.56%, 7, 0, 4, 1133.74
1639602738, 0, 162, 173, 123, 4, 0.56%, 7, 0, 5, 1196.29
1639602743, 2, 12, 176, 119, 0, 0.56%, 7, 0, 5, 1213.93
1639602748, 2, 35, 176, 116, 0, 0.56%, 7, 0, 5, 1139.66
1639602753, 2, 55, 177, 115, 0, 0.56%, 7, 0, 5, 1116.99
1639602758, 2, 73, 178, 112, 0, 0.56%, 8, 0, 5, 1108.04
1639602763, 2, 179, 187, 119, 3, 0.56%, 9, 0, 5, 1118.30
1639602768, 2, 182, 198, 129, 5, 0.60%, 9, 0, 5, 1206.77
1639602773, 2, 182, 200, 131, 5, 0.60%, 9, 0, 5, 1291.42
1639602778, 2, 183, 204, 134, 10, 0.60%, 10, 0, 5, 1339.16
1639602783, 2, 186, 210, 139, 10, 0.61%, 10, 0, 5, 1359.97
1639602789, 2, 187, 212, 140, 9, 0.61%, 10, 0, 5, 1388.75
1639602794, 2, 189, 225, 151, 16, 0.65%, 10, 0, 6, 1380.81
1639602799, 2, 192, 228, 153, 18, 0.65%, 10, 0, 6, 1375.40
1639602804, 2, 197, 231, 154, 16, 0.65%, 11, 0, 6, 1330.16
1639602809, 2, 206, 237, 158, 14, 0.65%, 11, 0, 6, 1329.68
1639602819, 2, 213, 238, 157, 13, 0.65%, 11, 0, 6, 1205.25
1639602824, 2, 215, 240, 157, 12, 0.66%, 11, 0, 6, 1257.81
1639602829, 2, 219, 242, 156, 9, 0.66%, 11, 0, 6, 1287.71
1639602834, 2, 220, 244, 157, 9, 0.67%, 11, 0, 7, 1305.38
1639602839, 2, 233, 246, 157, 8, 0.67%, 11, 0, 7, 1339.50
1639602844, 2, 234, 248, 158, 7, 0.67%, 11, 0, 7, 1393.62
1639602850, 2, 236, 249, 158, 7, 0.67%, 12, 0, 7, 1421.26
1639602855, 2, 238, 253, 161, 6, 0.67%, 12, 0, 7, 1443.42
1639602860, 2, 239, 257, 164, 7, 0.68%, 12, 0, 7, 1451.97
1639602865, 2, 243, 259, 164, 8, 0.71%, 12, 0, 8, 1419.96
1639602870, 2, 249, 265, 168, 6, 0.71%, 12, 0, 8, 1414.84
1639602880, 2, 256, 267, 168, 4, 0.71%, 12, 0, 8, 1443.72
1639602885, 2, 258, 282, 181, 4, 0.73%, 12, 0, 9, 1426.92
1639602890, 2, 258, 283, 182, 4, 0.73%, 12, 0, 9, 1389.49
1639602895, 2, 266, 286, 184, 14, 0.74%, 12, 0, 9, 1377.13
1639602900, 2, 266, 287, 185, 14, 0.74%, 12, 0, 9, 1398.94
1639602905, 2, 270, 287, 183, 12, 0.74%, 12, 0, 9, 1358.35
1639602910, 2, 272, 291, 186, 11, 0.74%, 12, 0, 10, 1432.53
1639602915, 2, 274, 292, 185, 9, 0.74%, 12, 0, 10, 1421.50
1639602920, 2, 276, 294, 185, 7, 0.74%, 12, 0, 10, 1392.89
1639602926, 2, 278, 296, 186, 6, 0.74%, 12, 0, 10, 1399.13
1639602931, 2, 284, 298, 186, 4, 0.74%, 12, 0, 10, 1386.25
1639602936, 2, 287, 298, 185, 3, 0.74%, 12, 0, 10, 1409.29
1639602941, 3, 57, 299, 182, 0, 0.74%, 12, 0, 10, 1425.09
1639602946, 3, 78, 300, 180, 0, 0.74%, 12, 0, 10, 1413.82
1639602951, 3, 237, 301, 177, 2, 0.74%, 12, 0, 10, 1397.79
1639602956, 3, 269, 302, 176, 2, 0.74%, 12, 0, 10, 1388.12
1639602961, 4, 133, 303, 171, 1, 0.74%, 13, 0, 10, 1397.39
1639602966, 5, 3, 304, 168, 0, 0.74%, 13, 0, 10, 1397.33
1639602971, 5, 36, 305, 166, 0, 0.74%, 13, 0, 10, 1448.12
1639602976, 5, 305, 310, 169, 1, 0.79%, 13, 0, 10, 1439.36
1639602981, 5, 308, 312, 170, 2, 0.80%, 13, 0, 10, 1429.28
1639602986, 5, 308, 313, 171, 2, 0.80%, 14, 0, 10, 1436.18
1639602991, 5, 309, 314, 171, 2, 0.80%, 14, 0, 10, 1445.64
