# unix_time, cycles_done, cur_path, paths_total, pending_total, pending_favs, map_size, unique_crashes, unique_hangs, max_depth, execs_per_sec
1639547121, 0, 0, 1, 1, 1, 0.12%, 0, 0, 1, 1600.00
1639547127, 0, 0, 77, 77, 1, 0.45%, 2, 0, 2, 1366.08
1639547132, 0, 6, 99, 96, 41, 0.47%, 2, 0, 3, 1238.43
1639547137, 0, 12, 121, 114, 37, 0.50%, 3, 0, 3, 1676.12
1639547142, 0, 34, 128, 109, 29, 0.50%, 3, 0, 3, 1276.62
1639547147, 0, 46, 135, 110, 24, 0.51%, 3, 0, 3, 1195.67
1639547152, 0, 51, 148, 121, 27, 0.52%, 4, 0, 3, 1233.06
1639547157, 0, 75, 151, 116, 20, 0.53%, 4, 0, 3, 1322.22
1639547162, 0, 107, 159, 117, 15, 0.54%, 5, 0, 4, 1336.58
1639547167, 0, 108, 165, 122, 14, 0.55%, 5, 0, 4, 1378.67
1639547172, 0, 136, 173, 123, 10, 0.57%, 5, 0, 4, 1347.21
1639547177, 0, 146, 186, 135, 14, 0.60%, 5, 0, 4, 1343.36
1639547182, 0, 148, 195, 143, 13, 0.61%, 5, 0, 4, 1366.27
1639547187, 0, 164, 197, 142, 15, 0.61%, 5, 0, 5, 1376.53
1639547192, 0, 171, 201, 143, 14, 0.61%, 5, 0, 5, 1366.86
1639547197, 0, 175, 209, 149, 13, 0.62%, 5, 0, 5, 1385.77
1639547202, 0, 176, 223, 162, 18, 0.66%, 5, 0, 5, 1379.35
1639547207, 0, 180, 226, 164, 18, 0.66%, 5, 0, 5, 1346.27
1639547212, 0, 188, 227, 161, 14, 0.66%, 5, 0, 5, 1332.68
1639547217, 0, 193, 229, 159, 11, 0.66%, 5, 0, 5, 1346.65
1639547222, 0, 203, 233, 160, 8, 0.66%, 5, 0, 6, 1373.45
1639547227, 0, 212, 235, 160, 7, 0.66%, 5, 0, 6, 1384.57
1639547233, 0, 215, 240, 162, 7, 0.67%, 7, 0, 6, 1372.13
1639547238, 0, 221, 242, 162, 5, 0.67%, 7, 0, 6, 1397.26
1639547243, 0, 231, 246, 165, 4, 0.67%, 9, 0, 7, 1399.86
1639547248, 0, 245, 248, 162, 0, 0.67%, 9, 0, 8, 1348.13
1639547253, 0, 251, 252, 165, 1, 0.67%, 9, 0, 8, 1322.07
1639547258, 1, 6, 253, 163, 0, 0.67%, 9, 0, 8, 1318.94
1639547263, 1, 25, 253, 161, 0, 0.67%, 9, 0, 8, 1313.94
1639547268, 1, 247, 255, 163, 1, 0.67%, 9, 0, 9, 1300.17
1639547273, 2, 18, 256, 160, 0, 0.67%, 9, 0, 9, 1302.95
1639547278, 2, 38, 256, 159, 0, 0.67%, 9, 0, 9, 1344.16
1639547283, 2, 60, 256, 154, 0, 0.67%, 9, 0, 9, 1396.92
1639547288, 2, 104, 256, 149, 0, 0.67%, 9, 0, 9, 1409.27
1639547294, 2, 145, 256, 144, 0, 0.67%, 10, 0, 9, 1418.55
1639547299, 2, 173, 258, 141, 1, 0.68%, 10, 0, 9, 1423.06
1639547304, 2, 257, 259, 141, 1, 0.68%, 10, 0, 9, 1416.23
1639547309, 3, 16, 260, 141, 0, 0.68%, 10, 0, 9, 1379.28
1639547314, 3, 42, 260, 140, 0, 0.68%, 10, 0, 9, 1323.57
1639547319, 3, 261, 262, 138, 1, 0.68%, 10, 0, 9, 1320.07
1639547324, 4, 21, 262, 136, 0, 0.68%, 10, 0, 9, 1316.34
1639547329, 4, 53, 262, 135, 0, 0.68%, 10, 0, 9, 1335.42
1639547334, 4, 75, 263, 131, 0, 0.68%, 10, 0, 9, 1346.22
1639547339, 4, 109, 263, 127, 0, 0.68%, 10, 0, 9, 1365.61
1639547344, 4, 135, 264, 123, 0, 0.68%, 11, 0, 9, 1381.06
1639547349, 4, 161, 264, 115, 0, 0.68%, 11, 0, 9, 1424.64
1639547354, 4, 167, 265, 114, 0, 0.68%, 11, 0, 9, 1413.60
1639547359, 4, 171, 265, 113, 0, 0.68%, 11, 0, 9, 1361.22
1639547364, 4, 180, 266, 113, 0, 0.68%, 11, 0, 9, 1311.25
1639547370, 4, 265, 267, 114, 1, 0.68%, 11, 0, 9, 1246.79
1639547375, 5, 5, 267, 112, 0, 0.68%, 11, 0, 9, 1257.91
1639547380, 5, 21, 267, 111, 0, 0.68%, 11, 0, 9, 1241.27
1639547385, 5, 51, 267, 110, 0, 0.68%, 11, 0, 9, 1248.75
1639547390, 5, 80, 268, 108, 0, 0.68%, 11, 0, 9, 1287.35
1639547395, 5, 109, 268, 103, 0, 0.68%, 11, 0, 9, 1323.37
1639547400, 5, 159, 269, 100, 0, 0.68%, 11, 0, 9, 1366.57
1639547405, 5, 166, 270, 100, 0, 0.68%, 11, 0, 9, 1386.72
1639547410, 5, 175, 270, 99, 0, 0.68%, 11, 0, 9, 236.47
1639547416, 5, 181, 270, 98, 0, 0.68%, 11, 0, 9, 1390.13
1639547421, 5, 188, 271, 98, 0, 0.68%, 11, 0, 9, 1317.90
