# unix_time, cycles_done, cur_path, paths_total, pending_total, pending_favs, map_size, unique_crashes, unique_hangs, max_depth, execs_per_sec
1639519372, 0, 0, 1, 1, 1, 0.12%, 0, 0, 1, 1600.00
1639519377, 0, 0, 77, 77, 1, 0.44%, 4, 0, 2, 1507.55
1639519382, 0, 14, 100, 94, 36, 0.46%, 7, 0, 3, 1470.59
1639519387, 0, 15, 107, 100, 34, 0.48%, 7, 0, 3, 1470.21
1639519392, 0, 27, 120, 104, 29, 0.49%, 7, 0, 3, 1452.05
1639519397, 0, 34, 147, 128, 30, 0.52%, 8, 0, 3, 1453.79
1639519402, 0, 68, 157, 126, 21, 0.54%, 8, 0, 3, 1462.57
1639519407, 0, 100, 168, 131, 20, 0.55%, 8, 0, 4, 1488.44
1639519412, 0, 119, 176, 137, 19, 0.55%, 8, 0, 4, 1476.24
1639519417, 0, 123, 184, 142, 18, 0.55%, 8, 0, 4, 1454.92
1639519422, 0, 145, 190, 142, 15, 0.57%, 8, 0, 4, 1444.23
1639519427, 0, 180, 195, 140, 10, 0.57%, 8, 0, 5, 1469.23
1639519432, 0, 180, 198, 143, 10, 0.58%, 9, 0, 5, 1486.83
1639519437, 0, 185, 203, 145, 7, 0.58%, 9, 0, 5, 1448.33
1639519442, 0, 186, 209, 150, 7, 0.60%, 9, 0, 5, 1474.52
1639519447, 0, 189, 218, 158, 12, 0.62%, 9, 0, 5, 1490.32
1639519452, 0, 197, 229, 167, 11, 0.63%, 9, 0, 6, 1466.67
1639519457, 0, 204, 232, 169, 16, 0.63%, 10, 0, 6, 1478.02
1639519463, 0, 208, 233, 166, 12, 0.63%, 10, 0, 6, 1475.27
1639519468, 0, 222, 237, 166, 8, 0.63%, 10, 0, 7, 1466.73
1639519473, 0, 225, 241, 169, 7, 0.63%, 10, 0, 7, 1465.15
1639519478, 0, 228, 242, 169, 6, 0.63%, 10, 0, 7, 1490.18
1639519483, 0, 229, 247, 173, 6, 0.63%, 10, 0, 7, 1468.60
1639519488, 0, 241, 249, 173, 5, 0.63%, 11, 0, 8, 1453.26
1639519493, 1, 70, 250, 170, 2, 0.63%, 12, 0, 8, 1468.14
1639519498, 1, 122, 251, 161, 0, 0.63%, 12, 0, 8, 1445.09
1639519503, 1, 135, 252, 159, 0, 0.63%, 12, 0, 8, 1257.29
1639519508, 1, 157, 253, 156, 0, 0.63%, 12, 0, 8, 1416.11
1639519513, 1, 177, 254, 153, 0, 0.63%, 12, 0, 8, 1402.27
1639519518, 1, 193, 254, 151, 0, 0.63%, 12, 0, 8, 1382.79
1639519524, 1, 204, 254, 148, 0, 0.63%, 12, 0, 8, 1346.18
1639519529, 1, 207, 254, 148, 0, 0.63%, 12, 0, 8, 1366.42
1639519534, 1, 216, 255, 148, 0, 0.63%, 12, 0, 8, 1354.21
1639519539, 1, 218, 256, 148, 0, 0.63%, 12, 0, 8, 1331.12
1639519544, 1, 257, 263, 154, 1, 0.65%, 12, 0, 8, 1365.32
1639519549, 1, 260, 265, 155, 2, 0.65%, 12, 0, 8, 1374.59
1639519554, 1, 260, 270, 160, 2, 0.65%, 12, 0, 9, 1381.64
1639519559, 1, 262, 272, 161, 3, 0.65%, 12, 0, 9, 1399.08
1639519564, 1, 267, 279, 167, 2, 0.65%, 12, 0, 10, 1384.98
1639519570, 1, 272, 283, 169, 1, 0.65%, 12, 0, 11, 1425.36
1639519575, 1, 273, 285, 170, 0, 0.65%, 12, 0, 11, 1479.45
1639519585, 1, 281, 288, 172, 0, 0.65%, 12, 0, 12, 1479.29
1639519590, 1, 286, 289, 171, 0, 0.65%, 12, 0, 13, 2379.05
1639519595, 2, 21, 289, 168, 0, 0.65%, 12, 0, 13, 1725.43
1639519600, 2, 55, 290, 166, 0, 0.65%, 12, 0, 13, 1510.72
1639519605, 2, 74, 290, 159, 0, 0.65%, 12, 0, 13, 1476.38
1639519610, 2, 112, 290, 154, 0, 0.65%, 12, 0, 13, 1470.49
1639519615, 2, 143, 291, 150, 0, 0.65%, 13, 0, 13, 1426.42
1639519620, 2, 157, 291, 147, 0, 0.65%, 13, 0, 13, 1415.51
1639519625, 2, 184, 291, 144, 0, 0.65%, 13, 0, 13, 1433.57
1639519630, 2, 203, 292, 143, 0, 0.65%, 13, 0, 13, 1437.68
1639519635, 2, 206, 292, 142, 0, 0.65%, 13, 0, 13, 1412.10
1639519641, 2, 214, 293, 143, 0, 0.65%, 13, 0, 13, 1368.08
1639519646, 2, 222, 294, 142, 0, 0.65%, 13, 0, 13, 1382.77
1639519651, 2, 230, 294, 141, 0, 0.65%, 13, 0, 13, 1362.06
1639519656, 2, 242, 294, 140, 0, 0.65%, 13, 0, 13, 1379.09
1639519661, 2, 255, 294, 138, 0, 0.65%, 13, 0, 13, 1393.91
1639519666, 2, 262, 294, 136, 0, 0.65%, 13, 0, 13, 1436.69
1639519671, 2, 265, 294, 135, 0, 0.65%, 13, 0, 13, 1434.95
