# unix_time, cycles_done, cur_path, paths_total, pending_total, pending_favs, map_size, unique_crashes, unique_hangs, max_depth, execs_per_sec
1639483333, 0, 0, 833, 833, 98, 0.90%, 0, 0, 1, 1274.92
1639483338, 0, 84, 833, 820, 87, 0.90%, 2, 0, 1, 1391.80
1639483343, 0, 192, 833, 808, 75, 0.90%, 5, 0, 1, 1406.43
1639483348, 0, 291, 833, 798, 66, 0.90%, 5, 0, 1, 1415.53
1639483353, 0, 371, 833, 787, 55, 0.90%, 5, 0, 1, 1443.44
1639483359, 0, 485, 833, 778, 46, 0.90%, 5, 0, 1, 1423.73
1639483364, 0, 556, 833, 768, 37, 0.90%, 6, 0, 1, 1428.37
1639483369, 0, 638, 833, 757, 29, 0.90%, 6, 0, 1, 1753.60
1639483374, 0, 688, 833, 749, 22, 0.90%, 7, 0, 1, 1492.16
1639483379, 0, 729, 833, 743, 17, 0.90%, 7, 0, 1, 1436.08
1639483384, 0, 764, 833, 736, 10, 0.90%, 8, 0, 1, 1427.33
1639483389, 0, 831, 833, 727, 1, 0.90%, 8, 0, 1, 1404.52
1639483394, 1, 28, 833, 719, 0, 0.90%, 8, 0, 1, 1433.09
1639483399, 1, 59, 833, 714, 0, 0.90%, 8, 0, 1, 1419.33
1639483405, 1, 106, 833, 706, 0, 0.90%, 8, 0, 1, 1420.80
1639483410, 1, 136, 833, 699, 0, 0.90%, 8, 0, 1, 1418.16
1639483415, 1, 170, 833, 693, 0, 0.90%, 8, 0, 1, 1442.58
1639483420, 1, 195, 833, 688, 0, 0.90%, 8, 0, 1, 1416.78
1639483425, 1, 223, 833, 682, 0, 0.90%, 8, 0, 1, 1407.90
1639483430, 1, 252, 833, 675, 0, 0.90%, 8, 0, 1, 1411.95
1639483435, 1, 283, 833, 669, 0, 0.90%, 9, 0, 1, 1412.80
1639483440, 1, 308, 833, 662, 0, 0.90%, 9, 0, 1, 1425.73
1639483445, 1, 339, 833, 657, 0, 0.90%, 9, 0, 1, 1381.51
1639483450, 1, 364, 833, 650, 0, 0.90%, 9, 0, 1, 1409.95
1639483456, 1, 405, 833, 642, 0, 0.90%, 9, 0, 1, 1408.92
1639483461, 1, 437, 833, 636, 0, 0.90%, 9, 0, 1, 1415.85
1639483466, 1, 469, 833, 632, 0, 0.90%, 9, 0, 1, 1406.72
1639483471, 1, 489, 833, 624, 0, 0.90%, 12, 0, 1, 1404.81
1639483476, 1, 513, 833, 618, 0, 0.90%, 12, 0, 1, 1417.56
1639483481, 1, 552, 833, 613, 0, 0.90%, 12, 0, 1, 1415.78
1639483486, 1, 574, 833, 606, 0, 0.90%, 12, 0, 1, 1399.57
1639483491, 1, 594, 833, 600, 0, 0.90%, 12, 0, 1, 1389.41
1639483496, 1, 617, 833, 596, 0, 0.90%, 12, 0, 1, 1386.19
1639483501, 1, 646, 833, 592, 0, 0.90%, 12, 0, 1, 1395.23
1639483507, 1, 667, 833, 586, 0, 0.90%, 13, 0, 1, 1387.28
1639483512, 1, 686, 833, 580, 0, 0.90%, 14, 0, 1, 1409.14
1639483517, 1, 714, 833, 573, 0, 0.90%, 14, 0, 1, 1416.55
1639483522, 1, 729, 833, 570, 0, 0.90%, 15, 0, 1, 1415.71
1639483527, 1, 743, 833, 566, 0, 0.90%, 16, 0, 1, 1421.20
1639483532, 1, 765, 833, 562, 0, 0.90%, 16, 0, 1, 1421.09
1639483537, 1, 789, 833, 556, 0, 0.90%, 16, 0, 1, 1416.28
1639483542, 1, 808, 833, 551, 0, 0.90%, 16, 0, 1, 1415.40
1639483548, 1, 826, 833, 545, 0, 0.90%, 17, 0, 1, 1424.32
1639483553, 2, 25, 833, 539, 0, 0.90%, 17, 0, 1, 1424.46
1639483558, 2, 69, 833, 535, 0, 0.90%, 17, 0, 1, 1426.68
1639483563, 2, 105, 833, 527, 0, 0.90%, 17, 0, 1, 1413.61
1639483568, 2, 139, 834, 522, 0, 0.90%, 17, 0, 2, 1413.38
1639483573, 2, 174, 834, 516, 0, 0.90%, 17, 0, 2, 1430.66
1639483579, 2, 209, 834, 510, 0, 0.90%, 17, 0, 2, 1428.19
1639483584, 2, 252, 834, 504, 0, 0.90%, 17, 0, 2, 1409.69
1639483589, 2, 276, 834, 498, 0, 0.90%, 17, 0, 2, 1429.17
1639483594, 2, 298, 834, 492, 0, 0.90%, 17, 0, 2, 1449.94
1639483599, 2, 335, 834, 487, 0, 0.90%, 17, 0, 2, 1435.61
1639483604, 2, 362, 834, 481, 0, 0.90%, 17, 0, 2, 1424.45
1639483609, 2, 400, 834, 475, 0, 0.90%, 18, 0, 2, 1410.24
1639483614, 2, 426, 834, 469, 0, 0.90%, 18, 0, 2, 1415.88
1639483620, 2, 452, 834, 463, 0, 0.90%, 18, 0, 2, 1415.74
1639483625, 2, 471, 834, 459, 0, 0.90%, 18, 0, 2, 1419.56
