# unix_time, cycles_done, cur_path, paths_total, pending_total, pending_favs, map_size, unique_crashes, unique_hangs, max_depth, execs_per_sec
1639434210, 0, 0, 473, 473, 96, 0.87%, 0, 0, 1, 1327.72
1639434216, 0, 33, 473, 464, 87, 0.87%, 3, 0, 1, 1433.69
1639434221, 0, 80, 473, 455, 78, 0.87%, 6, 0, 1, 1448.21
1639434226, 0, 143, 473, 444, 67, 0.87%, 6, 0, 1, 1432.48
1639434231, 0, 194, 475, 437, 58, 0.87%, 6, 0, 2, 1442.66
1639434236, 0, 231, 475, 429, 50, 0.87%, 7, 0, 2, 1441.63
1639434241, 0, 268, 475, 421, 42, 0.87%, 8, 0, 2, 1432.08
1639434246, 0, 307, 476, 413, 33, 0.87%, 8, 0, 2, 1440.64
1639434251, 0, 356, 478, 406, 26, 0.88%, 8, 0, 2, 1447.25
1639434256, 0, 413, 478, 396, 17, 0.88%, 9, 0, 2, 1435.13
1639434261, 0, 454, 480, 390, 9, 0.88%, 10, 0, 2, 1263.86
1639434266, 0, 473, 481, 384, 2, 0.88%, 10, 0, 3, 1346.17
1639434271, 0, 484, 487, 387, 1, 0.88%, 10, 0, 4, 1379.41
1639434277, 1, 2, 489, 387, 0, 0.88%, 10, 0, 4, 1400.04
1639434282, 1, 33, 489, 385, 0, 0.88%, 10, 0, 4, 1423.09
1639434287, 1, 50, 489, 381, 0, 0.88%, 10, 0, 4, 1409.51
1639434292, 1, 78, 490, 377, 0, 0.88%, 10, 0, 4, 1413.01
1639434297, 1, 104, 490, 372, 0, 0.88%, 10, 0, 4, 1416.75
1639434302, 1, 135, 491, 369, 0, 0.88%, 10, 0, 4, 1410.05
1639434307, 1, 153, 492, 365, 0, 0.88%, 10, 0, 4, 1410.27
1639434312, 1, 178, 492, 360, 0, 0.88%, 10, 0, 4, 1411.89
1639434317, 1, 197, 492, 356, 0, 0.88%, 10, 0, 4, 1409.38
1639434322, 1, 222, 492, 350, 0, 0.88%, 10, 0, 4, 1406.40
1639434327, 1, 244, 493, 348, 0, 0.88%, 10, 0, 4, 1434.85
1639434332, 1, 268, 493, 343, 0, 0.88%, 10, 0, 4, 1436.99
1639434337, 1, 291, 493, 339, 0, 0.88%, 10, 0, 4, 1448.26
1639434342, 1, 322, 493, 338, 0, 0.88%, 10, 0, 4, 1415.31
1639434348, 1, 360, 494, 334, 0, 0.88%, 11, 0, 4, 1404.21
1639434353, 1, 387, 495, 329, 0, 0.88%, 11, 0, 4, 1414.12
1639434358, 1, 413, 496, 326, 0, 0.88%, 11, 0, 4, 1414.67
1639434363, 1, 431, 499, 324, 0, 0.88%, 11, 0, 4, 1426.77
1639434368, 1, 455, 500, 321, 0, 0.88%, 11, 0, 4, 1445.98
1639434373, 1, 475, 500, 318, 0, 0.88%, 11, 0, 4, 1437.13
1639434378, 1, 499, 504, 320, 0, 0.88%, 11, 0, 4, 1413.78
1639434384, 2, 2, 505, 320, 0, 0.88%, 11, 0, 4, 1419.12
1639434389, 2, 16, 505, 316, 0, 0.88%, 11, 0, 4, 1414.39
1639434394, 2, 48, 505, 312, 0, 0.88%, 11, 0, 4, 1430.72
1639434399, 2, 90, 505, 308, 0, 0.88%, 11, 0, 4, 1419.69
1639434404, 2, 124, 506, 305, 0, 0.88%, 11, 0, 4, 1425.33
1639434409, 2, 156, 506, 301, 0, 0.88%, 11, 0, 4, 1406.09
1639434414, 2, 189, 506, 297, 0, 0.88%, 11, 0, 4, 1410.64
1639434419, 2, 217, 506, 295, 0, 0.88%, 11, 0, 4, 1420.87
1639434424, 2, 242, 506, 291, 0, 0.88%, 11, 0, 4, 1415.32
1639434429, 2, 268, 506, 289, 0, 0.88%, 11, 0, 4, 1414.75
1639434434, 2, 291, 506, 284, 0, 0.88%, 11, 0, 4, 1433.13
1639434439, 2, 315, 506, 282, 0, 0.88%, 11, 0, 4, 1421.52
1639434444, 2, 351, 507, 278, 0, 0.88%, 11, 0, 4, 1438.42
1639434449, 2, 370, 507, 273, 0, 0.88%, 12, 0, 4, 1422.76
1639434455, 2, 397, 507, 270, 0, 0.88%, 12, 0, 4, 1437.59
1639434460, 2, 425, 507, 268, 0, 0.88%, 12, 0, 4, 1423.22
1639434465, 2, 449, 507, 261, 0, 0.88%, 12, 0, 4, 1700.62
1639434470, 2, 470, 507, 259, 0, 0.88%, 12, 0, 4, 1495.34
1639434475, 2, 484, 508, 259, 0, 0.88%, 12, 0, 4, 1437.25
1639434480, 2, 494, 508, 256, 0, 0.88%, 12, 0, 4, 1426.75
1639434485, 2, 506, 512, 258, 0, 0.88%, 12, 0, 4, 1415.98
1639434490, 2, 507, 515, 260, 0, 0.88%, 12, 0, 5, 1410.19
1639434500, 2, 514, 517, 260, 0, 0.88%, 12, 0, 5, 1395.03
1639434505, 2, 515, 519, 261, 0, 0.88%, 12, 0, 5, 1330.41
