# unix_time, cycles_done, cur_path, paths_total, pending_total, pending_favs, map_size, unique_crashes, unique_hangs, max_depth, execs_per_sec
1639587913, 0, 0, 1, 1, 1, 0.12%, 0, 0, 1, 380.95
1639587918, 0, 0, 75, 75, 1, 0.47%, 5, 0, 2, 1145.43
1639587923, 0, 17, 100, 92, 37, 0.49%, 6, 0, 3, 1639.22
1639587928, 0, 25, 113, 101, 34, 0.50%, 7, 0, 3, 1408.49
1639587933, 0, 25, 122, 110, 34, 0.50%, 7, 0, 3, 1398.91
1639587938, 0, 46, 130, 108, 27, 0.52%, 7, 0, 3, 1387.28
1639587943, 0, 53, 142, 116, 24, 0.52%, 7, 0, 3, 1395.24
1639587948, 0, 90, 148, 113, 15, 0.53%, 7, 0, 4, 1403.58
1639587953, 0, 116, 152, 110, 11, 0.54%, 9, 0, 4, 1394.19
1639587958, 0, 123, 164, 120, 9, 0.55%, 9, 0, 4, 1400.10
1639587964, 0, 148, 165, 116, 9, 0.55%, 9, 0, 4, 1392.85
1639587969, 0, 150, 171, 121, 8, 0.56%, 11, 0, 5, 1389.71
1639587974, 0, 159, 175, 123, 8, 0.56%, 11, 0, 5, 1401.30
1639587979, 0, 162, 178, 124, 6, 0.57%, 11, 0, 5, 1306.10
1639587984, 0, 164, 181, 126, 6, 0.57%, 11, 0, 5, 1323.96
1639587989, 0, 170, 185, 129, 6, 0.58%, 11, 0, 6, 1313.46
1639587994, 0, 171, 195, 138, 14, 0.59%, 11, 0, 6, 1288.89
1639587999, 0, 171, 202, 145, 14, 0.62%, 11, 0, 6, 1263.71
1639588004, 0, 183, 204, 143, 16, 0.62%, 11, 0, 7, 1370.02
1639588009, 0, 184, 207, 145, 15, 0.62%, 12, 0, 7, 1267.29
1639588014, 0, 186, 211, 147, 14, 0.62%, 12, 0, 7, 1325.15
1639588019, 0, 187, 213, 148, 14, 0.62%, 12, 0, 7, 1261.80
1639588024, 0, 188, 216, 150, 13, 0.62%, 12, 0, 7, 1305.10
1639588029, 0, 195, 220, 152, 11, 0.62%, 12, 0, 7, 1299.55
1639588034, 0, 198, 226, 155, 8, 0.64%, 12, 0, 7, 1371.16
1639588039, 0, 202, 228, 155, 12, 0.65%, 12, 0, 7, 1311.47
1639588044, 0, 207, 232, 157, 11, 0.65%, 12, 0, 8, 1291.40
1639588049, 0, 210, 232, 156, 10, 0.65%, 12, 0, 8, 1326.72
1639588054, 0, 225, 235, 155, 7, 0.65%, 14, 0, 8, 1330.39
1639588059, 0, 229, 242, 159, 6, 0.65%, 14, 0, 8, 1269.94
1639588065, 0, 233, 246, 162, 6, 0.66%, 14, 0, 9, 1305.00
1639588070, 0, 238, 247, 161, 6, 0.66%, 15, 0, 9, 1358.86
1639588075, 0, 242, 250, 163, 5, 0.66%, 16, 0, 10, 1349.97
1639588080, 0, 245, 256, 168, 6, 0.68%, 16, 0, 10, 1343.89
1639588085, 0, 246, 260, 171, 7, 0.68%, 16, 0, 10, 1331.50
1639588090, 0, 252, 263, 173, 6, 0.68%, 16, 0, 11, 1236.06
1639588095, 0, 253, 266, 175, 5, 0.68%, 16, 0, 11, 1321.00
1639588100, 0, 253, 269, 178, 5, 0.68%, 16, 0, 11, 1257.77
1639588105, 1, 106, 269, 174, 1, 0.68%, 16, 0, 11, 1345.85
1639588110, 1, 126, 270, 173, 0, 0.68%, 16, 0, 11, 1337.68
1639588115, 1, 135, 270, 168, 0, 0.68%, 16, 0, 11, 1321.74
1639588120, 1, 146, 270, 164, 0, 0.68%, 16, 0, 11, 1354.75
1639588125, 1, 158, 272, 166, 0, 0.68%, 16, 0, 11, 1301.07
1639588130, 1, 161, 274, 168, 0, 0.68%, 16, 0, 11, 1231.84
1639588135, 1, 164, 274, 168, 0, 0.68%, 16, 0, 11, 1253.15
1639588140, 1, 179, 274, 167, 0, 0.68%, 16, 0, 11, 1140.75
1639588146, 1, 183, 274, 165, 0, 0.68%, 16, 0, 11, 1237.27
1639588151, 1, 257, 276, 167, 1, 0.68%, 16, 0, 11, 1214.01
1639588156, 2, 9, 277, 166, 0, 0.68%, 16, 0, 11, 1219.56
1639588161, 2, 37, 277, 163, 0, 0.68%, 16, 0, 11, 1116.23
1639588166, 2, 56, 279, 164, 0, 0.68%, 16, 0, 11, 1130.31
1639588171, 2, 79, 279, 161, 0, 0.68%, 16, 0, 11, 1048.35
1639588176, 2, 99, 281, 159, 0, 0.68%, 16, 0, 11, 1110.96
1639588182, 2, 115, 281, 156, 0, 0.68%, 16, 0, 11, 1270.17
1639588187, 2, 281, 282, 152, 1, 0.68%, 16, 0, 11, 1275.17
1639588192, 3, 34, 282, 147, 0, 0.68%, 16, 0, 11, 1277.63
1639588197, 3, 50, 283, 145, 0, 0.68%, 16, 0, 11, 1219.32
1639588202, 3, 77, 285, 143, 0, 0.68%, 16, 0, 11, 1256.96
1639588207, 3, 99, 288, 144, 0, 0.68%, 16, 0, 11, 1244.05
1639588212, 3, 117, 288, 142, 0, 0.68%, 16, 0, 11, 1220.03
