# unix_time, cycles_done, cur_path, paths_total, pending_total, pending_favs, map_size, unique_crashes, unique_hangs, max_depth, execs_per_sec
1639511229, 0, 0, 1, 1, 1, 0.12%, 0, 0, 1, 1600.00
1639511234, 0, 0, 79, 79, 1, 0.46%, 5, 0, 2, 1680.04
1639511239, 0, 14, 141, 137, 38, 0.51%, 6, 0, 3, 1593.98
1639511244, 0, 23, 148, 140, 34, 0.51%, 6, 0, 3, 1353.09
1639511249, 0, 31, 156, 144, 33, 0.52%, 7, 0, 3, 1309.45
1639511254, 0, 64, 176, 151, 27, 0.55%, 8, 0, 3, 1306.39
1639511260, 0, 99, 181, 147, 20, 0.55%, 8, 0, 3, 1310.10
1639511265, 0, 154, 187, 146, 15, 0.56%, 8, 0, 4, 1224.33
1639511270, 0, 161, 192, 149, 13, 0.58%, 8, 0, 4, 1078.67
1639511275, 0, 169, 203, 158, 15, 0.58%, 8, 0, 4, 1055.98
1639511280, 0, 169, 206, 161, 15, 0.58%, 8, 0, 4, 1049.35
1639511285, 0, 181, 215, 165, 14, 0.60%, 8, 0, 5, 1062.31
1639511290, 0, 187, 216, 164, 14, 0.60%, 8, 0, 5, 1106.61
1639511295, 0, 191, 222, 166, 12, 0.60%, 9, 0, 5, 1122.59
1639511300, 0, 201, 231, 173, 15, 0.64%, 9, 0, 5, 1151.03
1639511305, 0, 206, 235, 176, 15, 0.64%, 9, 0, 5, 1227.45
1639511310, 0, 214, 239, 177, 14, 0.64%, 9, 0, 6, 1319.66
1639511315, 0, 218, 246, 182, 12, 0.64%, 10, 0, 6, 1393.21
1639511320, 0, 225, 249, 181, 9, 0.64%, 10, 0, 6, 1417.12
1639511326, 0, 226, 255, 186, 8, 0.65%, 10, 0, 6, 1423.83
1639511331, 0, 247, 259, 187, 9, 0.65%, 10, 0, 7, 1392.44
1639511336, 0, 251, 263, 188, 7, 0.65%, 10, 0, 7, 1396.99
1639511341, 0, 254, 264, 186, 5, 0.65%, 10, 0, 7, 1401.48
1639511346, 0, 263, 268, 188, 4, 0.65%, 11, 0, 8, 1307.85
1639511351, 1, 100, 268, 185, 2, 0.65%, 11, 0, 8, 1288.06
1639511356, 1, 150, 270, 180, 0, 0.65%, 11, 0, 8, 1279.53
1639511361, 1, 177, 272, 176, 0, 0.65%, 11, 0, 8, 1268.76
1639511366, 1, 187, 272, 175, 0, 0.65%, 11, 0, 8, 1274.75
1639511372, 1, 202, 273, 176, 0, 0.65%, 11, 0, 8, 1249.54
1639511377, 1, 207, 274, 174, 0, 0.65%, 11, 0, 8, 1242.26
1639511382, 1, 216, 275, 173, 0, 0.65%, 11, 0, 8, 1274.38
1639511387, 1, 222, 277, 174, 0, 0.65%, 11, 0, 8, 1322.31
1639511392, 1, 230, 278, 175, 0, 0.65%, 11, 0, 8, 1311.23
1639511397, 1, 250, 279, 174, 0, 0.68%, 12, 0, 8, 1303.80
1639511402, 1, 276, 291, 186, 1, 0.71%, 12, 0, 8, 1297.77
1639511407, 1, 281, 293, 185, 10, 0.72%, 12, 0, 8, 1283.09
1639511412, 1, 283, 295, 185, 8, 0.72%, 12, 0, 8, 1067.80
1639511417, 1, 285, 295, 184, 7, 0.72%, 12, 0, 8, 1053.10
1639511422, 1, 287, 295, 182, 5, 0.72%, 13, 0, 8, 1066.09
1639511427, 1, 290, 297, 182, 3, 0.72%, 13, 0, 8, 1094.88
1639511432, 1, 291, 304, 188, 4, 0.73%, 13, 0, 9, 1109.69
1639511437, 1, 291, 305, 189, 4, 0.73%, 13, 0, 9, 1188.01
1639511443, 1, 298, 307, 189, 2, 0.73%, 13, 0, 9, 1245.55
1639511448, 1, 298, 308, 190, 2, 0.73%, 13, 0, 9, 1281.94
1639511453, 1, 302, 313, 194, 1, 0.73%, 13, 0, 9, 1307.01
1639511458, 1, 308, 313, 193, 2, 0.73%, 13, 0, 9, 1297.01
1639511463, 1, 309, 315, 194, 1, 0.73%, 13, 0, 10, 1304.56
1639511468, 1, 310, 316, 194, 0, 0.73%, 13, 0, 10, 1314.26
1639511473, 2, 27, 316, 192, 0, 0.73%, 13, 0, 10, 1313.94
1639511478, 2, 54, 316, 189, 0, 0.73%, 13, 0, 10, 1356.45
1639511483, 2, 76, 316, 186, 0, 0.73%, 13, 0, 10, 1370.72
1639511488, 2, 99, 316, 180, 0, 0.73%, 13, 0, 10, 1375.21
1639511493, 2, 122, 316, 175, 0, 0.73%, 13, 0, 10, 1364.94
1639511498, 2, 153, 316, 169, 0, 0.73%, 13, 0, 10, 1408.86
1639511504, 2, 181, 317, 167, 0, 0.73%, 13, 0, 10, 1412.64
1639511509, 2, 316, 317, 166, 1, 0.73%, 13, 0, 10, 1383.37
1639511514, 3, 174, 319, 160, 1, 0.74%, 13, 0, 10, 1399.26
1639511519, 3, 317, 323, 163, 1, 0.74%, 13, 0, 10, 1435.52
1639511524, 3, 322, 327, 166, 0, 0.74%, 13, 0, 10, 1450.69
1639511529, 3, 323, 327, 165, 0, 0.74%, 13, 0, 10, 1446.22
