# unix_time, cycles_done, cur_path, paths_total, pending_total, pending_favs, map_size, unique_crashes, unique_hangs, max_depth, execs_per_sec
1639445366, 0, 0, 935, 935, 105, 0.93%, 0, 0, 1, 1266.94
1639445371, 0, 152, 935, 921, 92, 0.93%, 4, 0, 1, 1372.15
1639445376, 0, 282, 935, 911, 83, 0.93%, 6, 0, 1, 1429.31
1639445381, 0, 359, 935, 902, 74, 0.93%, 6, 0, 1, 1404.62
1639445386, 0, 432, 935, 892, 65, 0.93%, 6, 0, 1, 1424.52
1639445391, 0, 479, 935, 882, 55, 0.93%, 6, 0, 1, 1436.59
1639445396, 0, 513, 935, 876, 49, 0.93%, 7, 0, 1, 1407.61
1639445401, 0, 577, 935, 868, 41, 0.93%, 9, 0, 1, 1395.41
1639445406, 0, 653, 935, 860, 33, 0.93%, 10, 0, 1, 1425.19
1639445411, 0, 735, 935, 851, 25, 0.93%, 10, 0, 1, 1366.43
1639445417, 0, 816, 935, 839, 14, 0.93%, 10, 0, 1, 2391.09
1639445422, 0, 851, 935, 834, 10, 0.93%, 10, 0, 1, 657.19
1639445427, 1, 155, 935, 823, 1, 0.93%, 10, 0, 1, 1256.37
1639445432, 1, 184, 935, 815, 0, 0.93%, 10, 0, 1, 1397.38
1639445437, 1, 220, 935, 808, 0, 0.93%, 10, 0, 1, 1436.81
1639445442, 1, 253, 935, 800, 0, 0.93%, 10, 0, 1, 1450.74
1639445447, 1, 270, 935, 791, 0, 0.93%, 10, 0, 1, 1439.23
1639445452, 1, 300, 935, 786, 0, 0.93%, 10, 0, 1, 1438.44
1639445457, 1, 326, 935, 779, 0, 0.93%, 10, 0, 1, 1443.71
1639445462, 1, 352, 935, 773, 0, 0.93%, 10, 0, 1, 1426.44
1639445467, 1, 373, 935, 766, 0, 0.93%, 10, 0, 1, 1422.99
1639445472, 1, 398, 935, 761, 0, 0.93%, 10, 0, 1, 1448.02
1639445477, 1, 430, 935, 757, 0, 0.93%, 10, 0, 1, 1444.28
1639445483, 1, 463, 935, 752, 0, 0.93%, 10, 0, 1, 1441.73
1639445488, 1, 477, 936, 749, 0, 0.93%, 10, 0, 2, 1420.06
1639445493, 1, 499, 936, 743, 0, 0.93%, 11, 0, 2, 1436.28
1639445498, 1, 520, 936, 741, 0, 0.93%, 11, 0, 2, 1433.60
1639445503, 1, 538, 936, 735, 0, 0.93%, 11, 0, 2, 1434.89
1639445508, 1, 561, 936, 727, 0, 0.93%, 11, 0, 2, 1422.51
1639445513, 1, 608, 936, 724, 0, 0.93%, 11, 0, 2, 1424.21
1639445518, 1, 635, 936, 719, 0, 0.93%, 11, 0, 2, 1432.96
1639445523, 1, 658, 936, 712, 0, 0.93%, 11, 0, 2, 1427.12
1639445528, 1, 685, 936, 707, 0, 0.93%, 11, 0, 2, 1427.72
1639445534, 1, 713, 936, 701, 0, 0.93%, 11, 0, 2, 1417.29
1639445539, 1, 725, 936, 695, 0, 0.93%, 11, 0, 2, 1420.54
1639445544, 1, 750, 936, 689, 0, 0.93%, 11, 0, 2, 1442.91
1639445549, 1, 769, 936, 685, 0, 0.93%, 11, 0, 2, 1411.44
1639445554, 1, 811, 936, 679, 0, 0.93%, 11, 0, 2, 1436.29
1639445559, 1, 851, 936, 674, 0, 0.93%, 11, 0, 2, 1438.50
1639445564, 1, 887, 936, 667, 0, 0.93%, 11, 0, 2, 1427.24
1639445569, 1, 906, 936, 659, 0, 0.93%, 11, 0, 2, 1416.56
1639445574, 2, 7, 936, 653, 0, 0.93%, 11, 0, 2, 1449.55
1639445580, 2, 29, 937, 647, 0, 0.93%, 11, 0, 2, 1433.05
1639445585, 2, 57, 937, 639, 0, 0.93%, 11, 0, 2, 1439.96
1639445590, 2, 83, 937, 633, 0, 0.93%, 11, 0, 2, 1446.98
1639445595, 2, 132, 937, 624, 0, 0.93%, 11, 0, 2, 1421.99
1639445600, 2, 167, 937, 618, 0, 0.93%, 11, 0, 2, 1423.63
1639445605, 2, 219, 937, 611, 0, 0.93%, 11, 0, 2, 1447.37
1639445610, 2, 246, 937, 605, 0, 0.93%, 11, 0, 2, 1434.09
1639445615, 2, 276, 937, 598, 0, 0.93%, 11, 0, 2, 1446.45
1639445620, 2, 323, 937, 596, 0, 0.93%, 11, 0, 2, 1445.26
1639445625, 2, 401, 937, 591, 0, 0.93%, 11, 0, 2, 1774.22
1639445630, 2, 424, 937, 588, 0, 0.93%, 11, 0, 2, 1482.76
1639445635, 2, 452, 937, 584, 0, 0.93%, 11, 0, 2, 1445.71
1639445641, 2, 490, 937, 579, 0, 0.93%, 11, 0, 2, 1431.44
1639445646, 2, 512, 937, 577, 0, 0.93%, 11, 0, 2, 1406.14
1639445651, 2, 552, 937, 573, 0, 0.93%, 11, 0, 2, 1434.80
1639445656, 2, 586, 937, 567, 0, 0.93%, 11, 0, 2, 1434.73
