# unix_time, cycles_done, cur_path, paths_total, pending_total, pending_favs, map_size, unique_crashes, unique_hangs, max_depth, execs_per_sec
1639449360, 0, 0, 985, 985, 101, 0.93%, 0, 0, 1, 1262.62
1639449365, 0, 145, 985, 975, 91, 0.93%, 5, 0, 1, 1337.17
1639449370, 0, 242, 985, 964, 80, 0.93%, 5, 0, 1, 1382.09
1639449375, 0, 301, 985, 955, 71, 0.93%, 5, 0, 1, 1421.70
1639449381, 0, 453, 985, 944, 60, 0.93%, 6, 0, 1, 1432.14
1639449386, 0, 521, 985, 934, 54, 0.93%, 7, 0, 1, 1423.00
1639449391, 0, 574, 985, 926, 47, 0.93%, 7, 0, 1, 1380.66
1639449396, 0, 638, 985, 916, 38, 0.93%, 8, 0, 1, 1396.79
1639449401, 0, 698, 985, 907, 30, 0.93%, 8, 0, 1, 1409.18
1639449406, 0, 760, 985, 897, 22, 0.93%, 8, 0, 1, 1405.76
1639449411, 0, 825, 985, 889, 15, 0.93%, 8, 0, 1, 1270.32
1639449416, 0, 940, 985, 881, 7, 0.93%, 8, 0, 1, 1380.49
1639449421, 1, 445, 985, 870, 0, 0.93%, 10, 0, 1, 1412.30
1639449426, 1, 487, 985, 866, 0, 0.93%, 11, 0, 1, 1389.86
1639449432, 1, 506, 985, 860, 0, 0.93%, 11, 0, 1, 1387.64
1639449437, 1, 532, 985, 857, 0, 0.93%, 11, 0, 1, 1412.85
1639449442, 1, 562, 985, 850, 0, 0.93%, 11, 0, 1, 1425.29
1639449447, 1, 584, 985, 846, 0, 0.93%, 11, 0, 1, 1409.74
1639449452, 1, 609, 985, 840, 0, 0.93%, 11, 0, 1, 1405.47
1639449457, 1, 626, 985, 834, 0, 0.93%, 12, 0, 1, 1409.80
1639449462, 1, 644, 985, 828, 0, 0.93%, 12, 0, 1, 1407.21
1639449467, 1, 675, 985, 822, 0, 0.93%, 13, 0, 1, 1414.09
1639449472, 1, 697, 985, 818, 0, 0.93%, 13, 0, 1, 1416.33
1639449477, 1, 714, 985, 812, 0, 0.93%, 13, 0, 1, 1412.17
1639449482, 1, 742, 985, 806, 0, 0.93%, 13, 0, 1, 1416.08
1639449487, 1, 766, 985, 800, 0, 0.93%, 13, 0, 1, 1402.33
1639449493, 1, 790, 985, 794, 0, 0.93%, 13, 0, 1, 1409.23
1639449498, 1, 811, 985, 787, 0, 0.93%, 13, 0, 1, 1407.50
1639449503, 1, 828, 985, 783, 0, 0.93%, 13, 0, 1, 1399.47
1639449508, 1, 850, 985, 778, 0, 0.93%, 13, 0, 1, 1408.69
1639449513, 1, 889, 985, 770, 0, 0.93%, 13, 0, 1, 1396.42
1639449518, 1, 918, 985, 761, 0, 0.93%, 13, 0, 1, 1395.34
1639449523, 1, 936, 985, 755, 0, 0.93%, 13, 0, 1, 1398.60
1639449528, 1, 968, 985, 749, 0, 0.93%, 13, 0, 1, 1385.25
1639449533, 2, 10, 985, 740, 0, 0.93%, 13, 0, 1, 1404.22
1639449539, 2, 35, 985, 733, 0, 0.93%, 13, 0, 1, 1389.80
1639449544, 2, 93, 985, 725, 0, 0.93%, 13, 0, 1, 1618.03
1639449549, 2, 116, 985, 719, 0, 0.93%, 13, 0, 1, 1485.51
1639449554, 2, 871, 985, 713, 1, 0.93%, 13, 0, 1, 1394.92
1639449559, 2, 977, 985, 706, 0, 0.93%, 13, 0, 1, 1404.83
1639449564, 3, 50, 985, 698, 0, 0.93%, 13, 0, 1, 1396.11
1639449569, 3, 83, 985, 689, 0, 0.93%, 13, 0, 1, 1367.67
1639449574, 3, 127, 985, 686, 0, 0.93%, 13, 0, 1, 1386.81
1639449580, 3, 143, 985, 679, 0, 0.93%, 13, 0, 1, 1379.93
1639449585, 3, 163, 985, 673, 0, 0.93%, 13, 0, 1, 1393.77
1639449590, 3, 200, 985, 670, 0, 0.93%, 13, 0, 1, 1412.86
1639449595, 3, 219, 985, 662, 0, 0.93%, 13, 0, 1, 1401.43
1639449600, 3, 247, 985, 656, 0, 0.93%, 13, 0, 1, 1391.14
1639449605, 3, 273, 985, 648, 0, 0.93%, 13, 0, 1, 1408.40
1639449610, 3, 305, 985, 646, 0, 0.93%, 13, 0, 1, 1406.24
1639449615, 3, 322, 985, 638, 0, 0.93%, 13, 0, 1, 1382.24
1639449620, 3, 349, 985, 631, 0, 0.93%, 13, 0, 1, 1350.94
1639449625, 3, 370, 985, 624, 0, 0.93%, 13, 0, 1, 1394.06
1639449631, 3, 397, 985, 616, 0, 0.93%, 15, 0, 1, 1387.91
1639449636, 3, 426, 985, 610, 0, 0.93%, 15, 0, 1, 1405.06
1639449641, 3, 446, 985, 606, 0, 0.93%, 15, 0, 1, 1390.02
1639449646, 3, 476, 985, 601, 0, 0.93%, 15, 0, 1, 1391.71
1639449651, 3, 507, 985, 596, 0, 0.93%, 15, 0, 1, 1402.13
