# unix_time, cycles_done, cur_path, paths_total, pending_total, pending_favs, map_size, unique_crashes, unique_hangs, max_depth, execs_per_sec
1639449243, 0, 0, 1, 1, 1, 0.12%, 0, 0, 1, 2000.00
1639449248, 0, 0, 83, 83, 1, 0.48%, 3, 0, 2, 1580.11
1639449253, 0, 5, 101, 99, 40, 0.49%, 5, 0, 3, 1488.76
1639449259, 0, 23, 126, 117, 35, 0.49%, 6, 0, 3, 1444.26
1639449264, 0, 53, 146, 126, 25, 0.53%, 6, 0, 3, 1483.09
1639449269, 0, 75, 154, 127, 19, 0.53%, 7, 0, 3, 1450.69
1639449274, 0, 89, 158, 125, 14, 0.53%, 7, 0, 3, 1467.75
1639449279, 0, 120, 171, 133, 9, 0.53%, 7, 0, 4, 1445.57
1639449284, 0, 136, 182, 142, 14, 0.56%, 7, 0, 4, 1453.18
1639449289, 0, 139, 187, 145, 18, 0.56%, 7, 0, 4, 1452.08
1639449294, 0, 165, 190, 142, 14, 0.56%, 7, 0, 4, 1479.50
1639449299, 0, 171, 202, 151, 12, 0.62%, 7, 0, 5, 1467.86
1639449304, 0, 175, 210, 156, 17, 0.62%, 7, 0, 5, 1483.22
1639449309, 0, 176, 211, 156, 17, 0.62%, 8, 0, 5, 1464.56
1639449314, 0, 184, 213, 155, 14, 0.62%, 8, 0, 5, 1483.79
1639449319, 0, 193, 214, 152, 10, 0.62%, 9, 0, 6, 1489.42
1639449324, 0, 198, 216, 150, 7, 0.62%, 9, 0, 6, 1482.32
1639449329, 0, 205, 223, 154, 4, 0.63%, 9, 0, 6, 1466.20
1639449334, 0, 208, 227, 157, 7, 0.63%, 10, 0, 6, 1436.24
1639449339, 0, 218, 230, 158, 5, 0.63%, 10, 0, 6, 1403.19
1639449345, 0, 236, 243, 168, 5, 0.64%, 11, 0, 8, 1459.69
1639449350, 0, 240, 255, 178, 4, 0.64%, 11, 0, 8, 1883.99
1639449355, 1, 103, 259, 178, 1, 0.64%, 11, 0, 9, 2022.62
1639449360, 1, 122, 259, 171, 0, 0.64%, 11, 0, 9, 1550.43
1639449365, 1, 150, 260, 170, 0, 0.64%, 11, 0, 9, 1444.98
1639449370, 1, 164, 260, 166, 0, 0.64%, 11, 0, 9, 1454.14
1639449375, 1, 176, 263, 168, 0, 0.64%, 11, 0, 9, 1482.57
1639449380, 1, 184, 263, 167, 0, 0.64%, 11, 0, 9, 1487.57
1639449385, 1, 193, 266, 170, 0, 0.64%, 11, 0, 9, 1483.61
1639449390, 1, 259, 267, 170, 1, 0.64%, 12, 0, 9, 1434.54
1639449396, 1, 266, 272, 174, 1, 0.65%, 12, 0, 9, 1452.21
1639449401, 1, 271, 273, 173, 1, 0.65%, 12, 0, 9, 1468.80
1639449406, 1, 271, 276, 176, 1, 0.65%, 12, 0, 9, 1470.33
1639449411, 2, 276, 277, 173, 1, 0.65%, 12, 0, 9, 1468.98
1639449416, 3, 21, 277, 167, 0, 0.65%, 12, 0, 9, 1467.86
1639449421, 3, 48, 278, 164, 0, 0.65%, 12, 0, 9, 1484.06
1639449426, 3, 76, 278, 160, 0, 0.65%, 12, 0, 9, 1480.43
1639449431, 3, 95, 280, 161, 0, 0.65%, 12, 0, 9, 1443.29
1639449436, 3, 123, 280, 156, 0, 0.65%, 12, 0, 9, 1481.27
1639449441, 3, 138, 280, 149, 0, 0.65%, 13, 0, 9, 1463.69
1639449446, 3, 163, 281, 148, 0, 0.65%, 13, 0, 9, 1467.86
1639449451, 3, 180, 281, 146, 0, 0.65%, 13, 0, 9, 1471.39
1639449456, 3, 185, 281, 146, 0, 0.65%, 13, 0, 9, 1482.25
1639449461, 4, 0, 282, 145, 0, 0.66%, 13, 0, 9, 1455.61
1639449466, 4, 29, 282, 141, 0, 0.66%, 13, 0, 9, 1467.73
1639449472, 4, 265, 286, 142, 1, 0.66%, 13, 0, 9, 1457.75
1639449477, 4, 286, 287, 141, 1, 0.70%, 13, 0, 9, 1478.74
1639449482, 4, 286, 290, 144, 1, 0.70%, 13, 0, 9, 1468.50
1639449487, 5, 41, 290, 141, 0, 0.70%, 13, 0, 9, 1460.16
1639449492, 5, 66, 290, 138, 0, 0.70%, 13, 0, 9, 1466.79
1639449497, 5, 84, 290, 137, 0, 0.70%, 13, 0, 9, 1469.82
1639449502, 5, 112, 291, 137, 0, 0.70%, 13, 0, 9, 1464.57
1639449507, 5, 143, 293, 135, 0, 0.70%, 13, 0, 9, 1448.69
1639449512, 5, 171, 293, 132, 0, 0.70%, 13, 0, 9, 1461.42
1639449517, 5, 182, 293, 132, 0, 0.70%, 13, 0, 9, 1452.88
1639449522, 5, 187, 293, 131, 0, 0.70%, 13, 0, 9, 1445.19
1639449527, 5, 199, 293, 131, 0, 0.70%, 13, 0, 9, 1460.77
1639449532, 5, 217, 293, 130, 0, 0.70%, 13, 0, 9, 1458.69
1639449537, 5, 232, 295, 130, 0, 0.70%, 13, 0, 9, 1435.01
1639449543, 5, 243, 295, 130, 0, 0.70%, 13, 0, 9, 1461.34
