# unix_time, cycles_done, cur_path, paths_total, pending_total, pending_favs, map_size, unique_crashes, unique_hangs, max_depth, execs_per_sec
1639473152, 0, 0, 512, 512, 86, 0.82%, 0, 0, 1, 1169.28
1639473157, 0, 43, 512, 504, 78, 0.82%, 2, 0, 1, 1345.23
1639473162, 0, 95, 512, 495, 69, 0.82%, 3, 0, 1, 1381.02
1639473167, 0, 191, 512, 486, 60, 0.82%, 4, 0, 1, 1383.06
1639473172, 0, 256, 512, 476, 50, 0.82%, 5, 0, 1, 1384.29
1639473177, 0, 298, 512, 467, 41, 0.82%, 5, 0, 1, 1399.48
1639473183, 0, 355, 512, 457, 32, 0.82%, 6, 0, 1, 1401.15
1639473188, 0, 390, 512, 448, 23, 0.82%, 7, 0, 1, 1394.13
1639473193, 0, 440, 513, 440, 16, 0.82%, 7, 0, 2, 1394.73
1639473198, 0, 498, 513, 426, 2, 0.82%, 7, 0, 2, 1370.10
1639473203, 1, 20, 513, 421, 0, 0.82%, 7, 0, 2, 1385.49
1639473208, 1, 41, 513, 416, 0, 0.82%, 7, 0, 2, 1403.06
1639473213, 1, 66, 513, 412, 0, 0.82%, 7, 0, 2, 1398.39
1639473218, 1, 98, 514, 410, 0, 0.82%, 7, 0, 2, 1390.60
1639473224, 1, 138, 514, 405, 0, 0.82%, 7, 0, 2, 1396.19
1639473229, 1, 177, 514, 399, 0, 0.82%, 8, 0, 2, 1359.47
1639473234, 1, 204, 514, 395, 0, 0.82%, 8, 0, 2, 1365.09
1639473239, 1, 241, 514, 389, 0, 0.82%, 8, 0, 2, 1397.43
1639473244, 1, 261, 515, 384, 0, 0.82%, 8, 0, 2, 1377.42
1639473249, 1, 280, 515, 379, 0, 0.82%, 8, 0, 2, 1369.38
1639473254, 1, 302, 515, 378, 0, 0.82%, 8, 0, 2, 1349.06
1639473259, 1, 329, 515, 372, 0, 0.82%, 8, 0, 2, 1348.86
1639473264, 1, 346, 515, 369, 0, 0.82%, 8, 0, 2, 1358.04
1639473269, 1, 357, 515, 363, 0, 0.82%, 8, 0, 2, 1366.90
1639473275, 1, 394, 515, 358, 0, 0.82%, 8, 0, 2, 1375.69
1639473280, 1, 425, 515, 354, 0, 0.82%, 9, 0, 2, 1373.40
1639473285, 1, 446, 515, 348, 0, 0.82%, 9, 0, 2, 1384.97
1639473290, 1, 470, 515, 343, 0, 0.82%, 9, 0, 2, 1363.72
1639473295, 1, 498, 515, 339, 0, 0.82%, 9, 0, 2, 1383.06
1639473300, 1, 513, 516, 337, 0, 0.82%, 9, 0, 3, 1377.92
1639473305, 2, 16, 516, 331, 0, 0.82%, 9, 0, 3, 1347.79
1639473311, 2, 43, 516, 329, 0, 0.82%, 9, 0, 3, 1360.98
1639473316, 2, 79, 516, 326, 0, 0.82%, 9, 0, 3, 1393.89
1639473321, 2, 106, 516, 322, 0, 0.82%, 9, 0, 3, 1366.67
1639473326, 2, 128, 516, 317, 0, 0.82%, 9, 0, 3, 1401.85
1639473331, 2, 178, 516, 309, 0, 0.82%, 9, 0, 3, 1411.22
1639473336, 2, 201, 516, 305, 0, 0.82%, 9, 0, 3, 1390.78
1639473341, 2, 222, 516, 299, 0, 0.82%, 9, 0, 3, 1395.65
1639473346, 2, 266, 516, 294, 0, 0.82%, 10, 0, 3, 1399.69
1639473351, 2, 294, 516, 292, 0, 0.82%, 10, 0, 3, 1359.89
1639473357, 2, 328, 516, 287, 0, 0.82%, 10, 0, 3, 1396.30
1639473362, 2, 352, 516, 283, 0, 0.82%, 10, 0, 3, 1390.79
1639473367, 2, 383, 516, 280, 0, 0.82%, 10, 0, 3, 1397.28
1639473372, 2, 407, 516, 273, 0, 0.82%, 10, 0, 3, 1404.78
1639473377, 2, 440, 516, 269, 0, 0.82%, 10, 0, 3, 1399.38
1639473382, 2, 464, 516, 265, 0, 0.82%, 10, 0, 3, 1375.82
1639473387, 2, 489, 516, 261, 0, 0.82%, 10, 0, 3, 1409.97
1639473392, 3, 8, 516, 257, 0, 0.82%, 10, 0, 3, 1404.63
1639473397, 3, 41, 517, 256, 0, 0.82%, 10, 0, 3, 1397.02
1639473402, 3, 66, 517, 253, 0, 0.82%, 10, 0, 3, 1380.80
1639473408, 3, 95, 517, 249, 0, 0.82%, 10, 0, 3, 1367.72
1639473413, 3, 123, 517, 247, 0, 0.82%, 10, 0, 3, 1380.05
1639473418, 3, 149, 517, 239, 0, 0.82%, 11, 0, 3, 1613.14
1639473423, 3, 199, 517, 234, 0, 0.82%, 11, 0, 3, 1430.59
1639473428, 3, 240, 517, 230, 0, 0.82%, 11, 0, 3, 1395.19
1639473433, 3, 284, 517, 227, 0, 0.82%, 11, 0, 3, 1412.51
1639473438, 3, 313, 517, 225, 0, 0.82%, 12, 0, 3, 1381.45
1639473443, 3, 341, 517, 222, 0, 0.82%, 12, 0, 3, 1383.91
