# unix_time, cycles_done, cur_path, paths_total, pending_total, pending_favs, map_size, unique_crashes, unique_hangs, max_depth, execs_per_sec
1639590929, 0, 0, 1, 1, 1, 0.12%, 0, 0, 1, 533.33
1639590935, 0, 0, 74, 74, 1, 0.45%, 2, 0, 2, 1163.17
1639590940, 0, 9, 93, 91, 37, 0.47%, 2, 0, 3, 1263.75
1639590945, 0, 12, 99, 96, 37, 0.47%, 2, 0, 3, 1368.80
1639590950, 0, 25, 114, 105, 37, 0.51%, 2, 0, 3, 1351.80
1639590955, 0, 35, 126, 109, 30, 0.51%, 3, 0, 3, 1368.26
1639590960, 0, 65, 130, 101, 19, 0.52%, 4, 0, 3, 1380.80
1639590966, 0, 77, 143, 110, 16, 0.53%, 4, 0, 3, 1362.62
1639590971, 0, 91, 149, 114, 14, 0.54%, 4, 0, 4, 1354.56
1639590976, 0, 101, 162, 126, 14, 0.55%, 5, 0, 4, 1365.88
1639590981, 0, 106, 170, 132, 14, 0.56%, 6, 0, 4, 1414.06
1639590986, 0, 123, 176, 135, 21, 0.57%, 6, 0, 4, 1456.83
1639590991, 0, 148, 183, 137, 17, 0.58%, 8, 0, 5, 1417.58
1639590996, 0, 152, 188, 141, 17, 0.58%, 8, 0, 5, 1414.24
1639591001, 0, 163, 190, 140, 15, 0.59%, 8, 0, 5, 1439.64
1639591006, 0, 171, 195, 141, 14, 0.61%, 8, 0, 5, 1442.24
1639591011, 0, 175, 199, 141, 11, 0.62%, 8, 0, 5, 1421.11
1639591016, 0, 181, 200, 139, 9, 0.62%, 8, 0, 5, 1453.95
1639591021, 0, 192, 201, 136, 7, 0.62%, 8, 0, 6, 1464.23
1639591027, 0, 198, 211, 145, 8, 0.63%, 8, 0, 6, 1420.53
1639591032, 0, 200, 214, 146, 7, 0.64%, 9, 0, 7, 1416.79
1639591037, 0, 203, 223, 153, 9, 0.65%, 9, 0, 7, 1419.27
1639591042, 0, 213, 229, 157, 8, 0.65%, 9, 0, 8, 1449.92
1639591047, 0, 215, 233, 159, 8, 0.65%, 9, 0, 8, 1449.80
1639591052, 0, 221, 236, 161, 7, 0.65%, 9, 0, 8, 1420.92
1639591057, 0, 228, 240, 162, 7, 0.66%, 9, 0, 9, 1462.34
1639591062, 0, 228, 241, 163, 7, 0.66%, 9, 0, 9, 1476.12
1639591067, 0, 236, 244, 164, 6, 0.66%, 9, 0, 9, 1444.19
1639591072, 0, 238, 247, 165, 4, 0.66%, 9, 0, 9, 1460.37
1639591077, 0, 248, 250, 166, 3, 0.67%, 9, 0, 10, 1464.48
1639591082, 1, 103, 252, 160, 0, 0.67%, 9, 0, 10, 2047.77
1639591088, 1, 127, 252, 156, 0, 0.67%, 9, 0, 10, 1607.78
1639591093, 1, 147, 253, 152, 0, 0.67%, 9, 0, 10, 1441.56
1639591098, 1, 155, 253, 150, 0, 0.67%, 9, 0, 10, 1414.14
1639591103, 1, 163, 253, 147, 0, 0.67%, 9, 0, 10, 1420.30
1639591108, 1, 173, 253, 147, 0, 0.67%, 9, 0, 10, 1404.60
1639591113, 1, 180, 254, 148, 0, 0.67%, 9, 0, 10, 1394.62
1639591118, 1, 192, 254, 145, 0, 0.67%, 9, 0, 10, 1382.50
1639591123, 1, 201, 254, 145, 0, 0.67%, 9, 0, 10, 1373.11
1639591128, 1, 206, 254, 144, 0, 0.67%, 9, 0, 10, 1415.86
1639591134, 1, 212, 257, 144, 0, 0.67%, 9, 0, 10, 1435.89
1639591139, 1, 215, 257, 143, 0, 0.67%, 9, 0, 10, 1426.58
1639591144, 1, 221, 259, 144, 0, 0.67%, 9, 0, 10, 1435.09
1639591149, 1, 224, 260, 145, 0, 0.67%, 10, 0, 10, 1446.20
1639591154, 1, 228, 260, 144, 0, 0.67%, 10, 0, 10, 1465.53
1639591159, 1, 236, 260, 143, 0, 0.67%, 10, 0, 10, 1442.23
1639591164, 1, 238, 260, 143, 0, 0.67%, 10, 0, 10, 1472.52
1639591169, 1, 248, 260, 141, 0, 0.67%, 10, 0, 10, 1443.79
1639591174, 1, 260, 262, 142, 1, 0.67%, 10, 0, 12, 1416.48
1639591179, 2, 13, 263, 140, 0, 0.67%, 10, 0, 12, 1449.77
1639591184, 2, 36, 263, 137, 0, 0.67%, 10, 0, 12, 1459.17
1639591189, 2, 62, 263, 133, 0, 0.67%, 10, 0, 12, 1447.47
1639591194, 2, 81, 263, 127, 0, 0.67%, 10, 0, 12, 1430.16
1639591199, 2, 105, 263, 121, 0, 0.67%, 10, 0, 12, 1413.38
1639591205, 2, 263, 267, 124, 1, 0.68%, 10, 0, 12, 1434.49
1639591210, 2, 266, 271, 127, 1, 0.68%, 10, 0, 12, 1420.57
1639591215, 2, 271, 282, 137, 1, 0.72%, 11, 0, 12, 1426.10
1639591220, 2, 272, 287, 141, 12, 0.73%, 11, 0, 12, 1442.05
1639591225, 2, 273, 288, 141, 11, 0.73%, 11, 0, 12, 1448.63
