# unix_time, cycles_done, cur_path, paths_total, pending_total, pending_favs, map_size, unique_crashes, unique_hangs, max_depth, execs_per_sec
1639518678, 0, 0, 46, 46, 20, 0.13%, 0, 0, 1, 1277.78
1639518683, 0, 30, 48, 38, 10, 0.13%, 9, 0, 2, 1271.28
1639518688, 1, 0, 49, 28, 0, 0.13%, 9, 0, 2, 1275.34
1639518693, 2, 19, 49, 23, 0, 0.13%, 9, 0, 2, 1289.03
1639518698, 2, 35, 49, 20, 0, 0.13%, 9, 0, 2, 1296.62
1639518703, 3, 8, 49, 19, 0, 0.13%, 9, 0, 2, 1321.09
1639518708, 3, 35, 49, 17, 0, 0.13%, 9, 0, 2, 1338.59
1639518713, 4, 6, 49, 16, 0, 0.13%, 9, 0, 2, 1343.93
1639518718, 4, 28, 49, 9, 0, 0.13%, 9, 0, 2, 1377.41
1639518723, 4, 43, 49, 8, 0, 0.13%, 9, 0, 2, 1413.43
1639518728, 5, 25, 49, 6, 0, 0.13%, 9, 0, 2, 1430.18
1639518733, 5, 38, 49, 6, 0, 0.13%, 9, 0, 2, 1415.23
1639518738, 6, 49, 50, 6, 1, 0.13%, 9, 0, 2, 1416.42
1639518743, 7, 20, 50, 4, 0, 0.13%, 9, 0, 2, 1418.47
1639518748, 7, 36, 50, 2, 0, 0.13%, 9, 0, 2, 1448.91
1639518753, 8, 13, 50, 2, 0, 0.13%, 10, 0, 2, 1410.50
1639518758, 8, 35, 50, 2, 0, 0.13%, 10, 0, 2, 1401.67
1639518763, 9, 13, 50, 2, 0, 0.13%, 10, 0, 2, 1413.73
1639518769, 9, 39, 50, 2, 0, 0.13%, 10, 0, 2, 1816.14
1639518774, 10, 19, 50, 1, 0, 0.13%, 10, 0, 2, 1459.83
1639518779, 10, 39, 50, 1, 0, 0.13%, 10, 0, 2, 1436.35
1639518784, 11, 19, 50, 1, 0, 0.13%, 10, 0, 2, 1418.18
1639518789, 11, 38, 50, 1, 0, 0.13%, 10, 0, 2, 1425.06
1639518794, 12, 19, 50, 1, 0, 0.13%, 10, 0, 2, 1426.22
1639518799, 12, 37, 50, 1, 0, 0.13%, 10, 0, 2, 1374.02
1639518804, 13, 17, 50, 0, 0, 0.13%, 10, 0, 2, 1347.60
1639518809, 13, 36, 50, 0, 0, 0.13%, 10, 0, 2, 1362.67
1639518814, 14, 13, 50, 0, 0, 0.13%, 10, 0, 2, 1358.71
1639518819, 14, 36, 50, 0, 0, 0.13%, 10, 0, 2, 1387.92
1639518824, 15, 19, 50, 0, 0, 0.13%, 10, 0, 2, 1394.63
1639518829, 15, 37, 50, 0, 0, 0.13%, 10, 0, 2, 1373.67
1639518834, 16, 12, 50, 0, 0, 0.13%, 10, 0, 2, 1302.79
1639518839, 16, 35, 50, 0, 0, 0.13%, 10, 0, 2, 1286.74
1639518845, 17, 12, 50, 0, 0, 0.13%, 10, 0, 2, 1323.26
1639518850, 17, 35, 50, 0, 0, 0.13%, 10, 0, 2, 1376.47
1639518855, 18, 3, 50, 0, 0, 0.13%, 10, 0, 2, 1387.29
1639518860, 18, 30, 50, 0, 0, 0.13%, 10, 0, 2, 1334.48
1639518865, 19, 3, 50, 0, 0, 0.13%, 10, 0, 2, 1357.86
1639518870, 19, 30, 50, 0, 0, 0.13%, 10, 0, 2, 1371.28
1639518875, 20, 0, 50, 0, 0, 0.13%, 10, 0, 2, 1402.33
1639518880, 20, 30, 50, 0, 0, 0.13%, 10, 0, 2, 1406.46
1639518885, 21, 3, 50, 0, 0, 0.13%, 10, 0, 2, 1374.33
1639518890, 21, 30, 50, 0, 0, 0.13%, 10, 0, 2, 1365.44
1639518895, 22, 3, 50, 0, 0, 0.13%, 10, 0, 2, 1414.47
1639518900, 22, 34, 50, 0, 0, 0.13%, 10, 0, 2, 1449.37
1639518906, 23, 12, 50, 0, 0, 0.13%, 10, 0, 2, 1453.12
1639518911, 23, 34, 50, 0, 0, 0.13%, 10, 0, 2, 1447.73
1639518916, 24, 12, 50, 0, 0, 0.13%, 10, 0, 2, 1444.68
1639518921, 24, 35, 50, 0, 0, 0.13%, 10, 0, 2, 1426.50
1639518926, 25, 12, 50, 0, 0, 0.13%, 10, 0, 2, 1436.83
1639518931, 25, 32, 50, 0, 0, 0.13%, 10, 0, 2, 1447.32
1639518936, 26, 5, 50, 0, 0, 0.13%, 10, 0, 2, 1432.91
1639518941, 26, 30, 50, 0, 0, 0.13%, 10, 0, 2, 1394.39
1639518946, 27, 3, 50, 0, 0, 0.13%, 10, 0, 2, 1379.90
1639518951, 27, 30, 50, 0, 0, 0.13%, 10, 0, 2, 1373.44
1639518956, 28, 2, 50, 0, 0, 0.13%, 10, 0, 2, 1397.22
1639518962, 28, 29, 50, 0, 0, 0.13%, 10, 0, 2, 1388.71
1639518967, 28, 49, 50, 0, 0, 0.13%, 10, 0, 2, 1417.42
1639518972, 29, 30, 50, 0, 0, 0.13%, 10, 0, 2, 1447.26
1639518977, 30, 3, 50, 0, 0, 0.13%, 10, 0, 2, 1439.44
