# unix_time, cycles_done, cur_path, paths_total, pending_total, pending_favs, map_size, unique_crashes, unique_hangs, max_depth, execs_per_sec
1639596567, 0, 0, 47, 47, 20, 0.13%, 0, 0, 1, 1096.21
1639596572, 0, 17, 47, 39, 12, 0.13%, 8, 0, 1, 1140.97
1639596577, 0, 46, 47, 28, 1, 0.13%, 9, 0, 1, 1220.49
1639596582, 1, 17, 47, 26, 0, 0.13%, 9, 0, 1, 1238.16
1639596587, 1, 41, 47, 24, 0, 0.13%, 9, 0, 1, 1299.35
1639596592, 2, 9, 47, 21, 0, 0.13%, 9, 0, 1, 1342.64
1639596597, 2, 24, 47, 17, 0, 0.13%, 9, 0, 1, 1374.46
1639596602, 2, 42, 47, 13, 0, 0.13%, 9, 0, 1, 1296.38
1639596607, 3, 20, 47, 13, 0, 0.13%, 9, 0, 1, 1325.85
1639596612, 3, 42, 47, 12, 0, 0.13%, 9, 0, 1, 1238.67
1639596618, 4, 17, 47, 11, 0, 0.13%, 9, 0, 1, 1246.60
1639596623, 4, 37, 47, 8, 0, 0.13%, 9, 0, 1, 1241.68
1639596628, 5, 2, 47, 5, 0, 0.13%, 9, 0, 1, 1167.21
1639596633, 5, 14, 47, 3, 0, 0.13%, 9, 0, 1, 1177.54
1639596638, 5, 38, 47, 2, 0, 0.13%, 9, 0, 1, 1071.37
1639596643, 6, 5, 47, 2, 0, 0.13%, 9, 0, 1, 1060.39
1639596648, 6, 32, 47, 2, 0, 0.13%, 9, 0, 1, 1076.65
1639596653, 7, 3, 47, 2, 0, 0.13%, 9, 0, 1, 1145.49
1639596659, 7, 47, 49, 4, 1, 0.13%, 9, 0, 3, 1216.00
1639596664, 8, 10, 49, 1, 0, 0.13%, 9, 0, 3, 1560.04
1639596669, 8, 38, 49, 0, 0, 0.13%, 9, 0, 3, 1261.67
1639596674, 9, 6, 50, 0, 0, 0.14%, 9, 0, 3, 1287.77
1639596679, 9, 36, 50, 0, 0, 0.14%, 9, 0, 3, 1319.79
1639596684, 9, 48, 50, 0, 0, 0.14%, 9, 0, 3, 1346.09
1639596689, 10, 10, 50, 0, 0, 0.14%, 9, 0, 3, 1387.91
1639596694, 10, 38, 50, 0, 0, 0.14%, 9, 0, 3, 1390.78
1639596699, 10, 49, 50, 0, 0, 0.14%, 10, 0, 3, 1404.69
1639596704, 11, 23, 50, 0, 0, 0.14%, 10, 0, 3, 1430.75
1639596709, 11, 47, 50, 0, 0, 0.14%, 10, 0, 3, 1436.01
1639596714, 12, 10, 50, 0, 0, 0.14%, 10, 0, 3, 1439.28
1639596719, 12, 42, 50, 0, 0, 0.14%, 11, 0, 3, 1435.20
1639596725, 13, 10, 50, 0, 0, 0.14%, 11, 0, 3, 1430.34
1639596730, 13, 42, 50, 0, 0, 0.14%, 11, 0, 3, 1443.19
1639596735, 14, 9, 50, 0, 0, 0.14%, 11, 0, 3, 1411.10
1639596740, 14, 35, 50, 0, 0, 0.14%, 12, 0, 3, 1373.98
1639596745, 15, 3, 50, 0, 0, 0.14%, 12, 0, 3, 1372.30
1639596750, 15, 31, 50, 0, 0, 0.14%, 12, 0, 3, 1383.90
1639596755, 15, 47, 50, 0, 0, 0.14%, 12, 0, 3, 1363.49
1639596760, 16, 14, 50, 0, 0, 0.14%, 12, 0, 3, 1313.43
1639596765, 16, 42, 50, 0, 0, 0.14%, 12, 0, 3, 1316.02
1639596770, 17, 10, 50, 0, 0, 0.14%, 12, 0, 3, 1326.87
1639596775, 17, 38, 50, 0, 0, 0.14%, 12, 0, 3, 1327.86
1639596780, 18, 3, 50, 0, 0, 0.14%, 12, 0, 3, 1345.20
1639596786, 18, 34, 50, 0, 0, 0.14%, 12, 0, 3, 1350.12
1639596791, 19, 0, 50, 0, 0, 0.14%, 12, 0, 3, 1341.42
1639596796, 19, 24, 50, 0, 0, 0.14%, 12, 0, 3, 1334.93
1639596801, 19, 47, 50, 0, 0, 0.14%, 12, 0, 3, 1320.60
1639596806, 20, 14, 50, 0, 0, 0.14%, 12, 0, 3, 1291.91
1639596811, 20, 38, 50, 0, 0, 0.14%, 12, 0, 3, 1280.60
1639596816, 21, 3, 50, 0, 0, 0.14%, 12, 0, 3, 1282.87
1639596821, 21, 22, 50, 0, 0, 0.14%, 12, 0, 3, 1279.85
1639596826, 21, 48, 50, 0, 0, 0.14%, 12, 0, 3, 1290.81
1639596831, 22, 17, 50, 0, 0, 0.14%, 12, 0, 3, 1305.97
1639596836, 22, 42, 50, 0, 0, 0.14%, 12, 0, 3, 1300.10
1639596841, 23, 5, 50, 0, 0, 0.14%, 12, 0, 3, 1265.60
1639596846, 23, 32, 50, 0, 0, 0.14%, 12, 0, 3, 1243.88
1639596852, 24, 0, 50, 0, 0, 0.14%, 12, 0, 3, 1244.02
1639596857, 24, 17, 50, 0, 0, 0.14%, 12, 0, 3, 1337.32
1639596862, 24, 47, 50, 0, 0, 0.14%, 12, 0, 3, 1335.36
