# unix_time, cycles_done, cur_path, paths_total, pending_total, pending_favs, map_size, unique_crashes, unique_hangs, max_depth, execs_per_sec
1639437446, 0, 0, 699, 699, 97, 0.90%, 0, 0, 1, 1162.82
1639437452, 0, 72, 701, 690, 88, 0.90%, 3, 0, 2, 1389.30
1639437457, 0, 127, 702, 682, 79, 0.90%, 4, 0, 2, 1450.97
1639437462, 0, 159, 702, 676, 73, 0.90%, 5, 0, 2, 1436.29
1639437467, 0, 243, 702, 666, 63, 0.90%, 6, 0, 2, 1434.72
1639437472, 0, 312, 702, 658, 55, 0.90%, 6, 0, 2, 1409.18
1639437477, 0, 346, 702, 652, 49, 0.90%, 6, 0, 2, 1414.22
1639437482, 0, 396, 702, 640, 39, 0.90%, 6, 0, 2, 1675.38
1639437487, 0, 446, 702, 632, 31, 0.90%, 7, 0, 2, 1487.44
1639437492, 0, 523, 705, 624, 21, 0.90%, 8, 0, 2, 1451.31
1639437497, 0, 610, 705, 612, 11, 0.90%, 8, 0, 2, 1442.07
1639437502, 0, 666, 705, 605, 5, 0.90%, 9, 0, 2, 1430.48
1639437507, 1, 25, 705, 596, 0, 0.90%, 9, 0, 2, 1432.11
1639437512, 1, 51, 705, 592, 0, 0.90%, 9, 0, 2, 1449.57
1639437517, 1, 78, 705, 588, 0, 0.90%, 9, 0, 2, 1439.66
1639437523, 1, 101, 705, 584, 0, 0.90%, 9, 0, 2, 1427.57
1639437528, 1, 129, 705, 578, 0, 0.90%, 9, 0, 2, 1441.24
1639437533, 1, 151, 705, 571, 0, 0.90%, 10, 0, 2, 1459.12
1639437538, 1, 164, 705, 567, 0, 0.90%, 10, 0, 2, 1425.57
1639437543, 1, 181, 705, 563, 0, 0.90%, 10, 0, 2, 1452.00
1639437548, 1, 212, 705, 558, 0, 0.90%, 10, 0, 2, 1393.79
1639437553, 1, 246, 705, 549, 0, 0.90%, 10, 0, 2, 1434.51
1639437558, 1, 283, 705, 544, 0, 0.90%, 10, 0, 2, 1402.85
1639437563, 1, 313, 705, 539, 0, 0.90%, 11, 0, 2, 1436.50
1639437568, 1, 326, 705, 536, 0, 0.90%, 11, 0, 2, 1415.79
1639437573, 1, 354, 705, 532, 0, 0.90%, 11, 0, 2, 1427.63
1639437578, 1, 388, 705, 528, 0, 0.90%, 11, 0, 2, 1412.14
1639437584, 1, 413, 705, 523, 0, 0.90%, 11, 0, 2, 1429.20
1639437589, 1, 431, 705, 518, 0, 0.90%, 11, 0, 2, 1424.92
1639437594, 1, 458, 707, 517, 0, 0.90%, 11, 0, 2, 1431.28
1639437599, 2, 17, 707, 512, 0, 0.90%, 11, 0, 2, 1435.76
1639437604, 2, 40, 707, 508, 0, 0.90%, 11, 0, 2, 1438.83
1639437609, 2, 72, 707, 502, 0, 0.90%, 11, 0, 2, 1428.96
1639437614, 2, 96, 707, 499, 0, 0.90%, 11, 0, 2, 1442.26
1639437619, 2, 124, 707, 495, 0, 0.90%, 11, 0, 2, 1418.80
1639437624, 2, 159, 707, 493, 0, 0.90%, 11, 0, 2, 1435.27
1639437629, 2, 181, 707, 490, 0, 0.90%, 11, 0, 2, 1427.85
1639437635, 2, 207, 707, 485, 0, 0.90%, 11, 0, 2, 1441.37
1639437640, 2, 248, 707, 474, 0, 0.90%, 11, 0, 2, 1432.34
1639437645, 2, 276, 707, 466, 0, 0.90%, 11, 0, 2, 1430.14
1639437650, 2, 301, 707, 462, 0, 0.90%, 11, 0, 2, 1413.36
1639437655, 2, 317, 707, 459, 0, 0.90%, 11, 0, 2, 1430.16
1639437660, 2, 346, 707, 455, 0, 0.90%, 11, 0, 2, 1444.02
1639437665, 2, 374, 708, 451, 0, 0.90%, 11, 0, 2, 1450.47
1639437671, 2, 405, 708, 449, 0, 0.90%, 11, 0, 2, 1428.21
1639437676, 2, 429, 708, 444, 0, 0.90%, 11, 0, 2, 1372.22
1639437681, 2, 467, 708, 439, 0, 0.90%, 11, 0, 2, 1394.79
1639437686, 2, 496, 708, 434, 0, 0.90%, 12, 0, 2, 1443.13
1639437691, 2, 533, 708, 428, 0, 0.90%, 12, 0, 2, 1448.42
1639437696, 2, 568, 708, 420, 0, 0.90%, 12, 0, 2, 1455.11
1639437701, 2, 601, 708, 415, 0, 0.90%, 12, 0, 2, 1427.23
1639437706, 2, 631, 708, 410, 0, 0.90%, 12, 0, 2, 1447.49
1639437711, 2, 650, 708, 404, 0, 0.90%, 12, 0, 2, 1445.76
1639437717, 2, 689, 709, 399, 0, 0.90%, 12, 0, 2, 1437.10
1639437722, 3, 8, 709, 393, 0, 0.90%, 12, 0, 2, 1453.21
1639437727, 3, 55, 709, 390, 0, 0.90%, 12, 0, 2, 1446.64
1639437732, 3, 75, 709, 385, 0, 0.90%, 12, 0, 2, 1434.14
1639437737, 3, 100, 709, 382, 0, 0.90%, 13, 0, 2, 1430.77
