# unix_time, cycles_done, cur_path, paths_total, pending_total, pending_favs, map_size, unique_crashes, unique_hangs, max_depth, execs_per_sec
1639592911, 0, 0, 735, 735, 98, 0.90%, 0, 0, 1, 1174.12
1639592916, 0, 88, 735, 724, 89, 0.90%, 1, 0, 1, 1346.84
1639592921, 0, 159, 735, 714, 78, 0.90%, 4, 0, 1, 1411.00
1639592926, 0, 220, 735, 705, 70, 0.90%, 4, 0, 1, 1425.72
1639592931, 0, 289, 735, 693, 58, 0.90%, 4, 0, 1, 1405.83
1639592936, 0, 390, 736, 688, 52, 0.90%, 5, 0, 2, 1402.18
1639592941, 0, 414, 736, 679, 43, 0.90%, 5, 0, 2, 1404.57
1639592946, 0, 456, 736, 671, 38, 0.90%, 5, 0, 2, 1409.78
1639592951, 0, 516, 736, 659, 27, 0.90%, 5, 0, 2, 1425.56
1639592957, 0, 570, 738, 652, 19, 0.90%, 6, 0, 2, 1422.52
1639592962, 0, 630, 738, 644, 13, 0.90%, 6, 0, 2, 1446.25
1639592967, 0, 690, 738, 635, 6, 0.90%, 6, 0, 2, 1440.80
1639592972, 1, 4, 738, 628, 0, 0.90%, 6, 0, 2, 1423.46
1639592977, 1, 20, 738, 621, 0, 0.90%, 6, 0, 2, 1385.37
1639592982, 1, 40, 738, 614, 0, 0.90%, 6, 0, 2, 1402.82
1639592987, 1, 75, 738, 608, 0, 0.90%, 6, 0, 2, 1421.44
1639592992, 1, 92, 738, 600, 0, 0.90%, 7, 0, 2, 1430.34
1639592997, 1, 119, 738, 595, 0, 0.90%, 7, 0, 2, 1426.01
1639593002, 1, 154, 738, 589, 0, 0.90%, 7, 0, 2, 1428.75
1639593007, 1, 172, 738, 581, 0, 0.90%, 7, 0, 2, 1418.97
1639593013, 1, 201, 738, 577, 0, 0.90%, 7, 0, 2, 1428.64
1639593018, 1, 229, 738, 572, 0, 0.90%, 7, 0, 2, 1431.35
1639593023, 1, 247, 738, 567, 0, 0.90%, 7, 0, 2, 1422.62
1639593028, 1, 276, 738, 561, 0, 0.90%, 7, 0, 2, 1411.72
1639593033, 1, 320, 738, 553, 0, 0.90%, 7, 0, 2, 1443.71
1639593038, 1, 348, 738, 545, 0, 0.90%, 8, 0, 2, 1416.72
1639593044, 1, 379, 738, 537, 0, 0.90%, 9, 0, 2, 1583.77
1639593049, 1, 392, 738, 532, 0, 0.90%, 9, 0, 2, 1434.50
1639593054, 1, 410, 738, 530, 0, 0.90%, 10, 0, 2, 1416.73
1639593059, 1, 431, 738, 524, 0, 0.90%, 10, 0, 2, 1412.90
1639593064, 1, 460, 738, 519, 0, 0.90%, 10, 0, 2, 1420.75
1639593070, 1, 493, 738, 514, 0, 0.90%, 11, 0, 2, 1401.87
1639593075, 1, 516, 738, 510, 0, 0.90%, 11, 0, 2, 1422.95
1639593080, 1, 536, 738, 507, 0, 0.90%, 11, 0, 2, 1412.18
1639593085, 1, 566, 738, 500, 0, 0.90%, 11, 0, 2, 1404.05
1639593090, 1, 594, 739, 495, 0, 0.90%, 11, 0, 2, 1398.56
1639593095, 1, 633, 739, 488, 0, 0.90%, 11, 0, 2, 1419.53
1639593101, 1, 671, 739, 483, 0, 0.90%, 11, 0, 2, 1412.21
1639593106, 1, 690, 739, 478, 0, 0.90%, 11, 0, 2, 1426.35
1639593111, 1, 704, 739, 474, 0, 0.90%, 11, 0, 2, 1414.69
1639593116, 1, 734, 739, 465, 0, 0.90%, 11, 0, 2, 1421.80
1639593121, 2, 40, 739, 459, 0, 0.90%, 12, 0, 2, 1415.81
1639593126, 2, 73, 739, 453, 0, 0.90%, 12, 0, 2, 1437.84
1639593131, 2, 739, 740, 450, 1, 0.91%, 13, 0, 2, 1430.00
1639593136, 3, 61, 740, 446, 0, 0.91%, 13, 0, 2, 1375.92
1639593142, 3, 104, 740, 442, 0, 0.91%, 13, 0, 2, 1417.77
1639593147, 3, 129, 740, 439, 0, 0.91%, 13, 0, 2, 1419.58
1639593152, 3, 166, 740, 435, 0, 0.91%, 13, 0, 2, 1425.29
1639593157, 3, 191, 740, 429, 0, 0.91%, 13, 0, 2, 1400.89
1639593162, 3, 219, 740, 424, 0, 0.91%, 13, 0, 2, 1410.62
1639593167, 3, 235, 740, 419, 0, 0.91%, 13, 0, 2, 1426.18
1639593172, 3, 268, 740, 414, 0, 0.91%, 13, 0, 2, 1434.31
1639593177, 3, 304, 740, 408, 0, 0.91%, 14, 0, 2, 1381.57
1639593182, 3, 355, 740, 397, 0, 0.91%, 14, 0, 2, 1420.02
1639593187, 3, 389, 740, 394, 0, 0.91%, 14, 0, 2, 1339.63
1639593192, 3, 403, 740, 391, 0, 0.91%, 14, 0, 2, 1380.71
1639593198, 3, 417, 740, 387, 0, 0.91%, 14, 0, 2, 1401.99
1639593203, 3, 452, 740, 384, 0, 0.91%, 14, 0, 2, 1427.14
