# unix_time, cycles_done, cur_path, paths_total, pending_total, pending_favs, map_size, unique_crashes, unique_hangs, max_depth, execs_per_sec
1639436877, 0, 0, 1, 1, 1, 0.12%, 0, 0, 1, 1600.00
1639436882, 0, 0, 79, 79, 1, 0.45%, 2, 0, 2, 1474.02
1639436888, 0, 18, 128, 121, 39, 0.53%, 2, 0, 3, 1428.69
1639436893, 0, 24, 139, 128, 36, 0.53%, 2, 0, 3, 1428.81
1639436898, 0, 35, 151, 134, 32, 0.58%, 2, 0, 3, 1430.24
1639436903, 0, 63, 161, 132, 20, 0.58%, 2, 0, 3, 1385.23
1639436908, 0, 95, 173, 137, 13, 0.58%, 2, 0, 3, 1326.08
1639436913, 0, 144, 180, 137, 8, 0.58%, 2, 0, 4, 1418.85
1639436918, 0, 147, 187, 142, 8, 0.60%, 3, 0, 4, 1382.48
1639436923, 0, 158, 189, 142, 7, 0.60%, 3, 0, 4, 1423.24
1639436928, 0, 180, 192, 141, 5, 0.60%, 3, 0, 5, 1414.75
1639436933, 0, 191, 194, 139, 2, 0.60%, 4, 0, 5, 1434.10
1639436938, 1, 96, 199, 139, 1, 0.60%, 5, 0, 5, 1439.22
1639436943, 1, 197, 211, 148, 1, 0.61%, 6, 0, 5, 1439.13
1639436948, 1, 200, 220, 156, 9, 0.63%, 7, 0, 5, 1409.86
1639436954, 1, 201, 224, 159, 8, 0.63%, 7, 0, 5, 1445.79
1639436959, 1, 202, 229, 163, 8, 0.63%, 7, 0, 5, 1417.17
1639436964, 1, 211, 231, 163, 7, 0.64%, 7, 0, 5, 1438.27
1639436969, 1, 212, 247, 178, 15, 0.69%, 7, 0, 5, 1406.61
1639436974, 1, 213, 256, 186, 16, 0.70%, 8, 0, 5, 1441.30
1639436979, 1, 214, 259, 188, 15, 0.70%, 8, 0, 5, 1428.75
1639436984, 1, 223, 261, 189, 14, 0.70%, 8, 0, 6, 1423.03
1639436989, 1, 227, 264, 191, 13, 0.70%, 8, 0, 6, 1434.72
1639436994, 1, 230, 269, 195, 14, 0.70%, 8, 0, 6, 1451.03
1639436999, 1, 231, 274, 199, 13, 0.71%, 8, 0, 6, 1426.02
1639437004, 1, 233, 276, 200, 15, 0.71%, 8, 0, 6, 1442.07
1639437009, 1, 235, 279, 201, 13, 0.72%, 8, 0, 6, 1421.16
1639437014, 1, 237, 282, 202, 12, 0.72%, 8, 0, 6, 1422.25
1639437019, 1, 241, 286, 204, 12, 0.72%, 9, 0, 6, 1414.91
1639437024, 1, 253, 288, 205, 11, 0.72%, 9, 0, 6, 1422.08
1639437029, 1, 253, 292, 209, 11, 0.72%, 9, 0, 6, 1439.40
1639437035, 1, 264, 295, 209, 10, 0.72%, 9, 0, 6, 1448.66
1639437040, 1, 266, 297, 210, 9, 0.72%, 9, 0, 7, 1432.44
1639437045, 1, 272, 298, 210, 8, 0.75%, 10, 0, 7, 1438.71
1639437050, 1, 274, 300, 211, 8, 0.75%, 10, 0, 7, 1449.36
1639437055, 1, 278, 301, 210, 6, 0.75%, 10, 0, 7, 1457.59
1639437060, 1, 282, 303, 211, 5, 0.75%, 10, 0, 7, 1443.78
1639437065, 1, 284, 306, 213, 5, 0.75%, 10, 0, 7, 1436.54
1639437070, 1, 290, 307, 213, 4, 0.75%, 10, 0, 7, 1425.91
1639437075, 1, 294, 308, 213, 3, 0.75%, 11, 0, 7, 1356.49
1639437080, 1, 297, 322, 226, 2, 0.78%, 11, 0, 8, 1319.41
1639437085, 1, 297, 325, 229, 2, 0.78%, 11, 0, 8, 1434.38
1639437090, 1, 301, 325, 228, 15, 0.78%, 11, 0, 8, 1441.65
1639437096, 1, 310, 326, 227, 13, 0.78%, 11, 0, 9, 1448.13
1639437101, 1, 312, 326, 225, 11, 0.78%, 11, 0, 9, 1409.78
1639437106, 1, 314, 326, 223, 9, 0.78%, 11, 0, 9, 1419.52
1639437111, 1, 315, 326, 222, 8, 0.78%, 11, 0, 9, 1434.10
1639437116, 1, 318, 327, 221, 3, 0.78%, 11, 0, 9, 1428.16
1639437121, 1, 319, 327, 220, 2, 0.78%, 11, 0, 9, 1432.84
1639437126, 1, 326, 328, 220, 1, 0.78%, 11, 0, 10, 1418.08
1639437131, 2, 30, 329, 219, 0, 0.78%, 12, 0, 10, 1442.26
1639437136, 2, 70, 329, 214, 0, 0.78%, 12, 0, 10, 1915.74
1639437141, 2, 102, 330, 208, 0, 0.78%, 12, 0, 10, 1706.97
1639437146, 2, 139, 330, 202, 0, 0.78%, 12, 0, 10, 1481.70
1639437151, 2, 158, 331, 197, 0, 0.78%, 12, 0, 10, 1448.91
1639437156, 2, 178, 332, 194, 0, 0.78%, 12, 0, 10, 1427.48
1639437162, 2, 333, 334, 195, 1, 0.78%, 12, 0, 10, 1415.10
1639437167, 3, 28, 334, 189, 0, 0.78%, 12, 0, 10, 1435.74
1639437172, 3, 60, 336, 189, 1, 0.79%, 12, 0, 10, 1426.16
1639437177, 3, 295, 337, 188, 1, 0.79%, 12, 0, 10, 1457.65
