# unix_time, cycles_done, cur_path, paths_total, pending_total, pending_favs, map_size, unique_crashes, unique_hangs, max_depth, execs_per_sec
1639554662, 0, 0, 1, 1, 1, 0.01%, 0, 0, 1, 2000.00
1639554667, 32, 0, 1, 0, 0, 0.01%, 0, 0, 1, 1707.27
1639554672, 64, 0, 1, 0, 0, 0.01%, 0, 0, 1, 1649.03
1639554677, 96, 0, 1, 0, 0, 0.01%, 0, 0, 1, 1628.04
1639554682, 128, 0, 1, 0, 0, 0.01%, 0, 0, 1, 1609.20
1639554687, 160, 0, 1, 0, 0, 0.01%, 0, 0, 1, 1605.35
1639554692, 192, 0, 1, 0, 0, 0.01%, 0, 0, 1, 1628.51
1639554697, 224, 0, 1, 0, 0, 0.01%, 0, 0, 1, 1575.72
1639554702, 256, 0, 1, 0, 0, 0.01%, 0, 0, 1, 1616.69
1639554708, 289, 0, 1, 0, 0, 0.01%, 0, 0, 1, 1648.93
1639554713, 322, 0, 1, 0, 0, 0.01%, 0, 0, 1, 1645.81
1639554718, 355, 0, 1, 0, 0, 0.01%, 0, 0, 1, 1657.15
1639554723, 387, 0, 1, 0, 0, 0.01%, 0, 0, 1, 1620.87
1639554728, 420, 0, 1, 0, 0, 0.01%, 0, 0, 1, 1643.34
1639554733, 452, 0, 1, 0, 0, 0.01%, 0, 0, 1, 1648.13
1639554738, 485, 0, 1, 0, 0, 0.01%, 0, 0, 1, 1645.66
1639554743, 517, 0, 1, 0, 0, 0.01%, 0, 0, 1, 1611.39
1639554748, 549, 0, 1, 0, 0, 0.01%, 0, 0, 1, 1611.14
1639554753, 580, 0, 1, 0, 0, 0.01%, 0, 0, 1, 1552.64
1639554758, 611, 0, 1, 0, 0, 0.01%, 0, 0, 1, 1598.91
1639554763, 643, 0, 1, 0, 0, 0.01%, 0, 0, 1, 1600.26
1639554768, 675, 0, 1, 0, 0, 0.01%, 0, 0, 1, 1618.24
1639554773, 706, 0, 1, 0, 0, 0.01%, 0, 0, 1, 1611.92
1639554778, 738, 0, 1, 0, 0, 0.01%, 0, 0, 1, 1625.22
1639554783, 770, 0, 1, 0, 0, 0.01%, 0, 0, 1, 1604.76
1639554788, 801, 0, 1, 0, 0, 0.01%, 0, 0, 1, 1619.25
1639554793, 834, 0, 1, 0, 0, 0.01%, 0, 0, 1, 1650.68
1639554799, 867, 0, 1, 0, 0, 0.01%, 0, 0, 1, 1648.14
1639554804, 898, 0, 1, 0, 0, 0.01%, 0, 0, 1, 1608.50
1639554809, 931, 0, 1, 0, 0, 0.01%, 0, 0, 1, 1634.18
1639554814, 962, 0, 1, 0, 0, 0.01%, 0, 0, 1, 1585.49
1639554819, 995, 0, 1, 0, 0, 0.01%, 0, 0, 1, 1626.57
1639554824, 1027, 0, 1, 0, 0, 0.01%, 0, 0, 1, 1623.46
1639554829, 1060, 0, 1, 0, 0, 0.01%, 0, 0, 1, 1612.19
1639554834, 1091, 0, 1, 0, 0, 0.01%, 0, 0, 1, 1571.14
1639554839, 1123, 0, 1, 0, 0, 0.01%, 0, 0, 1, 1585.25
1639554844, 1154, 0, 1, 0, 0, 0.01%, 0, 0, 1, 1581.70
1639554849, 1186, 0, 1, 0, 0, 0.01%, 0, 0, 1, 1619.23
1639554854, 1219, 0, 1, 0, 0, 0.01%, 0, 0, 1, 1634.80
1639554859, 1250, 0, 1, 0, 0, 0.01%, 0, 0, 1, 1602.68
1639554865, 1283, 0, 1, 0, 0, 0.01%, 0, 0, 1, 1630.26
1639554870, 1314, 0, 1, 0, 0, 0.01%, 0, 0, 1, 1599.55
1639554875, 1347, 0, 1, 0, 0, 0.01%, 0, 0, 1, 1620.91
1639554880, 1379, 0, 1, 0, 0, 0.01%, 0, 0, 1, 1631.80
1639554885, 1412, 0, 1, 0, 0, 0.01%, 0, 0, 1, 1626.48
1639554890, 1444, 0, 1, 0, 0, 0.01%, 0, 0, 1, 1624.45
1639554895, 1477, 0, 1, 0, 0, 0.01%, 0, 0, 1, 1756.49
1639554900, 1517, 0, 1, 0, 0, 0.01%, 0, 0, 1, 1865.69
1639554905, 1547, 0, 1, 0, 0, 0.01%, 0, 0, 1, 1547.91
1639554910, 1579, 0, 1, 0, 0, 0.01%, 0, 0, 1, 1602.14
1639554915, 1611, 0, 1, 0, 0, 0.01%, 0, 0, 1, 1642.20
1639554920, 1642, 0, 1, 0, 0, 0.01%, 0, 0, 1, 1534.33
1639554925, 1674, 0, 1, 0, 0, 0.01%, 0, 0, 1, 1602.28
1639554931, 1706, 0, 1, 0, 0, 0.01%, 0, 0, 1, 1631.99
1639554936, 1738, 0, 1, 0, 0, 0.01%, 0, 0, 1, 1616.51
1639554941, 1770, 0, 1, 0, 0, 0.01%, 0, 0, 1, 1622.88
1639554946, 1803, 0, 1, 0, 0, 0.01%, 0, 0, 1, 1630.71
1639554951, 1835, 0, 1, 0, 0, 0.01%, 0, 0, 1, 1621.27
1639554956, 1867, 0, 1, 0, 0, 0.01%, 0, 0, 1, 1610.99
1639554961, 1899, 0, 1, 0, 0, 0.01%, 0, 0, 1, 1645.55
