# unix_time, cycles_done, cur_path, paths_total, pending_total, pending_favs, map_size, unique_crashes, unique_hangs, max_depth, execs_per_sec
1639518467, 0, 0, 1, 1, 1, 0.12%, 0, 0, 1, 2000.00
1639518472, 0, 0, 83, 83, 1, 0.46%, 5, 0, 2, 1468.18
1639518478, 0, 13, 103, 98, 37, 0.47%, 5, 0, 3, 1334.87
1639518483, 0, 13, 108, 103, 37, 0.48%, 6, 0, 3, 2304.06
1639518488, 0, 21, 124, 114, 33, 0.48%, 6, 0, 3, 1000.65
1639518493, 0, 45, 151, 131, 26, 0.51%, 6, 0, 3, 1384.98
1639518498, 0, 71, 167, 137, 18, 0.51%, 6, 0, 3, 1456.74
1639518503, 0, 72, 171, 140, 20, 0.52%, 6, 0, 3, 1483.52
1639518508, 0, 98, 187, 149, 17, 0.55%, 7, 0, 3, 1505.60
1639518513, 0, 163, 195, 150, 10, 0.55%, 7, 0, 4, 1487.89
1639518518, 0, 169, 200, 154, 13, 0.56%, 8, 0, 4, 1487.72
1639518523, 0, 175, 210, 161, 14, 0.59%, 8, 0, 4, 1484.77
1639518528, 0, 196, 213, 158, 8, 0.59%, 8, 0, 5, 1459.37
1639518533, 0, 198, 221, 164, 6, 0.61%, 8, 0, 5, 1441.98
1639518538, 0, 199, 225, 167, 10, 0.61%, 8, 0, 5, 1448.30
1639518543, 0, 207, 226, 165, 9, 0.61%, 10, 0, 5, 1461.63
1639518548, 0, 213, 230, 167, 7, 0.62%, 10, 0, 6, 1492.46
1639518553, 0, 216, 236, 172, 7, 0.62%, 10, 0, 6, 1470.42
1639518559, 0, 217, 242, 177, 7, 0.63%, 10, 0, 6, 1468.75
1639518564, 0, 219, 245, 178, 6, 0.63%, 10, 0, 6, 1478.81
1639518569, 0, 223, 249, 181, 6, 0.64%, 10, 0, 6, 1482.60
1639518574, 0, 223, 253, 185, 6, 0.66%, 10, 0, 6, 1468.76
1639518579, 0, 246, 255, 182, 6, 0.66%, 10, 0, 7, 1472.41
1639518584, 0, 250, 262, 186, 3, 0.67%, 10, 0, 7, 1460.63
1639518589, 0, 251, 265, 188, 6, 0.68%, 10, 0, 7, 1445.21
1639518594, 0, 264, 268, 186, 2, 0.68%, 10, 0, 8, 1421.98
1639518599, 0, 265, 272, 189, 1, 0.68%, 10, 0, 9, 1481.21
1639518604, 0, 270, 275, 191, 0, 0.68%, 10, 0, 10, 1485.27
1639518609, 0, 274, 275, 189, 1, 0.68%, 11, 0, 10, 1438.14
1639518614, 1, 27, 275, 185, 0, 0.68%, 11, 0, 10, 1419.60
1639518619, 2, 6, 279, 185, 0, 0.68%, 11, 0, 10, 1400.86
1639518624, 2, 29, 280, 182, 0, 0.68%, 11, 0, 10, 1457.38
1639518629, 2, 57, 281, 180, 0, 0.68%, 11, 0, 10, 1492.66
1639518634, 2, 93, 281, 176, 0, 0.68%, 11, 0, 10, 1468.43
1639518639, 2, 115, 281, 170, 0, 0.68%, 11, 0, 10, 1446.95
1639518645, 2, 151, 282, 163, 0, 0.68%, 12, 0, 10, 1478.09
1639518650, 2, 174, 283, 158, 0, 0.68%, 12, 0, 10, 1459.67
1639518655, 2, 187, 284, 158, 0, 0.68%, 12, 0, 10, 1465.97
1639518660, 2, 197, 284, 155, 0, 0.68%, 12, 0, 10, 1495.64
1639518665, 2, 250, 285, 155, 1, 0.69%, 12, 0, 10, 1486.16
1639518670, 3, 19, 286, 154, 0, 0.69%, 12, 0, 10, 1495.10
1639518675, 4, 8, 288, 150, 0, 0.69%, 12, 0, 10, 2058.98
1639518680, 4, 47, 288, 147, 0, 0.69%, 12, 0, 10, 1870.41
1639518685, 4, 75, 289, 144, 0, 0.69%, 12, 0, 10, 1446.51
1639518690, 4, 113, 289, 136, 0, 0.69%, 12, 0, 10, 1385.24
1639518695, 4, 151, 289, 132, 0, 0.69%, 12, 0, 10, 1374.66
1639518700, 4, 175, 289, 129, 0, 0.69%, 12, 0, 10, 1363.50
1639518705, 4, 189, 290, 129, 0, 0.69%, 13, 0, 10, 1404.28
1639518710, 4, 200, 292, 130, 0, 0.72%, 13, 0, 10, 1410.45
1639518715, 4, 286, 295, 132, 2, 0.72%, 13, 0, 10, 1425.10
1639518720, 4, 291, 296, 133, 3, 0.72%, 13, 0, 10, 1471.70
1639518725, 4, 292, 300, 136, 2, 0.73%, 13, 0, 10, 1482.02
1639518730, 4, 292, 301, 137, 2, 0.73%, 13, 0, 10, 1499.76
1639518736, 4, 294, 306, 141, 3, 0.73%, 13, 0, 10, 1474.63
1639518741, 4, 298, 306, 140, 2, 0.73%, 13, 0, 10, 1468.59
1639518746, 4, 299, 306, 139, 1, 0.73%, 13, 0, 10, 1490.03
1639518751, 4, 299, 306, 139, 1, 0.73%, 15, 0, 10, 1469.02
1639518756, 4, 300, 309, 141, 0, 0.73%, 15, 0, 10, 1457.37
1639518761, 4, 306, 310, 141, 2, 0.74%, 15, 0, 10, 1467.14
