# unix_time, cycles_done, cur_path, paths_total, pending_total, pending_favs, map_size, unique_crashes, unique_hangs, max_depth, execs_per_sec
1639477035, 0, 0, 1, 1, 1, 0.12%, 0, 0, 1, 1600.00
1639477040, 0, 0, 83, 83, 1, 0.42%, 3, 0, 2, 1419.47
1639477045, 0, 1, 96, 95, 36, 0.47%, 4, 0, 3, 1403.44
1639477051, 0, 21, 114, 108, 38, 0.49%, 5, 0, 3, 1398.55
1639477056, 0, 36, 130, 115, 32, 0.51%, 5, 0, 3, 1387.55
1639477061, 0, 58, 138, 113, 25, 0.51%, 5, 0, 3, 1405.37
1639477066, 0, 68, 147, 116, 19, 0.51%, 5, 0, 3, 1396.16
1639477071, 0, 78, 158, 126, 18, 0.53%, 5, 0, 3, 1395.60
1639477076, 0, 94, 166, 128, 17, 0.54%, 6, 0, 4, 1359.43
1639477081, 0, 117, 167, 123, 12, 0.54%, 9, 0, 4, 1383.21
1639477086, 0, 121, 176, 131, 11, 0.55%, 9, 0, 4, 1380.70
1639477091, 0, 150, 180, 128, 10, 0.55%, 9, 0, 4, 1395.50
1639477096, 0, 164, 183, 126, 7, 0.56%, 9, 0, 5, 1335.74
1639477101, 0, 171, 186, 127, 7, 0.56%, 9, 0, 5, 1358.14
1639477106, 0, 174, 199, 138, 6, 0.58%, 11, 0, 5, 1375.27
1639477111, 0, 181, 201, 138, 9, 0.58%, 11, 0, 5, 1380.29
1639477116, 0, 186, 204, 138, 6, 0.59%, 11, 0, 6, 1403.64
1639477121, 0, 189, 207, 140, 6, 0.59%, 12, 0, 6, 1392.73
1639477126, 0, 191, 212, 144, 5, 0.59%, 13, 0, 6, 1394.08
1639477131, 0, 202, 216, 145, 4, 0.61%, 13, 0, 7, 1376.98
1639477137, 0, 202, 217, 146, 4, 0.62%, 13, 0, 7, 1406.34
1639477142, 0, 210, 221, 147, 6, 0.62%, 13, 0, 7, 1371.65
1639477147, 0, 214, 227, 151, 6, 0.63%, 14, 0, 8, 1403.21
1639477152, 0, 225, 231, 151, 4, 0.64%, 14, 0, 8, 1417.97
1639477157, 0, 230, 233, 150, 2, 0.65%, 14, 0, 9, 1415.00
1639477162, 1, 1, 233, 148, 0, 0.65%, 14, 0, 9, 1415.02
1639477167, 1, 33, 233, 145, 0, 0.65%, 14, 0, 9, 1409.62
1639477172, 1, 59, 238, 147, 0, 0.65%, 14, 0, 9, 1224.65
1639477177, 1, 73, 239, 145, 0, 0.65%, 14, 0, 9, 1353.55
1639477182, 1, 87, 240, 139, 0, 0.65%, 14, 0, 9, 1394.55
1639477187, 1, 117, 243, 140, 0, 0.65%, 14, 0, 9, 1396.79
1639477192, 1, 141, 243, 135, 0, 0.65%, 15, 0, 9, 1380.12
1639477197, 1, 157, 244, 134, 0, 0.65%, 15, 0, 9, 1385.66
1639477202, 1, 220, 245, 132, 1, 0.65%, 15, 0, 9, 1382.87
1639477207, 2, 17, 249, 129, 0, 0.65%, 15, 0, 9, 1375.42
1639477212, 2, 44, 249, 126, 0, 0.65%, 15, 0, 9, 1373.60
1639477218, 2, 61, 250, 123, 0, 0.65%, 15, 0, 9, 1390.40
1639477223, 2, 87, 250, 120, 0, 0.65%, 15, 0, 9, 1402.21
1639477228, 2, 104, 250, 118, 0, 0.65%, 15, 0, 9, 1407.24
1639477233, 3, 1, 251, 114, 0, 0.65%, 15, 0, 9, 1418.73
1639477238, 3, 57, 251, 112, 0, 0.65%, 15, 0, 9, 1984.07
1639477244, 3, 87, 251, 111, 0, 0.65%, 15, 0, 9, 1584.36
1639477249, 3, 108, 252, 110, 0, 0.65%, 15, 0, 9, 1460.44
1639477254, 3, 123, 252, 107, 0, 0.65%, 15, 0, 9, 1425.75
1639477259, 3, 146, 253, 104, 0, 0.65%, 15, 0, 9, 1399.30
1639477264, 3, 157, 254, 102, 0, 0.65%, 15, 0, 9, 1416.26
1639477269, 3, 172, 255, 100, 0, 0.65%, 15, 0, 9, 1425.63
1639477274, 3, 179, 255, 98, 0, 0.65%, 15, 0, 9, 1373.05
1639477279, 3, 186, 259, 101, 0, 0.65%, 15, 0, 9, 1406.25
1639477284, 3, 192, 260, 102, 0, 0.65%, 15, 0, 9, 1409.72
1639477289, 3, 203, 261, 102, 0, 0.65%, 16, 0, 9, 1405.17
1639477294, 3, 209, 262, 101, 0, 0.65%, 16, 0, 9, 1405.97
1639477299, 3, 214, 267, 106, 0, 0.65%, 16, 0, 9, 1418.72
1639477304, 3, 224, 267, 106, 0, 0.65%, 16, 0, 9, 1427.65
1639477309, 3, 267, 270, 108, 1, 0.66%, 16, 0, 10, 1398.65
1639477315, 3, 269, 272, 109, 1, 0.66%, 16, 0, 11, 1413.10
1639477320, 3, 270, 273, 109, 1, 0.66%, 16, 0, 12, 1534.39
1639477330, 3, 271, 276, 111, 0, 0.66%, 16, 0, 12, 1370.36
1639477335, 3, 273, 278, 112, 0, 0.66%, 16, 0, 12, 1406.50
