# unix_time, cycles_done, cur_path, paths_total, pending_total, pending_favs, map_size, unique_crashes, unique_hangs, max_depth, execs_per_sec
1639481861, 0, 0, 1, 1, 1, 0.12%, 0, 0, 1, 1142.86
1639481866, 0, 0, 75, 75, 1, 0.44%, 3, 0, 2, 1354.45
1639481871, 0, 12, 89, 86, 36, 0.45%, 3, 0, 3, 1384.79
1639481877, 0, 23, 107, 97, 33, 0.48%, 4, 0, 3, 1401.04
1639481882, 0, 42, 122, 105, 26, 0.50%, 5, 0, 3, 1403.51
1639481887, 0, 46, 134, 115, 26, 0.50%, 5, 0, 3, 1399.62
1639481892, 0, 70, 153, 126, 21, 0.52%, 5, 0, 3, 1397.46
1639481897, 0, 77, 155, 125, 19, 0.52%, 5, 0, 3, 1414.98
1639481902, 0, 91, 165, 131, 16, 0.52%, 5, 0, 4, 1421.89
1639481907, 0, 107, 168, 130, 13, 0.52%, 5, 0, 4, 1418.82
1639481912, 0, 121, 174, 132, 11, 0.53%, 5, 0, 4, 1414.67
1639481917, 0, 150, 189, 141, 6, 0.56%, 6, 0, 4, 1397.73
1639481922, 0, 163, 200, 150, 13, 0.57%, 6, 0, 4, 1418.66
1639481927, 0, 171, 202, 149, 11, 0.57%, 6, 0, 5, 1407.60
1639481932, 0, 183, 208, 154, 10, 0.58%, 6, 0, 5, 1366.89
1639481937, 0, 185, 216, 161, 11, 0.60%, 6, 0, 5, 1416.99
1639481943, 0, 187, 220, 163, 13, 0.61%, 6, 0, 5, 1415.85
1639481948, 0, 192, 227, 168, 12, 0.61%, 7, 0, 5, 1421.44
1639481953, 0, 199, 229, 167, 9, 0.61%, 8, 0, 5, 1433.69
1639481958, 0, 204, 232, 167, 7, 0.61%, 9, 0, 6, 1425.80
1639481963, 0, 215, 236, 169, 5, 0.62%, 9, 0, 6, 1418.93
1639481968, 0, 216, 244, 176, 8, 0.63%, 9, 0, 6, 1385.19
1639481973, 0, 224, 248, 179, 12, 0.63%, 9, 0, 6, 1370.39
1639481978, 0, 232, 251, 179, 9, 0.63%, 9, 0, 6, 1413.53
1639481983, 0, 238, 253, 177, 6, 0.64%, 10, 0, 7, 1404.35
1639481988, 0, 240, 258, 181, 5, 0.64%, 10, 0, 7, 1413.01
1639481993, 0, 251, 260, 181, 3, 0.64%, 10, 0, 8, 1414.78
1639481998, 0, 252, 266, 186, 3, 0.67%, 10, 0, 8, 1415.63
1639482003, 0, 260, 270, 188, 6, 0.68%, 10, 0, 9, 1402.09
1639482008, 0, 262, 277, 193, 4, 0.69%, 10, 0, 9, 1396.38
1639482013, 0, 262, 282, 198, 4, 0.70%, 10, 0, 9, 1420.80
1639482018, 0, 264, 283, 197, 9, 0.70%, 10, 0, 9, 1394.60
1639482023, 0, 268, 286, 198, 8, 0.70%, 10, 0, 9, 1401.53
1639482028, 0, 275, 287, 196, 5, 0.70%, 10, 0, 10, 1394.34
1639482033, 0, 277, 287, 194, 3, 0.70%, 10, 0, 10, 1384.46
1639482038, 0, 287, 288, 192, 1, 0.70%, 10, 0, 10, 1391.72
1639482044, 1, 23, 290, 189, 0, 0.70%, 10, 0, 10, 1403.59
1639482049, 1, 63, 291, 188, 0, 0.70%, 10, 0, 10, 1406.38
1639482054, 1, 87, 292, 186, 0, 0.70%, 10, 0, 10, 1424.12
1639482059, 1, 99, 292, 181, 0, 0.70%, 10, 0, 10, 1424.23
1639482064, 1, 112, 293, 177, 0, 0.70%, 10, 0, 10, 1408.90
1639482069, 1, 132, 293, 173, 0, 0.70%, 10, 0, 10, 1408.50
1639482074, 1, 163, 293, 166, 0, 0.70%, 10, 0, 10, 1411.58
1639482079, 1, 169, 297, 168, 0, 0.70%, 10, 0, 10, 1388.05
1639482089, 1, 296, 301, 170, 1, 0.70%, 10, 0, 10, 1401.67
1639482094, 1, 299, 301, 169, 1, 0.70%, 10, 0, 10, 1423.30
1639482099, 2, 18, 302, 166, 0, 0.70%, 10, 0, 10, 1419.84
1639482105, 2, 52, 302, 165, 0, 0.70%, 10, 0, 10, 1424.23
1639482110, 2, 91, 304, 159, 0, 0.70%, 10, 0, 10, 2171.17
1639482115, 2, 127, 304, 158, 0, 0.70%, 10, 0, 10, 1580.92
1639482120, 2, 162, 304, 154, 0, 0.70%, 10, 0, 10, 1413.43
1639482125, 2, 175, 304, 153, 0, 0.70%, 10, 0, 10, 1405.61
1639482130, 2, 186, 304, 151, 0, 0.70%, 10, 0, 10, 1413.68
1639482135, 2, 190, 304, 151, 0, 0.70%, 10, 0, 10, 1411.12
1639482140, 2, 196, 304, 150, 0, 0.70%, 10, 0, 10, 1405.04
1639482145, 2, 202, 304, 150, 0, 0.70%, 10, 0, 10, 1403.09
1639482151, 2, 212, 304, 147, 0, 0.70%, 10, 0, 10, 1390.97
1639482156, 2, 223, 306, 148, 0, 0.70%, 10, 0, 10, 1406.74
1639482161, 2, 230, 306, 146, 0, 0.70%, 10, 0, 10, 1401.08
