# unix_time, cycles_done, cur_path, paths_total, pending_total, pending_favs, map_size, unique_crashes, unique_hangs, max_depth, execs_per_sec
1639485161, 0, 0, 838, 838, 97, 0.90%, 0, 0, 1, 1274.04
1639485166, 0, 70, 838, 826, 85, 0.90%, 3, 0, 1, 1402.79
1639485171, 0, 154, 838, 816, 76, 0.90%, 3, 0, 1, 1430.69
1639485177, 0, 229, 839, 802, 65, 0.90%, 3, 0, 2, 1769.22
1639485182, 0, 299, 839, 793, 56, 0.90%, 5, 0, 2, 1535.36
1639485187, 0, 344, 839, 783, 47, 0.90%, 6, 0, 2, 1458.99
1639485192, 0, 457, 839, 773, 38, 0.90%, 6, 0, 2, 1433.45
1639485197, 0, 545, 839, 766, 32, 0.90%, 7, 0, 2, 1426.55
1639485202, 0, 646, 839, 757, 23, 0.90%, 8, 0, 2, 1418.44
1639485207, 0, 721, 839, 748, 15, 0.90%, 8, 0, 2, 1418.39
1639485212, 0, 779, 840, 743, 10, 0.90%, 9, 0, 2, 1397.92
1639485217, 0, 818, 840, 736, 5, 0.90%, 9, 0, 2, 1419.38
1639485222, 1, 469, 841, 728, 2, 0.90%, 9, 0, 3, 1432.53
1639485228, 1, 704, 841, 720, 0, 0.90%, 9, 0, 3, 1415.36
1639485233, 1, 724, 841, 716, 0, 0.90%, 9, 0, 3, 1416.40
1639485238, 1, 754, 842, 708, 0, 0.90%, 9, 0, 3, 1414.17
1639485243, 1, 772, 843, 706, 0, 0.90%, 9, 0, 3, 1436.51
1639485248, 1, 785, 843, 699, 0, 0.90%, 9, 0, 3, 1427.11
1639485253, 1, 818, 843, 695, 0, 0.90%, 9, 0, 3, 1441.83
1639485258, 1, 835, 843, 691, 0, 0.90%, 9, 0, 3, 1428.14
1639485263, 2, 14, 844, 685, 0, 0.90%, 9, 0, 3, 1424.75
1639485269, 2, 36, 844, 679, 0, 0.90%, 9, 0, 3, 1396.95
1639485274, 2, 67, 844, 672, 0, 0.90%, 9, 0, 3, 1424.06
1639485279, 2, 95, 844, 664, 0, 0.90%, 9, 0, 3, 1401.26
1639485284, 2, 115, 844, 662, 0, 0.90%, 9, 0, 3, 1380.00
1639485289, 2, 162, 844, 653, 0, 0.90%, 9, 0, 3, 1404.17
1639485294, 2, 182, 844, 647, 0, 0.90%, 9, 0, 3, 1403.44
1639485299, 2, 218, 844, 642, 0, 0.90%, 9, 0, 3, 1410.02
1639485305, 2, 252, 844, 633, 0, 0.90%, 9, 0, 3, 1411.70
1639485310, 2, 276, 844, 627, 0, 0.90%, 10, 0, 3, 1380.79
1639485315, 2, 301, 844, 623, 0, 0.90%, 10, 0, 3, 1368.59
1639485320, 2, 323, 844, 619, 0, 0.90%, 10, 0, 3, 1404.99
1639485325, 2, 342, 844, 613, 0, 0.90%, 10, 0, 3, 1433.18
1639485330, 2, 359, 844, 607, 0, 0.90%, 10, 0, 3, 1432.28
1639485335, 2, 382, 844, 600, 0, 0.90%, 10, 0, 3, 1442.66
1639485341, 2, 415, 844, 591, 0, 0.90%, 10, 0, 3, 1433.99
1639485346, 2, 449, 844, 583, 0, 0.90%, 11, 0, 3, 1403.61
1639485351, 2, 466, 844, 578, 0, 0.90%, 11, 0, 3, 1411.18
1639485356, 2, 488, 844, 570, 0, 0.90%, 11, 0, 3, 1419.67
1639485361, 2, 513, 844, 565, 0, 0.90%, 11, 0, 3, 1407.08
1639485366, 2, 536, 844, 557, 0, 0.90%, 11, 0, 3, 1416.03
1639485371, 2, 560, 844, 550, 0, 0.90%, 11, 0, 3, 1421.05
1639485376, 2, 591, 844, 545, 0, 0.90%, 11, 0, 3, 1420.72
1639485381, 2, 624, 844, 536, 0, 0.90%, 11, 0, 3, 1424.18
1639485386, 2, 646, 844, 530, 0, 0.90%, 11, 0, 3, 1370.70
1639485391, 2, 678, 844, 525, 0, 0.90%, 11, 0, 3, 1372.35
1639485397, 2, 704, 844, 520, 0, 0.90%, 11, 0, 3, 1371.26
1639485402, 2, 736, 844, 517, 0, 0.90%, 11, 0, 3, 1408.74
1639485407, 2, 761, 844, 512, 0, 0.90%, 11, 0, 3, 1406.41
1639485412, 2, 801, 845, 511, 0, 0.90%, 11, 0, 3, 1397.55
1639485417, 2, 824, 845, 506, 0, 0.90%, 12, 0, 3, 1434.49
1639485422, 2, 842, 845, 503, 0, 0.90%, 12, 0, 3, 1441.33
1639485427, 2, 845, 846, 502, 0, 0.90%, 12, 0, 3, 1424.60
1639485432, 3, 30, 846, 498, 0, 0.90%, 12, 0, 3, 1398.28
1639485437, 3, 65, 846, 492, 0, 0.90%, 12, 0, 3, 1405.79
1639485443, 3, 103, 846, 487, 0, 0.90%, 12, 0, 3, 1411.86
1639485448, 3, 125, 846, 481, 0, 0.90%, 12, 0, 3, 1412.32
1639485453, 3, 160, 846, 474, 0, 0.90%, 12, 0, 3, 1442.92
