# unix_time, cycles_done, cur_path, paths_total, pending_total, pending_favs, map_size, unique_crashes, unique_hangs, max_depth, execs_per_sec
1639594851, 0, 0, 1, 1, 1, 0.12%, 0, 0, 1, 1333.33
1639594857, 0, 0, 78, 78, 1, 0.43%, 4, 0, 2, 1360.35
1639594862, 0, 14, 103, 98, 36, 0.44%, 4, 0, 3, 1361.18
1639594867, 0, 14, 111, 106, 36, 0.46%, 4, 0, 3, 1372.62
1639594872, 0, 32, 136, 124, 40, 0.52%, 4, 0, 3, 1342.12
1639594877, 0, 48, 175, 157, 38, 0.55%, 4, 0, 3, 1348.37
1639594882, 0, 71, 184, 156, 31, 0.56%, 4, 0, 3, 1365.18
1639594887, 0, 92, 191, 158, 25, 0.56%, 4, 0, 4, 1374.47
1639594892, 0, 114, 196, 159, 21, 0.56%, 4, 0, 4, 1383.29
1639594897, 0, 132, 204, 164, 18, 0.60%, 5, 0, 4, 1388.44
1639594903, 0, 151, 212, 169, 21, 0.60%, 6, 0, 4, 1385.01
1639594908, 0, 153, 218, 174, 22, 0.61%, 6, 0, 4, 1443.39
1639594913, 0, 167, 225, 179, 20, 0.61%, 6, 0, 4, 1454.50
1639594918, 0, 171, 226, 178, 20, 0.61%, 6, 0, 4, 1465.84
1639594923, 0, 199, 232, 177, 13, 0.61%, 6, 0, 5, 1463.81
1639594928, 0, 203, 237, 179, 13, 0.63%, 6, 0, 5, 1459.60
1639594933, 0, 211, 242, 181, 14, 0.63%, 7, 0, 5, 1463.74
1639594938, 0, 223, 244, 180, 13, 0.64%, 7, 0, 5, 1372.85
1639594943, 0, 230, 250, 184, 11, 0.64%, 7, 0, 5, 1422.93
1639594948, 0, 236, 251, 181, 8, 0.64%, 7, 0, 6, 1460.97
1639594953, 0, 240, 254, 181, 6, 0.64%, 7, 0, 6, 1476.34
1639594958, 0, 241, 257, 183, 5, 0.64%, 7, 0, 6, 1445.99
1639594963, 0, 244, 257, 181, 3, 0.64%, 7, 0, 6, 1432.60
1639594968, 0, 250, 264, 187, 2, 0.64%, 7, 0, 7, 1441.89
1639594973, 0, 266, 272, 193, 3, 0.65%, 7, 0, 8, 1416.42
1639594978, 0, 268, 278, 198, 4, 0.66%, 7, 0, 9, 1422.61
1639594984, 0, 270, 282, 201, 4, 0.66%, 7, 0, 9, 1406.57
1639594989, 0, 277, 291, 209, 4, 0.71%, 7, 0, 10, 1434.36
1639594994, 0, 280, 294, 211, 11, 0.71%, 7, 0, 10, 1412.46
1639594999, 0, 284, 296, 210, 10, 0.71%, 7, 0, 11, 1446.84
1639595004, 0, 286, 300, 212, 8, 0.71%, 7, 0, 11, 1434.44
1639595009, 0, 289, 305, 216, 7, 0.71%, 8, 0, 11, 1456.15
1639595014, 0, 295, 309, 217, 7, 0.71%, 8, 0, 12, 1468.23
1639595019, 0, 306, 309, 215, 6, 0.71%, 8, 0, 12, 1416.40
1639595024, 0, 307, 315, 220, 5, 0.71%, 8, 0, 13, 1405.92
1639595029, 0, 308, 320, 224, 4, 0.72%, 8, 0, 13, 1407.75
1639595035, 1, 272, 321, 216, 1, 0.72%, 8, 0, 13, 2137.65
1639595040, 1, 274, 321, 214, 0, 0.72%, 8, 0, 13, 1537.33
1639595045, 1, 274, 322, 215, 0, 0.72%, 8, 0, 13, 1326.81
1639595050, 1, 282, 324, 215, 0, 0.72%, 8, 0, 13, 1289.71
1639595055, 1, 285, 324, 215, 0, 0.72%, 8, 0, 13, 1308.51
1639595060, 1, 289, 325, 215, 0, 0.72%, 8, 0, 13, 1329.50
1639595065, 1, 298, 325, 214, 0, 0.72%, 8, 0, 13, 1342.96
1639595070, 1, 325, 326, 215, 1, 0.72%, 9, 0, 13, 1323.27
1639595075, 1, 326, 330, 218, 1, 0.72%, 9, 0, 14, 1336.50
1639595080, 1, 328, 333, 220, 2, 0.77%, 9, 0, 15, 1332.89
1639595085, 1, 330, 336, 222, 2, 0.77%, 10, 0, 15, 1338.80
1639595090, 1, 330, 337, 223, 2, 0.77%, 10, 0, 15, 1341.33
1639595095, 1, 332, 339, 224, 5, 0.78%, 10, 0, 16, 1334.02
1639595100, 1, 333, 339, 223, 5, 0.78%, 10, 0, 16, 1327.24
1639595105, 1, 333, 340, 224, 5, 0.78%, 10, 0, 16, 1300.33
1639595110, 1, 334, 340, 223, 4, 0.78%, 10, 0, 16, 1269.12
1639595116, 1, 336, 340, 222, 3, 0.78%, 10, 0, 16, 1196.62
1639595126, 1, 337, 340, 221, 2, 0.78%, 10, 0, 16, 1246.32
1639595136, 1, 338, 342, 222, 1, 0.79%, 10, 0, 17, 1286.24
1639595141, 1, 341, 347, 226, 1, 0.79%, 10, 0, 18, 1290.45
1639595146, 1, 341, 353, 232, 1, 0.80%, 10, 0, 18, 1293.60
1639595151, 1, 345, 355, 233, 5, 0.80%, 10, 0, 19, 1289.22
