# unix_time, cycles_done, cur_path, paths_total, pending_total, pending_favs, map_size, unique_crashes, unique_hangs, max_depth, execs_per_sec
1639546820, 0, 0, 1, 1, 1, 0.11%, 0, 0, 1, 1142.86
1639546825, 0, 0, 72, 72, 1, 0.41%, 3, 0, 2, 1332.37
1639546830, 0, 9, 97, 94, 36, 0.45%, 8, 0, 3, 1525.13
1639546835, 0, 21, 117, 109, 37, 0.50%, 11, 0, 3, 1604.19
1639546840, 0, 39, 139, 123, 32, 0.52%, 12, 0, 3, 1346.58
1639546846, 0, 61, 150, 122, 22, 0.52%, 12, 0, 3, 1386.93
1639546851, 0, 100, 161, 126, 17, 0.53%, 12, 0, 4, 1408.64
1639546856, 0, 120, 170, 128, 13, 0.54%, 12, 0, 4, 1410.87
1639546861, 0, 138, 172, 124, 8, 0.54%, 12, 0, 4, 1427.67
1639546866, 0, 151, 190, 140, 14, 0.59%, 14, 0, 4, 1391.76
1639546871, 0, 166, 197, 146, 17, 0.59%, 14, 0, 5, 1427.64
1639546876, 0, 174, 201, 147, 19, 0.59%, 14, 0, 5, 1416.63
1639546881, 0, 179, 203, 145, 16, 0.60%, 14, 0, 5, 1416.65
1639546886, 0, 182, 209, 148, 13, 0.60%, 14, 0, 5, 1381.82
1639546891, 0, 189, 214, 151, 12, 0.60%, 14, 0, 5, 1402.38
1639546897, 0, 193, 215, 150, 11, 0.60%, 14, 0, 6, 1417.79
1639546902, 0, 198, 216, 148, 9, 0.60%, 14, 0, 6, 1427.39
1639546907, 0, 204, 220, 149, 6, 0.60%, 15, 0, 6, 1410.89
1639546912, 0, 211, 224, 151, 4, 0.60%, 15, 0, 6, 1398.96
1639546917, 1, 31, 224, 147, 1, 0.60%, 15, 0, 6, 1431.75
1639546922, 1, 57, 227, 148, 0, 0.60%, 15, 0, 6, 1443.70
1639546927, 1, 106, 230, 149, 1, 0.61%, 15, 0, 6, 1405.51
1639546932, 2, 17, 230, 143, 0, 0.61%, 15, 0, 6, 1423.31
1639546937, 2, 44, 230, 142, 0, 0.61%, 15, 0, 6, 1445.90
1639546942, 2, 63, 236, 146, 1, 0.61%, 15, 0, 6, 1417.14
1639546947, 2, 196, 236, 144, 1, 0.61%, 15, 0, 6, 1429.53
1639546953, 3, 20, 236, 138, 0, 0.61%, 15, 0, 6, 1433.42
1639546958, 3, 236, 238, 137, 1, 0.63%, 15, 0, 6, 1434.72
1639546963, 4, 18, 238, 133, 0, 0.63%, 15, 0, 6, 1433.20
1639546968, 4, 33, 239, 129, 0, 0.63%, 15, 0, 6, 1457.70
1639546973, 4, 61, 240, 130, 0, 0.63%, 15, 0, 6, 1444.69
1639546978, 4, 227, 241, 129, 1, 0.63%, 15, 0, 6, 1408.63
1639546983, 4, 240, 245, 132, 1, 0.63%, 15, 0, 6, 1414.32
1639546988, 4, 241, 248, 134, 1, 0.63%, 15, 0, 6, 1447.64
1639546993, 4, 241, 249, 135, 1, 0.63%, 15, 0, 6, 1428.74
1639546998, 4, 246, 251, 136, 1, 0.63%, 15, 0, 6, 1407.38
1639547008, 4, 249, 253, 137, 0, 0.63%, 15, 0, 7, 1365.88
1639547013, 4, 249, 255, 139, 0, 0.64%, 15, 0, 7, 1350.02
1639547018, 4, 254, 255, 138, 1, 0.64%, 15, 0, 7, 1365.31
1639547024, 5, 31, 255, 136, 0, 0.64%, 15, 0, 7, 1383.36
1639547029, 5, 60, 255, 134, 0, 0.64%, 15, 0, 7, 1394.67
1639547034, 5, 85, 256, 134, 0, 0.64%, 15, 0, 7, 1396.89
1639547039, 5, 111, 256, 130, 0, 0.64%, 15, 0, 7, 1401.09
1639547044, 5, 129, 258, 130, 0, 0.64%, 15, 0, 7, 1383.00
1639547049, 5, 150, 258, 126, 0, 0.64%, 15, 0, 7, 1421.14
1639547054, 5, 166, 258, 120, 0, 0.64%, 15, 0, 7, 1432.45
1639547059, 5, 175, 258, 119, 0, 0.64%, 15, 0, 7, 1412.09
1639547064, 5, 180, 258, 119, 0, 0.64%, 15, 0, 7, 1396.51
1639547069, 5, 258, 262, 123, 1, 0.64%, 15, 0, 7, 1343.22
1639547079, 5, 260, 264, 124, 1, 0.64%, 15, 0, 7, 1191.38
1639547089, 5, 261, 266, 125, 0, 0.64%, 15, 0, 7, 1327.12
1639547100, 6, 16, 266, 124, 0, 0.64%, 15, 0, 7, 1399.63
1639547105, 6, 39, 266, 124, 0, 0.64%, 15, 0, 7, 1376.13
1639547110, 6, 65, 266, 123, 0, 0.64%, 15, 0, 7, 1370.40
1639547115, 6, 95, 268, 119, 0, 0.64%, 16, 0, 7, 1363.99
