# unix_time, cycles_done, cur_path, paths_total, pending_total, pending_favs, map_size, unique_crashes, unique_hangs, max_depth, execs_per_sec
1639516053, 0, 0, 1, 1, 1, 0.12%, 0, 0, 1, 2000.00
1639516058, 0, 0, 79, 79, 1, 0.41%, 5, 0, 2, 1527.55
1639516063, 0, 23, 108, 101, 37, 0.47%, 6, 0, 3, 1429.41
1639516068, 0, 39, 136, 120, 32, 0.51%, 6, 0, 3, 1406.05
1639516073, 0, 60, 140, 113, 23, 0.52%, 7, 0, 3, 1408.50
1639516079, 0, 87, 155, 123, 18, 0.53%, 8, 0, 3, 1383.08
1639516084, 0, 119, 161, 122, 13, 0.54%, 8, 0, 4, 1393.88
1639516089, 0, 121, 164, 124, 14, 0.54%, 8, 0, 4, 1343.35
1639516094, 0, 126, 173, 132, 15, 0.55%, 8, 0, 4, 1393.52
1639516099, 0, 143, 179, 132, 12, 0.55%, 9, 0, 4, 1424.55
1639516104, 0, 162, 186, 135, 9, 0.56%, 9, 0, 5, 1416.40
1639516109, 0, 162, 189, 138, 9, 0.56%, 10, 0, 5, 1375.67
1639516114, 0, 170, 193, 139, 9, 0.57%, 10, 0, 5, 1372.12
1639516119, 0, 181, 198, 141, 6, 0.57%, 10, 0, 6, 1311.43
1639516124, 0, 181, 207, 150, 6, 0.59%, 11, 0, 6, 1350.65
1639516129, 0, 188, 213, 155, 11, 0.60%, 11, 0, 6, 1393.76
1639516134, 0, 201, 221, 159, 12, 0.62%, 12, 0, 7, 1416.38
1639516139, 0, 207, 223, 157, 8, 0.62%, 14, 0, 7, 1444.26
1639516144, 0, 211, 227, 160, 7, 0.62%, 15, 0, 7, 1377.43
1639516149, 0, 219, 233, 163, 9, 0.65%, 15, 0, 8, 1279.15
1639516154, 0, 226, 234, 162, 7, 0.65%, 15, 0, 8, 1159.02
1639516159, 0, 228, 237, 163, 5, 0.65%, 15, 0, 9, 1172.05
1639516164, 0, 232, 239, 163, 4, 0.65%, 16, 0, 9, 1202.93
1639516170, 1, 8, 245, 167, 2, 0.65%, 16, 0, 10, 1282.66
1639516175, 1, 54, 245, 164, 0, 0.65%, 16, 0, 10, 1371.20
1639516180, 1, 79, 246, 160, 0, 0.65%, 16, 0, 10, 1433.90
1639516185, 1, 96, 248, 158, 0, 0.65%, 16, 0, 10, 1449.60
1639516190, 1, 120, 248, 153, 0, 0.65%, 16, 0, 10, 1452.83
1639516195, 1, 138, 249, 149, 0, 0.65%, 16, 0, 10, 1455.51
1639516200, 1, 159, 251, 148, 0, 0.65%, 17, 0, 10, 1464.53
1639516205, 1, 170, 251, 146, 0, 0.65%, 17, 0, 10, 1454.72
1639516210, 1, 180, 251, 145, 0, 0.65%, 17, 0, 10, 1455.11
1639516215, 1, 188, 251, 144, 0, 0.65%, 17, 0, 10, 1447.19
1639516220, 1, 201, 252, 143, 0, 0.65%, 17, 0, 10, 1436.00
1639516225, 1, 206, 253, 144, 0, 0.65%, 17, 0, 10, 1404.61
1639516230, 1, 214, 255, 146, 0, 0.65%, 18, 0, 10, 1430.63
1639516236, 1, 226, 257, 146, 0, 0.65%, 18, 0, 10, 2323.91
1639516241, 1, 257, 259, 148, 1, 0.65%, 18, 0, 10, 1585.37
1639516246, 1, 259, 263, 151, 2, 0.66%, 18, 0, 11, 1412.32
1639516251, 1, 260, 264, 151, 2, 0.66%, 18, 0, 11, 1322.41
1639516256, 1, 260, 266, 153, 2, 0.66%, 18, 0, 11, 1356.47
1639516261, 1, 261, 269, 155, 2, 0.66%, 18, 0, 12, 1418.61
1639516266, 1, 261, 271, 157, 2, 0.67%, 18, 0, 12, 1450.38
1639516271, 1, 265, 272, 157, 2, 0.67%, 18, 0, 12, 1461.50
1639516276, 1, 269, 273, 157, 1, 0.67%, 18, 0, 13, 1441.22
1639516281, 2, 10, 273, 152, 0, 0.67%, 18, 0, 13, 1419.14
1639516286, 2, 39, 273, 148, 0, 0.67%, 19, 0, 13, 1384.00
1639516291, 2, 65, 276, 150, 0, 0.67%, 19, 0, 13, 1391.48
1639516297, 2, 87, 277, 149, 0, 0.67%, 20, 0, 13, 1389.22
1639516302, 2, 127, 277, 145, 0, 0.67%, 20, 0, 13, 1377.84
1639516307, 2, 138, 277, 142, 0, 0.67%, 20, 0, 13, 1363.11
1639516312, 2, 157, 281, 144, 0, 0.67%, 20, 0, 13, 1350.00
1639516317, 2, 167, 281, 142, 0, 0.67%, 20, 0, 13, 1354.86
1639516322, 2, 177, 281, 142, 0, 0.67%, 20, 0, 13, 1404.85
1639516327, 2, 193, 281, 141, 0, 0.67%, 20, 0, 13, 1432.90
1639516332, 2, 202, 281, 139, 0, 0.67%, 20, 0, 13, 1440.54
1639516337, 2, 208, 283, 141, 0, 0.67%, 20, 0, 13, 1440.15
1639516342, 2, 219, 283, 139, 0, 0.67%, 20, 0, 13, 1455.75
1639516347, 2, 227, 284, 138, 0, 0.67%, 20, 0, 13, 1429.40
1639516352, 3, 2, 285, 137, 0, 0.67%, 20, 0, 13, 1441.45
