# unix_time, cycles_done, cur_path, paths_total, pending_total, pending_favs, map_size, unique_crashes, unique_hangs, max_depth, execs_per_sec
1639561899, 0, 0, 1, 1, 1, 0.11%, 0, 0, 1, 1600.00
1639561904, 0, 0, 78, 78, 1, 0.42%, 1, 0, 2, 1440.10
1639561909, 0, 13, 98, 94, 36, 0.45%, 2, 0, 3, 1373.21
1639561914, 0, 28, 119, 110, 35, 0.49%, 3, 0, 3, 1339.66
1639561920, 0, 56, 146, 125, 27, 0.52%, 3, 0, 3, 1383.08
1639561925, 0, 62, 167, 143, 24, 0.54%, 3, 0, 3, 1858.19
1639561930, 0, 87, 186, 153, 23, 0.55%, 4, 0, 3, 1960.88
1639561935, 0, 130, 194, 153, 17, 0.56%, 4, 0, 4, 1453.25
1639561940, 0, 171, 199, 149, 10, 0.57%, 4, 0, 4, 1394.09
1639561945, 0, 186, 199, 143, 4, 0.57%, 4, 0, 4, 1385.72
1639561950, 0, 197, 210, 151, 2, 0.61%, 4, 0, 5, 1358.52
1639561955, 0, 204, 217, 155, 8, 0.62%, 4, 0, 6, 1352.28
1639561960, 0, 205, 218, 155, 11, 0.62%, 4, 0, 6, 1382.01
1639561965, 0, 211, 219, 150, 5, 0.62%, 5, 0, 6, 1390.43
1639561970, 0, 214, 224, 152, 2, 0.62%, 5, 0, 7, 1376.46
1639561975, 1, 6, 224, 148, 0, 0.62%, 5, 0, 7, 1365.56
1639561980, 2, 9, 226, 144, 0, 0.63%, 7, 0, 7, 1373.98
1639561985, 2, 46, 228, 145, 0, 0.63%, 7, 0, 7, 1383.37
1639561990, 2, 66, 229, 142, 0, 0.63%, 7, 0, 7, 1394.57
1639561995, 2, 77, 229, 139, 0, 0.63%, 7, 0, 7, 1348.33
1639562000, 2, 89, 231, 137, 0, 0.63%, 7, 0, 7, 1201.57
1639562005, 3, 13, 233, 136, 0, 0.63%, 8, 0, 7, 1249.81
1639562010, 3, 37, 235, 136, 0, 0.63%, 8, 0, 7, 1260.53
1639562016, 3, 65, 236, 135, 0, 0.63%, 8, 0, 7, 1354.67
1639562021, 3, 85, 237, 135, 0, 0.63%, 8, 0, 7, 1411.84
1639562026, 3, 109, 238, 134, 0, 0.63%, 8, 0, 7, 1393.10
1639562031, 3, 238, 244, 138, 1, 0.64%, 9, 0, 7, 1360.34
1639562036, 3, 240, 246, 139, 3, 0.64%, 10, 0, 7, 1339.54
1639562041, 3, 241, 250, 142, 2, 0.64%, 10, 0, 7, 1368.55
1639562046, 3, 242, 253, 144, 4, 0.65%, 10, 0, 7, 1367.09
1639562051, 3, 248, 254, 144, 4, 0.65%, 11, 0, 7, 1333.22
1639562056, 3, 249, 257, 146, 3, 0.65%, 12, 0, 7, 1360.75
1639562061, 3, 251, 261, 149, 3, 0.65%, 13, 0, 7, 1255.31
1639562066, 3, 252, 261, 148, 2, 0.65%, 13, 0, 7, 1335.75
1639562071, 3, 252, 264, 151, 2, 0.65%, 13, 0, 7, 1262.83
1639562076, 3, 260, 266, 152, 1, 0.65%, 14, 0, 8, 1327.02
1639562082, 4, 8, 268, 153, 0, 0.65%, 14, 0, 8, 1336.22
1639562087, 4, 44, 269, 152, 0, 0.65%, 14, 0, 8, 1331.93
1639562092, 4, 73, 270, 152, 0, 0.65%, 14, 0, 8, 1377.90
1639562097, 4, 93, 270, 150, 0, 0.65%, 15, 0, 8, 1382.04
1639562102, 4, 116, 270, 145, 0, 0.65%, 15, 0, 8, 1386.71
1639562107, 4, 139, 271, 141, 0, 0.65%, 15, 0, 8, 1383.64
1639562112, 4, 177, 272, 137, 0, 0.65%, 15, 0, 8, 1384.47
1639562117, 4, 193, 272, 136, 0, 0.65%, 15, 0, 8, 1380.12
1639562122, 4, 204, 272, 135, 0, 0.65%, 15, 0, 8, 1342.63
1639562128, 4, 272, 275, 137, 1, 0.65%, 15, 0, 8, 1358.65
1639562138, 5, 41, 277, 137, 0, 0.65%, 15, 0, 8, 1337.40
1639562143, 5, 69, 277, 136, 0, 0.65%, 15, 0, 8, 1373.63
1639562148, 5, 92, 277, 134, 0, 0.65%, 15, 0, 8, 1351.21
1639562153, 5, 120, 278, 132, 0, 0.65%, 15, 0, 8, 1335.85
1639562158, 5, 150, 278, 126, 0, 0.65%, 15, 0, 8, 1372.88
1639562163, 5, 168, 278, 121, 0, 0.65%, 15, 0, 8, 1384.19
1639562168, 5, 186, 278, 118, 0, 0.65%, 15, 0, 8, 1374.62
1639562173, 5, 199, 278, 117, 0, 0.65%, 15, 0, 8, 1390.90
1639562178, 5, 206, 280, 118, 0, 0.65%, 15, 0, 8, 1394.50
1639562183, 5, 210, 281, 119, 0, 0.66%, 15, 0, 8, 1393.55
1639562188, 5, 280, 284, 122, 1, 0.69%, 15, 0, 8, 1380.20
1639562194, 5, 281, 287, 124, 5, 0.69%, 15, 0, 8, 1400.14
1639562199, 5, 282, 290, 126, 4, 0.70%, 15, 0, 8, 1386.62
