# unix_time, cycles_done, cur_path, paths_total, pending_total, pending_favs, map_size, unique_crashes, unique_hangs, max_depth, execs_per_sec
1639440488, 0, 0, 846, 846, 76, 0.66%, 0, 0, 1, 1273.62
1639440493, 0, 192, 852, 841, 68, 0.67%, 3, 0, 2, 1410.59
1639440498, 0, 298, 855, 832, 57, 0.67%, 5, 0, 2, 1714.14
1639440503, 0, 362, 863, 834, 52, 0.67%, 5, 0, 2, 1504.87
1639440508, 0, 446, 863, 824, 42, 0.67%, 5, 0, 2, 1447.88
1639440513, 0, 547, 864, 817, 34, 0.67%, 5, 0, 2, 1461.78
1639440518, 0, 644, 864, 808, 26, 0.67%, 5, 0, 2, 1434.43
1639440523, 0, 724, 864, 798, 17, 0.67%, 5, 0, 2, 1442.67
1639440528, 0, 793, 868, 796, 12, 0.68%, 6, 0, 2, 1451.06
1639440533, 0, 850, 868, 788, 6, 0.68%, 7, 0, 2, 1420.50
1639440538, 1, 12, 869, 780, 0, 0.68%, 7, 0, 3, 1447.22
1639440543, 1, 33, 871, 775, 0, 0.68%, 8, 0, 3, 1372.35
1639440549, 1, 92, 871, 768, 0, 0.68%, 8, 0, 3, 1374.46
1639440554, 1, 125, 871, 759, 0, 0.68%, 8, 0, 3, 1424.56
1639440559, 2, 8, 872, 754, 0, 0.68%, 8, 0, 3, 1440.89
1639440564, 2, 36, 872, 747, 0, 0.68%, 8, 0, 3, 1459.28
1639440569, 2, 72, 872, 739, 0, 0.68%, 10, 0, 3, 1452.16
1639440574, 2, 127, 872, 731, 0, 0.68%, 10, 0, 3, 1454.71
1639440579, 2, 168, 872, 722, 0, 0.68%, 10, 0, 3, 1452.39
1639440584, 2, 184, 872, 714, 0, 0.68%, 10, 0, 3, 1433.87
1639440589, 2, 214, 873, 709, 0, 0.68%, 10, 0, 3, 1437.41
1639440594, 2, 236, 873, 704, 0, 0.68%, 10, 0, 3, 1453.69
1639440599, 2, 271, 875, 699, 0, 0.68%, 10, 0, 3, 1462.42
1639440604, 2, 294, 875, 692, 0, 0.68%, 10, 0, 3, 1430.17
1639440610, 2, 322, 875, 687, 0, 0.68%, 10, 0, 3, 1457.26
1639440615, 2, 347, 875, 679, 0, 0.68%, 10, 0, 3, 1426.29
1639440620, 2, 371, 875, 673, 0, 0.68%, 10, 0, 3, 1443.10
1639440625, 2, 404, 875, 666, 0, 0.68%, 10, 0, 3, 1443.05
1639440630, 2, 425, 875, 660, 0, 0.68%, 10, 0, 3, 1466.56
1639440635, 2, 439, 875, 655, 0, 0.68%, 10, 0, 3, 1461.77
1639440640, 2, 463, 875, 648, 0, 0.68%, 10, 0, 3, 1461.49
1639440646, 2, 494, 875, 641, 0, 0.68%, 10, 0, 3, 1435.67
1639440651, 2, 515, 875, 636, 0, 0.68%, 11, 0, 3, 1418.76
1639440656, 2, 544, 875, 629, 0, 0.68%, 11, 0, 3, 1442.89
1639440661, 2, 576, 875, 623, 0, 0.68%, 11, 0, 3, 1459.53
1639440666, 2, 610, 875, 617, 0, 0.68%, 11, 0, 3, 1436.86
1639440671, 2, 647, 875, 612, 0, 0.68%, 11, 0, 3, 1438.33
1639440676, 2, 683, 875, 604, 0, 0.68%, 11, 0, 3, 1437.99
1639440681, 2, 702, 875, 599, 0, 0.68%, 11, 0, 3, 1462.17
1639440686, 2, 726, 875, 594, 0, 0.68%, 11, 0, 3, 1461.69
1639440691, 2, 750, 875, 585, 0, 0.68%, 11, 0, 3, 1469.13
1639440696, 2, 786, 875, 578, 0, 0.68%, 11, 0, 3, 1458.47
1639440701, 2, 816, 875, 572, 0, 0.68%, 11, 0, 3, 1443.39
1639440707, 2, 841, 875, 567, 0, 0.68%, 11, 0, 3, 1439.29
1639440712, 2, 864, 875, 562, 0, 0.68%, 12, 0, 3, 1445.78
1639440717, 3, 51, 875, 558, 0, 0.68%, 12, 0, 3, 1459.37
1639440722, 3, 123, 875, 550, 0, 0.68%, 12, 0, 3, 1478.23
1639440727, 3, 174, 875, 543, 0, 0.68%, 12, 0, 3, 1432.63
1639440732, 3, 196, 875, 539, 0, 0.68%, 12, 0, 3, 1434.97
1639440737, 3, 221, 875, 535, 0, 0.68%, 12, 0, 3, 1462.08
1639440742, 3, 236, 876, 532, 0, 0.68%, 12, 0, 3, 1434.76
1639440747, 3, 270, 876, 527, 0, 0.68%, 12, 0, 3, 1395.66
1639440752, 3, 291, 876, 520, 0, 0.68%, 12, 0, 3, 1440.92
1639440757, 3, 329, 876, 515, 0, 0.68%, 12, 0, 3, 1446.76
1639440762, 3, 364, 876, 511, 0, 0.68%, 12, 0, 3, 1449.49
1639440767, 3, 412, 876, 503, 0, 0.68%, 12, 0, 3, 1462.74
1639440772, 3, 436, 876, 499, 0, 0.68%, 12, 0, 3, 1429.11
1639440777, 3, 464, 876, 494, 0, 0.68%, 12, 0, 3, 1452.02
1639440783, 3, 497, 876, 490, 0, 0.68%, 12, 0, 3, 1437.49
