# unix_time, cycles_done, cur_path, paths_total, pending_total, pending_favs, map_size, unique_crashes, unique_hangs, max_depth, execs_per_sec
1639547423, 0, 0, 1, 1, 1, 0.12%, 0, 0, 1, 1333.33
1639547428, 0, 0, 78, 78, 1, 0.45%, 4, 0, 2, 1321.56
1639547433, 0, 12, 100, 96, 36, 0.49%, 4, 0, 3, 1328.74
1639547438, 0, 30, 118, 108, 35, 0.51%, 4, 0, 3, 1975.57
1639547443, 0, 47, 127, 106, 24, 0.51%, 4, 0, 3, 1455.33
1639547448, 0, 74, 155, 125, 19, 0.54%, 5, 0, 3, 1311.67
1639547453, 0, 111, 165, 126, 11, 0.54%, 6, 0, 4, 1298.69
1639547458, 0, 135, 175, 133, 10, 0.55%, 6, 0, 4, 1315.47
1639547463, 0, 150, 185, 139, 8, 0.57%, 6, 0, 4, 1336.23
1639547469, 0, 158, 196, 148, 15, 0.60%, 7, 0, 4, 1352.26
1639547474, 0, 172, 199, 147, 12, 0.60%, 7, 0, 5, 1362.48
1639547479, 0, 177, 206, 152, 11, 0.60%, 7, 0, 5, 1364.69
1639547484, 0, 179, 218, 162, 12, 0.61%, 7, 0, 5, 1404.41
1639547489, 0, 179, 220, 164, 12, 0.61%, 7, 0, 5, 1444.50
1639547494, 0, 192, 222, 162, 10, 0.61%, 7, 0, 5, 1448.04
1639547499, 0, 199, 224, 161, 7, 0.61%, 7, 0, 6, 1461.81
1639547504, 0, 204, 230, 166, 6, 0.61%, 7, 0, 6, 1446.44
1639547509, 0, 216, 235, 168, 5, 0.63%, 9, 0, 6, 1438.20
1639547514, 0, 231, 239, 169, 4, 0.64%, 9, 0, 7, 1422.42
1639547519, 0, 232, 242, 171, 6, 0.64%, 9, 0, 7, 1426.16
1639547524, 0, 240, 246, 171, 3, 0.64%, 9, 0, 8, 1393.89
1639547530, 0, 245, 256, 179, 2, 0.65%, 9, 0, 9, 1255.71
1639547535, 0, 256, 260, 180, 2, 0.65%, 9, 0, 11, 1272.66
1639547540, 0, 258, 263, 182, 3, 0.69%, 9, 0, 11, 438.42
1639547545, 0, 260, 274, 191, 2, 0.71%, 9, 0, 12, 1105.00
1639547550, 0, 260, 276, 193, 2, 0.71%, 9, 0, 12, 1124.40
1639547555, 0, 263, 279, 195, 13, 0.71%, 9, 0, 12, 1224.02
1639547560, 0, 271, 281, 190, 6, 0.72%, 9, 0, 13, 1342.27
1639547565, 0, 275, 281, 187, 3, 0.72%, 9, 0, 13, 1285.00
1639547570, 1, 138, 284, 187, 1, 0.72%, 10, 0, 13, 1342.49
1639547575, 1, 283, 285, 185, 1, 0.72%, 10, 0, 13, 1409.41
1639547580, 2, 249, 289, 186, 1, 0.72%, 10, 0, 13, 1410.17
1639547591, 3, 15, 290, 183, 0, 0.72%, 10, 0, 13, 1425.76
1639547596, 3, 36, 292, 180, 0, 0.72%, 10, 0, 13, 1425.59
1639547601, 3, 209, 295, 180, 1, 0.72%, 10, 0, 13, 1393.50
1639547606, 3, 225, 296, 180, 1, 0.72%, 11, 0, 13, 1428.58
1639547611, 3, 292, 298, 182, 1, 0.73%, 11, 0, 13, 1446.68
1639547616, 3, 297, 302, 185, 1, 0.73%, 11, 0, 13, 1403.74
1639547621, 3, 298, 305, 187, 0, 0.73%, 11, 0, 13, 1375.25
1639547626, 3, 299, 305, 186, 0, 0.73%, 11, 0, 13, 1377.87
1639547631, 4, 8, 305, 184, 0, 0.73%, 11, 0, 13, 1399.69
1639547636, 4, 39, 305, 181, 0, 0.73%, 11, 0, 13, 1438.03
1639547641, 4, 51, 305, 180, 0, 0.73%, 11, 0, 13, 1455.49
1639547646, 4, 76, 308, 179, 0, 0.73%, 12, 0, 13, 1426.48
1639547652, 4, 88, 308, 172, 0, 0.73%, 12, 0, 13, 1447.22
1639547657, 4, 308, 313, 177, 1, 0.78%, 14, 0, 13, 1440.43
1639547662, 4, 308, 316, 180, 1, 0.78%, 14, 0, 13, 1435.10
1639547667, 4, 312, 318, 181, 3, 0.78%, 14, 0, 13, 1382.87
1639547672, 4, 312, 319, 182, 3, 0.78%, 14, 0, 13, 1240.30
1639547677, 4, 314, 323, 185, 5, 0.79%, 14, 0, 13, 1409.26
1639547682, 4, 315, 323, 184, 5, 0.79%, 14, 0, 13, 1423.46
1639547687, 4, 316, 323, 183, 4, 0.79%, 14, 0, 13, 1439.32
1639547692, 4, 317, 323, 182, 3, 0.79%, 14, 0, 13, 1440.20
1639547702, 4, 318, 323, 181, 2, 0.79%, 15, 0, 13, 1442.97
1639547707, 4, 322, 327, 184, 1, 0.79%, 15, 0, 13, 1439.84
1639547712, 4, 323, 333, 189, 2, 0.79%, 15, 0, 13, 1430.93
1639547717, 4, 323, 334, 190, 2, 0.81%, 15, 0, 13, 1438.22
1639547722, 4, 325, 334, 189, 3, 0.81%, 15, 0, 13, 1428.14
