# unix_time, cycles_done, cur_path, paths_total, pending_total, pending_favs, map_size, unique_crashes, unique_hangs, max_depth, execs_per_sec
1639442008, 0, 0, 1, 1, 1, 0.12%, 0, 0, 1, 1600.00
1639442013, 0, 0, 81, 81, 1, 0.48%, 3, 0, 2, 1595.07
1639442018, 0, 11, 104, 99, 37, 0.50%, 3, 0, 3, 1462.45
1639442023, 0, 16, 127, 120, 44, 0.53%, 3, 0, 3, 1472.17
1639442028, 0, 31, 152, 134, 34, 0.53%, 3, 0, 3, 1438.62
1639442033, 0, 42, 165, 140, 25, 0.53%, 4, 0, 3, 1460.39
1639442038, 0, 78, 166, 128, 12, 0.53%, 4, 0, 3, 1493.38
1639442043, 0, 139, 170, 121, 3, 0.54%, 4, 0, 4, 1474.21
1639442048, 0, 169, 177, 126, 3, 0.55%, 4, 0, 5, 1463.96
1639442053, 0, 174, 177, 123, 2, 0.55%, 4, 0, 5, 1388.06
1639442058, 1, 18, 179, 120, 0, 0.55%, 4, 0, 6, 1423.72
1639442063, 1, 40, 179, 118, 0, 0.55%, 4, 0, 6, 1454.82
1639442068, 1, 64, 182, 118, 0, 0.55%, 5, 0, 6, 1450.82
1639442074, 2, 10, 184, 111, 0, 0.55%, 5, 0, 6, 1452.38
1639442079, 2, 33, 184, 110, 0, 0.55%, 5, 0, 6, 1471.64
1639442084, 2, 54, 184, 108, 0, 0.55%, 5, 0, 6, 1470.23
1639442089, 2, 188, 199, 122, 4, 0.58%, 5, 0, 6, 1443.43
1639442094, 2, 188, 202, 125, 4, 0.59%, 5, 0, 6, 1479.64
1639442099, 2, 194, 208, 128, 8, 0.59%, 5, 0, 6, 1476.73
1639442104, 2, 197, 209, 127, 7, 0.59%, 5, 0, 6, 1474.36
1639442109, 2, 200, 214, 131, 6, 0.59%, 5, 0, 6, 1473.23
1639442114, 2, 202, 217, 132, 6, 0.61%, 5, 0, 6, 1486.79
1639442119, 2, 203, 222, 136, 5, 0.62%, 5, 0, 6, 1446.64
1639442124, 2, 210, 223, 135, 7, 0.62%, 5, 0, 6, 1472.85
1639442129, 2, 215, 230, 141, 6, 0.63%, 5, 0, 6, 1473.28
1639442134, 2, 219, 233, 141, 4, 0.63%, 5, 0, 6, 1458.79
1639442139, 2, 225, 234, 140, 2, 0.63%, 5, 0, 7, 1470.46
1639442145, 3, 4, 235, 138, 0, 0.63%, 5, 0, 7, 2565.00
1639442150, 3, 33, 236, 138, 0, 0.63%, 5, 0, 7, 2356.05
1639442155, 3, 237, 248, 148, 2, 0.64%, 5, 0, 7, 1958.77
1639442160, 3, 238, 253, 152, 6, 0.65%, 5, 0, 7, 1556.18
1639442165, 3, 245, 254, 152, 5, 0.65%, 5, 0, 7, 1479.68
1639442170, 3, 246, 257, 154, 4, 0.65%, 6, 0, 7, 1453.98
1639442175, 3, 248, 261, 157, 3, 0.65%, 6, 0, 7, 1460.37
1639442180, 3, 249, 264, 159, 3, 0.65%, 7, 0, 7, 1453.72
1639442185, 3, 258, 266, 159, 2, 0.65%, 7, 0, 7, 1469.42
1639442190, 3, 263, 268, 160, 1, 0.65%, 7, 0, 7, 1489.33
1639442195, 4, 27, 269, 159, 0, 0.65%, 7, 0, 7, 1480.75
1639442201, 4, 54, 272, 162, 0, 0.65%, 7, 0, 7, 1458.57
1639442206, 4, 90, 272, 160, 0, 0.65%, 7, 0, 7, 1468.71
1639442211, 4, 139, 274, 156, 0, 0.65%, 9, 0, 7, 1445.64
1639442216, 4, 274, 277, 158, 1, 0.65%, 9, 0, 7, 1464.05
1639442221, 4, 276, 279, 159, 1, 0.65%, 9, 0, 7, 1467.00
1639442226, 5, 13, 279, 158, 0, 0.65%, 9, 0, 7, 1476.18
1639442231, 5, 40, 279, 157, 0, 0.65%, 9, 0, 7, 1475.71
1639442236, 5, 62, 279, 155, 0, 0.65%, 9, 0, 7, 1469.07
1639442241, 5, 98, 279, 148, 0, 0.65%, 9, 0, 7, 1435.00
1639442246, 5, 279, 282, 148, 1, 0.65%, 9, 0, 7, 1426.48
1639442251, 5, 279, 283, 149, 1, 0.65%, 9, 0, 7, 1459.10
1639442256, 6, 4, 283, 147, 0, 0.65%, 9, 0, 7, 1469.56
1639442261, 6, 32, 283, 147, 0, 0.65%, 9, 0, 7, 1473.61
1639442266, 6, 58, 283, 146, 0, 0.65%, 9, 0, 7, 1468.52
1639442272, 6, 283, 284, 144, 1, 0.66%, 9, 0, 7, 1478.99
1639442277, 6, 283, 287, 147, 1, 0.69%, 10, 0, 7, 1343.14
1639442282, 6, 284, 295, 154, 5, 0.70%, 11, 0, 7, 1425.03
1639442287, 6, 286, 297, 155, 12, 0.71%, 12, 0, 7, 1456.84
1639442292, 6, 287, 300, 157, 11, 0.71%, 12, 0, 7, 1470.16
1639442297, 6, 287, 304, 161, 11, 0.72%, 12, 0, 7, 1459.31
1639442302, 6, 289, 305, 160, 12, 0.72%, 12, 0, 7, 1451.39
1639442307, 6, 290, 306, 160, 12, 0.72%, 12, 0, 7, 1469.72
