# unix_time, cycles_done, cur_path, paths_total, pending_total, pending_favs, map_size, unique_crashes, unique_hangs, max_depth, execs_per_sec
1639591088, 0, 0, 591, 591, 98, 0.90%, 0, 0, 1, 1038.89
1639591093, 0, 66, 592, 582, 88, 0.90%, 3, 0, 2, 1336.88
1639591098, 0, 80, 593, 577, 82, 0.90%, 5, 0, 2, 1367.52
1639591103, 0, 118, 594, 572, 75, 0.90%, 5, 0, 2, 1399.40
1639591109, 0, 171, 594, 564, 68, 0.90%, 6, 0, 2, 1383.42
1639591114, 0, 240, 595, 555, 60, 0.90%, 6, 0, 2, 1373.23
1639591119, 0, 312, 595, 544, 49, 0.90%, 8, 0, 2, 1371.25
1639591124, 0, 345, 595, 537, 42, 0.90%, 8, 0, 2, 1386.75
1639591129, 0, 370, 596, 528, 32, 0.90%, 8, 0, 2, 1402.25
1639591134, 0, 398, 597, 523, 29, 0.90%, 8, 0, 2, 1441.81
1639591139, 0, 489, 598, 513, 19, 0.90%, 9, 0, 2, 1417.01
1639591144, 0, 522, 598, 504, 10, 0.90%, 10, 0, 2, 1432.02
1639591149, 0, 596, 598, 495, 1, 0.90%, 10, 0, 2, 1447.89
1639591154, 1, 26, 598, 490, 0, 0.90%, 11, 0, 2, 1456.69
1639591159, 1, 59, 598, 485, 0, 0.90%, 11, 0, 2, 1445.84
1639591165, 1, 73, 598, 482, 0, 0.90%, 12, 0, 2, 1463.09
1639591170, 1, 91, 598, 481, 0, 0.90%, 13, 0, 2, 1426.77
1639591175, 1, 116, 598, 475, 0, 0.90%, 13, 0, 2, 1422.20
1639591180, 1, 132, 598, 471, 0, 0.90%, 13, 0, 2, 1434.96
1639591185, 1, 163, 598, 465, 0, 0.90%, 13, 0, 2, 1443.57
1639591190, 1, 191, 598, 459, 0, 0.90%, 13, 0, 2, 1418.95
1639591195, 1, 212, 598, 451, 0, 0.90%, 13, 0, 2, 1407.25
1639591201, 1, 237, 598, 444, 0, 0.90%, 13, 0, 2, 1403.82
1639591206, 1, 274, 598, 437, 0, 0.90%, 13, 0, 2, 1432.73
1639591211, 1, 308, 598, 430, 0, 0.90%, 14, 0, 2, 1416.80
1639591216, 1, 329, 598, 427, 0, 0.90%, 14, 0, 2, 1418.29
1639591221, 1, 350, 598, 426, 0, 0.90%, 14, 0, 2, 1425.11
1639591226, 1, 363, 599, 423, 0, 0.90%, 14, 0, 2, 1417.33
1639591231, 1, 388, 599, 418, 0, 0.90%, 14, 0, 2, 1812.80
1639591236, 1, 399, 599, 414, 0, 0.90%, 14, 0, 2, 1444.96
1639591242, 1, 415, 600, 409, 0, 0.90%, 14, 0, 2, 1393.23
1639591247, 1, 443, 600, 402, 0, 0.90%, 14, 0, 2, 1386.26
1639591252, 1, 471, 600, 396, 0, 0.90%, 14, 0, 2, 1420.81
1639591257, 1, 499, 602, 391, 0, 0.90%, 14, 0, 2, 1420.51
1639591262, 1, 602, 603, 390, 1, 0.90%, 14, 0, 2, 1405.66
1639591267, 2, 19, 604, 383, 0, 0.90%, 14, 0, 2, 1388.58
1639591272, 2, 45, 604, 379, 0, 0.90%, 14, 0, 2, 1410.35
1639591277, 2, 61, 604, 374, 0, 0.90%, 14, 0, 2, 1368.89
1639591282, 2, 70, 605, 373, 0, 0.90%, 14, 0, 2, 1338.28
1639591287, 2, 84, 605, 369, 0, 0.90%, 14, 0, 2, 1329.34
1639591292, 2, 100, 605, 365, 0, 0.90%, 14, 0, 2, 1299.36
1639591297, 2, 124, 605, 360, 0, 0.90%, 14, 0, 2, 1297.96
1639591302, 2, 148, 605, 358, 0, 0.90%, 14, 0, 2, 1260.15
1639591308, 2, 169, 605, 352, 0, 0.90%, 14, 0, 2, 1242.33
1639591313, 2, 186, 605, 347, 0, 0.90%, 14, 0, 2, 1143.65
1639591318, 2, 215, 605, 344, 0, 0.90%, 14, 0, 2, 1127.73
1639591323, 2, 242, 605, 340, 0, 0.90%, 14, 0, 2, 998.91
1639591328, 2, 284, 605, 336, 0, 0.90%, 14, 0, 2, 981.57
1639591333, 2, 300, 605, 332, 0, 0.90%, 14, 0, 2, 976.17
1639591338, 2, 320, 605, 330, 0, 0.90%, 14, 0, 2, 991.13
1639591343, 2, 338, 605, 327, 0, 0.90%, 14, 0, 2, 1087.36
1639591348, 2, 354, 605, 325, 0, 0.90%, 14, 0, 2, 1180.05
1639591353, 2, 382, 605, 323, 0, 0.90%, 14, 0, 2, 1265.32
1639591359, 2, 398, 605, 319, 0, 0.90%, 14, 0, 2, 1339.29
1639591364, 2, 438, 605, 313, 0, 0.90%, 14, 0, 2, 1414.53
1639591369, 2, 455, 605, 309, 0, 0.90%, 14, 0, 2, 1435.38
1639591374, 2, 495, 606, 305, 0, 0.90%, 16, 0, 2, 1442.13
1639591379, 2, 517, 606, 304, 0, 0.90%, 16, 0, 2, 1425.98
