# unix_time, cycles_done, cur_path, paths_total, pending_total, pending_favs, map_size, unique_crashes, unique_hangs, max_depth, execs_per_sec
1639552549, 0, 0, 1, 1, 1, 0.12%, 0, 0, 1, 1600.00
1639552554, 0, 0, 80, 80, 1, 0.44%, 3, 0, 2, 1474.16
1639552559, 0, 9, 99, 94, 34, 0.45%, 3, 0, 3, 1465.97
1639552564, 0, 19, 123, 114, 32, 0.46%, 3, 0, 3, 1474.06
1639552569, 0, 36, 148, 133, 32, 0.53%, 3, 0, 3, 1457.12
1639552574, 0, 54, 157, 137, 30, 0.54%, 3, 0, 3, 1439.29
1639552579, 0, 70, 165, 136, 24, 0.54%, 3, 0, 3, 1435.26
1639552584, 0, 104, 174, 139, 18, 0.55%, 6, 0, 4, 1425.57
1639552589, 0, 137, 180, 139, 15, 0.55%, 7, 0, 4, 1456.77
1639552594, 0, 151, 195, 151, 13, 0.57%, 7, 0, 4, 1458.62
1639552599, 0, 158, 202, 156, 17, 0.58%, 7, 0, 4, 1453.30
1639552604, 0, 174, 204, 152, 12, 0.58%, 7, 0, 5, 1462.89
1639552609, 0, 185, 208, 153, 12, 0.58%, 9, 0, 5, 1450.00
1639552614, 0, 193, 210, 152, 9, 0.59%, 9, 0, 5, 1463.65
1639552619, 0, 200, 211, 149, 6, 0.59%, 9, 0, 5, 1457.83
1639552625, 0, 211, 212, 145, 2, 0.59%, 9, 0, 6, 1463.69
1639552630, 1, 148, 213, 141, 0, 0.59%, 9, 0, 6, 1467.23
1639552635, 1, 189, 217, 140, 1, 0.59%, 9, 0, 6, 1447.41
1639552640, 1, 215, 221, 143, 1, 0.62%, 10, 0, 6, 1452.67
1639552645, 1, 220, 223, 143, 1, 0.62%, 10, 0, 6, 1472.53
1639552650, 1, 223, 227, 146, 1, 0.62%, 10, 0, 7, 1480.99
1639552655, 2, 11, 227, 143, 0, 0.62%, 10, 0, 7, 1455.17
1639552660, 2, 42, 227, 134, 0, 0.62%, 10, 0, 7, 1472.53
1639552665, 2, 60, 227, 132, 0, 0.62%, 10, 0, 7, 1433.95
1639552670, 3, 9, 229, 132, 0, 0.62%, 11, 0, 7, 1430.86
1639552675, 3, 228, 230, 132, 1, 0.63%, 11, 0, 7, 1474.81
1639552680, 3, 230, 244, 145, 4, 0.64%, 12, 0, 7, 1467.60
1639552685, 3, 238, 253, 153, 3, 0.64%, 12, 0, 7, 1475.47
1639552690, 3, 242, 256, 155, 4, 0.64%, 12, 0, 7, 1476.35
1639552695, 3, 242, 257, 156, 4, 0.64%, 12, 0, 7, 1444.78
1639552700, 3, 246, 261, 158, 3, 0.64%, 12, 0, 7, 1447.09
1639552705, 3, 252, 262, 158, 2, 0.64%, 12, 0, 7, 1448.18
1639552710, 3, 255, 265, 160, 1, 0.64%, 12, 0, 7, 1456.43
1639552716, 3, 257, 265, 159, 0, 0.64%, 12, 0, 7, 1456.37
1639552721, 4, 4, 266, 156, 0, 0.64%, 12, 0, 7, 1475.59
1639552726, 4, 42, 266, 154, 0, 0.64%, 12, 0, 7, 1437.64
1639552731, 4, 62, 268, 155, 0, 0.64%, 12, 0, 7, 1460.50
1639552736, 4, 90, 270, 153, 0, 0.64%, 12, 0, 7, 1439.87
1639552741, 4, 118, 270, 148, 0, 0.64%, 13, 0, 7, 1461.36
1639552746, 4, 147, 270, 143, 0, 0.64%, 13, 0, 7, 1452.00
1639552751, 4, 171, 270, 141, 0, 0.64%, 13, 0, 7, 1422.86
1639552756, 4, 185, 271, 139, 0, 0.64%, 13, 0, 7, 1419.17
1639552761, 4, 196, 271, 139, 0, 0.64%, 13, 0, 7, 2077.44
1639552766, 4, 205, 271, 137, 0, 0.64%, 13, 0, 7, 1761.12
1639552771, 4, 211, 271, 136, 0, 0.64%, 13, 0, 7, 1349.33
1639552776, 4, 216, 273, 137, 0, 0.64%, 13, 0, 7, 1279.91
1639552781, 4, 220, 273, 136, 0, 0.64%, 13, 0, 7, 1402.35
1639552786, 4, 273, 277, 139, 1, 0.67%, 13, 0, 9, 1439.02
1639552791, 4, 273, 279, 141, 1, 0.67%, 13, 0, 9, 1450.33
1639552796, 4, 275, 279, 140, 3, 0.67%, 13, 0, 9, 1433.93
1639552802, 4, 275, 282, 143, 3, 0.67%, 13, 0, 10, 1418.18
1639552807, 4, 276, 284, 144, 2, 0.68%, 13, 0, 10, 1457.61
1639552812, 4, 277, 284, 143, 2, 0.68%, 13, 0, 10, 1474.81
1639552817, 4, 277, 288, 147, 2, 0.68%, 13, 0, 10, 1451.85
1639552822, 4, 283, 289, 147, 3, 0.68%, 13, 0, 11, 1448.10
1639552827, 4, 286, 291, 148, 3, 0.68%, 13, 0, 11, 1460.92
1639552837, 4, 287, 293, 149, 2, 0.68%, 13, 0, 11, 1461.64
1639552842, 4, 288, 294, 149, 2, 0.68%, 13, 0, 11, 1465.26
1639552847, 4, 288, 295, 150, 2, 0.71%, 13, 0, 12, 1465.70
