# unix_time, cycles_done, cur_path, paths_total, pending_total, pending_favs, map_size, unique_crashes, unique_hangs, max_depth, execs_per_sec
1639556733, 0, 0, 850, 850, 103, 0.97%, 0, 0, 1, 1059.85
1639556738, 0, 79, 850, 840, 94, 0.97%, 2, 0, 1, 1345.85
1639556743, 0, 165, 850, 831, 85, 0.97%, 3, 0, 1, 1411.28
1639556748, 0, 238, 850, 822, 76, 0.97%, 3, 0, 1, 1414.37
1639556753, 0, 295, 850, 813, 68, 0.97%, 5, 0, 1, 1409.72
1639556758, 0, 323, 850, 805, 60, 0.97%, 5, 0, 1, 1417.47
1639556763, 0, 383, 850, 797, 52, 0.97%, 5, 0, 1, 1388.26
1639556769, 0, 465, 850, 787, 42, 0.97%, 5, 0, 1, 1436.03
1639556774, 0, 529, 851, 779, 39, 0.97%, 5, 0, 2, 1660.26
1639556779, 0, 610, 852, 770, 30, 0.97%, 5, 0, 2, 1466.81
1639556784, 0, 655, 852, 763, 24, 0.97%, 5, 0, 2, 1405.36
1639556789, 0, 703, 852, 755, 16, 0.97%, 6, 0, 2, 1384.91
1639556794, 0, 786, 852, 745, 6, 0.97%, 6, 0, 2, 1399.19
1639556799, 1, 4, 852, 738, 0, 0.97%, 6, 0, 2, 1380.20
1639556805, 1, 32, 852, 730, 0, 0.97%, 6, 0, 2, 1399.57
1639556810, 1, 56, 852, 726, 0, 0.97%, 6, 0, 2, 1389.93
1639556815, 1, 81, 852, 721, 0, 0.97%, 6, 0, 2, 1427.37
1639556820, 1, 112, 852, 716, 0, 0.97%, 6, 0, 2, 1406.68
1639556825, 1, 157, 852, 711, 0, 0.97%, 6, 0, 2, 1404.21
1639556830, 1, 177, 852, 703, 0, 0.97%, 6, 0, 2, 1441.53
1639556835, 1, 207, 852, 696, 0, 0.97%, 6, 0, 2, 1408.75
1639556840, 1, 238, 852, 692, 0, 0.97%, 6, 0, 2, 1384.13
1639556845, 1, 284, 852, 688, 0, 0.97%, 7, 0, 2, 1417.72
1639556851, 1, 306, 852, 683, 0, 0.97%, 7, 0, 2, 1438.30
1639556856, 1, 323, 852, 677, 0, 0.97%, 7, 0, 2, 1444.69
1639556861, 1, 348, 852, 672, 0, 0.97%, 7, 0, 2, 1423.89
1639556866, 1, 368, 852, 666, 0, 0.97%, 7, 0, 2, 1439.71
1639556871, 1, 383, 852, 660, 0, 0.97%, 7, 0, 2, 1421.63
1639556876, 1, 397, 852, 656, 0, 0.97%, 7, 0, 2, 1448.50
1639556881, 1, 424, 852, 649, 0, 0.97%, 7, 0, 2, 1426.54
1639556886, 1, 474, 852, 642, 0, 0.97%, 7, 0, 2, 1442.26
1639556891, 1, 504, 852, 635, 0, 0.97%, 8, 0, 2, 1423.91
1639556896, 1, 524, 852, 630, 0, 0.97%, 8, 0, 2, 1405.12
1639556902, 1, 557, 852, 626, 0, 0.97%, 9, 0, 2, 1414.41
1639556907, 1, 585, 852, 621, 0, 0.97%, 11, 0, 2, 1395.12
1639556912, 1, 610, 852, 615, 0, 0.97%, 12, 0, 2, 1394.66
1639556917, 1, 635, 852, 611, 0, 0.97%, 12, 0, 2, 1408.17
1639556922, 1, 664, 852, 602, 0, 0.97%, 12, 0, 2, 1412.70
1639556927, 1, 682, 852, 599, 0, 0.97%, 12, 0, 2, 1417.53
1639556932, 1, 726, 852, 590, 0, 0.97%, 12, 0, 2, 1437.14
1639556937, 1, 754, 852, 586, 0, 0.97%, 12, 0, 2, 1420.51
1639556942, 1, 779, 852, 580, 0, 0.97%, 12, 0, 2, 1412.80
1639556947, 1, 794, 852, 576, 0, 0.97%, 12, 0, 2, 1393.42
1639556952, 1, 815, 852, 571, 0, 0.97%, 12, 0, 2, 1415.05
1639556957, 2, 11, 852, 565, 0, 0.97%, 12, 0, 2, 1412.35
1639556963, 2, 37, 852, 562, 0, 0.97%, 12, 0, 2, 1405.27
1639556968, 2, 65, 852, 555, 0, 0.97%, 12, 0, 2, 1399.96
1639556973, 2, 92, 852, 552, 0, 0.97%, 12, 0, 2, 1389.90
1639556978, 2, 122, 852, 545, 0, 0.97%, 12, 0, 2, 1405.83
1639556983, 2, 145, 852, 540, 0, 0.97%, 12, 0, 2, 1404.13
1639556988, 2, 165, 852, 532, 0, 0.97%, 12, 0, 2, 1419.05
1639556993, 2, 186, 852, 529, 0, 0.97%, 12, 0, 2, 1426.49
1639556998, 2, 226, 852, 523, 0, 0.97%, 12, 0, 2, 1424.83
1639557003, 2, 245, 852, 518, 0, 0.97%, 13, 0, 2, 1427.39
1639557008, 2, 274, 852, 510, 0, 0.97%, 13, 0, 2, 1438.73
1639557013, 2, 293, 852, 503, 0, 0.97%, 13, 0, 2, 1439.61
1639557019, 2, 310, 852, 502, 0, 0.97%, 14, 0, 2, 1407.44
1639557024, 2, 365, 852, 498, 0, 0.97%, 14, 0, 2, 1429.71
