# unix_time, cycles_done, cur_path, paths_total, pending_total, pending_favs, map_size, unique_crashes, unique_hangs, max_depth, execs_per_sec
1639478460, 0, 0, 752, 752, 96, 0.90%, 0, 0, 1, 1264.93
1639478465, 0, 72, 752, 742, 86, 0.90%, 2, 0, 1, 1371.55
1639478470, 0, 160, 752, 730, 74, 0.90%, 3, 0, 1, 1412.20
1639478475, 0, 265, 752, 719, 65, 0.90%, 6, 0, 1, 1418.11
1639478481, 0, 341, 752, 712, 59, 0.90%, 7, 0, 1, 1423.16
1639478486, 0, 391, 752, 705, 52, 0.90%, 8, 0, 1, 1428.54
1639478491, 0, 441, 752, 697, 45, 0.90%, 8, 0, 1, 1428.34
1639478496, 0, 494, 752, 689, 37, 0.90%, 8, 0, 1, 1413.63
1639478501, 0, 553, 752, 679, 28, 0.90%, 9, 0, 1, 1399.59
1639478506, 0, 615, 752, 666, 18, 0.90%, 9, 0, 1, 1408.61
1639478511, 0, 704, 752, 656, 8, 0.90%, 9, 0, 1, 1413.83
1639478517, 1, 12, 752, 647, 0, 0.90%, 9, 0, 1, 1415.84
1639478522, 1, 44, 753, 641, 0, 0.90%, 9, 0, 2, 1424.21
1639478527, 1, 68, 753, 635, 0, 0.90%, 10, 0, 2, 1394.19
1639478532, 1, 98, 753, 631, 0, 0.90%, 10, 0, 2, 1419.74
1639478537, 1, 131, 753, 625, 0, 0.90%, 10, 0, 2, 1405.48
1639478542, 1, 182, 753, 616, 0, 0.90%, 10, 0, 2, 1804.05
1639478547, 1, 210, 753, 607, 0, 0.90%, 10, 0, 2, 1434.93
1639478552, 1, 248, 753, 600, 0, 0.90%, 10, 0, 2, 1420.76
1639478558, 1, 286, 753, 596, 0, 0.90%, 10, 0, 2, 1404.59
1639478563, 1, 310, 753, 586, 0, 0.90%, 10, 0, 2, 1398.55
1639478568, 1, 337, 753, 578, 0, 0.90%, 10, 0, 2, 1408.52
1639478573, 1, 365, 753, 574, 0, 0.90%, 10, 0, 2, 1390.36
1639478578, 1, 386, 753, 570, 0, 0.90%, 10, 0, 2, 1397.88
1639478583, 1, 402, 753, 564, 0, 0.90%, 10, 0, 2, 1397.45
1639478588, 1, 429, 753, 560, 0, 0.90%, 10, 0, 2, 1393.74
1639478593, 1, 446, 753, 554, 0, 0.90%, 10, 0, 2, 1398.17
1639478598, 1, 482, 753, 550, 0, 0.90%, 11, 0, 2, 1402.01
1639478603, 1, 502, 753, 547, 0, 0.90%, 12, 0, 2, 1415.61
1639478608, 1, 539, 753, 542, 0, 0.90%, 12, 0, 2, 1421.34
1639478613, 1, 564, 753, 537, 0, 0.90%, 12, 0, 2, 1427.86
1639478618, 1, 586, 753, 532, 0, 0.90%, 12, 0, 2, 1424.14
1639478623, 1, 627, 753, 527, 0, 0.90%, 12, 0, 2, 1418.80
1639478628, 1, 662, 753, 520, 0, 0.90%, 12, 0, 2, 1433.64
1639478634, 1, 690, 753, 512, 0, 0.90%, 12, 0, 2, 1408.00
1639478639, 1, 710, 753, 507, 0, 0.90%, 12, 0, 2, 1417.21
1639478644, 1, 745, 753, 502, 0, 0.90%, 12, 0, 2, 1413.81
1639478649, 2, 12, 753, 497, 0, 0.90%, 13, 0, 2, 1399.34
1639478654, 2, 62, 753, 490, 0, 0.90%, 13, 0, 2, 1404.72
1639478659, 2, 83, 753, 486, 0, 0.90%, 13, 0, 2, 1387.20
1639478664, 2, 119, 753, 483, 0, 0.90%, 13, 0, 2, 1405.87
1639478669, 2, 156, 753, 478, 0, 0.90%, 13, 0, 2, 1346.14
1639478675, 2, 196, 753, 473, 0, 0.90%, 13, 0, 2, 1356.40
1639478680, 2, 244, 753, 468, 0, 0.90%, 13, 0, 2, 1392.75
1639478685, 2, 265, 753, 462, 0, 0.90%, 13, 0, 2, 1397.39
1639478690, 2, 297, 753, 457, 0, 0.90%, 13, 0, 2, 1403.26
1639478695, 2, 318, 753, 452, 0, 0.90%, 13, 0, 2, 1379.42
1639478700, 2, 346, 753, 446, 0, 0.90%, 13, 0, 2, 1384.26
1639478705, 2, 370, 753, 444, 0, 0.90%, 13, 0, 2, 1394.87
1639478710, 2, 391, 753, 440, 0, 0.90%, 13, 0, 2, 1403.57
1639478715, 2, 421, 753, 436, 0, 0.90%, 13, 0, 2, 1400.25
1639478721, 2, 444, 753, 429, 0, 0.90%, 13, 0, 2, 1390.97
1639478726, 2, 468, 753, 424, 0, 0.90%, 13, 0, 2, 1410.51
1639478731, 2, 489, 753, 421, 0, 0.90%, 13, 0, 2, 1414.41
1639478736, 2, 512, 753, 418, 0, 0.90%, 13, 0, 2, 1405.89
1639478741, 2, 536, 753, 411, 0, 0.90%, 13, 0, 2, 1418.75
1639478746, 2, 550, 753, 407, 0, 0.90%, 13, 0, 2, 1423.45
1639478751, 2, 581, 753, 404, 0, 0.90%, 13, 0, 2, 1409.01
