# unix_time, cycles_done, cur_path, paths_total, pending_total, pending_favs, map_size, unique_crashes, unique_hangs, max_depth, execs_per_sec
1639600882, 0, 0, 1, 1, 1, 0.12%, 0, 0, 1, 1333.33
1639600887, 0, 0, 63, 63, 1, 0.30%, 5, 0, 2, 1175.37
1639600892, 0, 7, 77, 75, 29, 0.34%, 7, 0, 3, 1109.34
1639600897, 0, 26, 93, 83, 24, 0.34%, 11, 0, 3, 1121.69
1639600902, 0, 33, 101, 86, 19, 0.35%, 12, 0, 3, 1058.86
1639600907, 0, 38, 106, 88, 16, 0.35%, 12, 0, 3, 1004.12
1639600912, 0, 49, 108, 85, 12, 0.35%, 13, 0, 3, 894.96
1639600917, 0, 64, 113, 85, 8, 0.35%, 14, 0, 3, 880.63
1639600922, 0, 64, 117, 89, 8, 0.36%, 14, 0, 3, 821.89
1639600928, 0, 89, 120, 89, 7, 0.36%, 14, 0, 4, 945.12
1639600933, 0, 97, 127, 95, 6, 0.38%, 14, 0, 4, 1214.33
1639600938, 0, 118, 137, 100, 9, 0.39%, 15, 0, 5, 1174.58
1639600943, 0, 118, 143, 106, 9, 0.40%, 15, 0, 5, 1205.02
1639600948, 0, 121, 152, 113, 13, 0.40%, 15, 0, 5, 1219.93
1639600953, 0, 123, 156, 116, 12, 0.42%, 15, 0, 5, 1262.16
1639600958, 0, 126, 156, 113, 13, 0.42%, 15, 0, 5, 1251.50
1639600963, 0, 139, 159, 113, 10, 0.42%, 16, 0, 6, 1250.80
1639600968, 0, 142, 166, 118, 8, 0.42%, 16, 0, 6, 1156.87
1639600973, 0, 152, 174, 123, 8, 0.44%, 16, 0, 6, 1127.51
1639600979, 0, 155, 177, 124, 6, 0.44%, 16, 0, 6, 1193.38
1639600984, 0, 166, 187, 133, 8, 0.45%, 16, 0, 7, 1203.60
1639600989, 0, 168, 190, 135, 8, 0.45%, 16, 0, 7, 1171.21
1639600994, 0, 169, 194, 138, 7, 0.45%, 16, 0, 7, 1193.04
1639600999, 0, 170, 201, 144, 7, 0.45%, 16, 0, 7, 1175.80
1639601009, 0, 176, 206, 145, 5, 0.45%, 16, 0, 7, 1163.33
1639601014, 0, 176, 207, 146, 5, 0.45%, 16, 0, 7, 1158.75
1639601019, 0, 193, 209, 146, 4, 0.45%, 16, 0, 8, 1055.70
1639601024, 0, 199, 211, 147, 3, 0.45%, 16, 0, 8, 1061.56
1639601029, 0, 210, 212, 145, 1, 0.45%, 16, 0, 8, 1009.28
1639601035, 1, 13, 214, 146, 0, 0.45%, 17, 0, 9, 1062.43
1639601040, 1, 214, 216, 146, 1, 0.45%, 17, 0, 9, 1090.68
1639601045, 2, 11, 216, 141, 0, 0.45%, 17, 0, 9, 1078.62
1639601050, 2, 31, 220, 142, 0, 0.45%, 17, 0, 9, 1096.59
1639601055, 2, 49, 220, 139, 0, 0.45%, 17, 0, 9, 1104.09
1639601060, 2, 75, 220, 136, 0, 0.45%, 17, 0, 9, 1128.06
1639601065, 2, 158, 221, 134, 1, 0.45%, 17, 0, 9, 1122.58
1639601070, 3, 20, 221, 132, 0, 0.45%, 17, 0, 9, 1104.38
1639601075, 3, 35, 221, 130, 0, 0.45%, 17, 0, 9, 1125.83
1639601080, 3, 61, 221, 126, 0, 0.45%, 17, 0, 9, 1115.31
1639601085, 3, 222, 225, 128, 1, 0.45%, 17, 0, 9, 1133.79
1639601090, 3, 222, 226, 129, 1, 0.45%, 17, 0, 9, 1189.94
1639601095, 4, 19, 226, 126, 0, 0.45%, 17, 0, 9, 1181.19
1639601100, 4, 42, 226, 126, 0, 0.45%, 17, 0, 9, 1206.17
1639601105, 4, 226, 228, 126, 1, 0.46%, 17, 0, 9, 1188.09
1639601111, 4, 227, 229, 126, 0, 0.46%, 17, 0, 9, 1246.28
1639601121, 5, 27, 229, 124, 0, 0.46%, 17, 0, 9, 1098.71
1639601126, 5, 52, 229, 123, 0, 0.46%, 17, 0, 9, 1102.43
1639601131, 5, 85, 229, 119, 0, 0.46%, 17, 0, 9, 1033.92
1639601136, 5, 229, 231, 119, 1, 0.46%, 17, 0, 9, 1014.36
1639601141, 6, 18, 232, 118, 0, 0.47%, 17, 0, 9, 1505.94
1639601146, 7, 22, 233, 118, 0, 0.47%, 17, 0, 9, 1391.11
1639601151, 7, 44, 233, 118, 0, 0.47%, 17, 0, 9, 1025.03
1639601156, 7, 65, 233, 116, 0, 0.47%, 17, 0, 9, 991.64
1639601161, 7, 84, 235, 113, 0, 0.47%, 17, 0, 9, 971.97
1639601167, 7, 140, 238, 114, 1, 0.49%, 17, 0, 9, 1003.46
1639601172, 7, 237, 241, 116, 1, 0.49%, 17, 0, 9, 1063.93
1639601182, 8, 19, 241, 114, 0, 0.49%, 17, 0, 9, 1083.82
