# unix_time, cycles_done, cur_path, paths_total, pending_total, pending_favs, map_size, unique_crashes, unique_hangs, max_depth, execs_per_sec
1639592740, 0, 0, 1, 1, 1, 0.12%, 0, 0, 1, 1000.00
1639592745, 0, 0, 82, 82, 1, 0.44%, 4, 0, 2, 1325.58
1639592750, 0, 15, 111, 107, 37, 0.48%, 5, 0, 3, 1403.88
1639592755, 0, 27, 122, 111, 35, 0.50%, 5, 0, 3, 1419.80
1639592760, 0, 53, 138, 118, 27, 0.52%, 6, 0, 3, 1440.95
1639592765, 0, 55, 149, 128, 32, 0.53%, 7, 0, 3, 1448.17
1639592770, 0, 72, 164, 135, 26, 0.55%, 8, 0, 3, 1446.99
1639592775, 0, 113, 171, 134, 19, 0.55%, 8, 0, 4, 1454.50
1639592780, 0, 133, 181, 138, 14, 0.57%, 9, 0, 4, 1441.89
1639592785, 0, 137, 187, 142, 18, 0.60%, 9, 0, 4, 1452.44
1639592790, 0, 151, 196, 147, 16, 0.60%, 9, 0, 4, 1449.79
1639592795, 0, 176, 198, 143, 11, 0.60%, 9, 0, 4, 1444.80
1639592801, 0, 182, 207, 148, 11, 0.61%, 10, 0, 5, 1411.66
1639592806, 0, 188, 213, 152, 9, 0.62%, 12, 0, 5, 1418.65
1639592811, 0, 202, 224, 159, 8, 0.62%, 12, 0, 6, 1444.96
1639592816, 0, 203, 227, 161, 8, 0.62%, 12, 0, 6, 1441.66
1639592821, 0, 208, 229, 161, 7, 0.63%, 14, 0, 6, 1434.97
1639592826, 0, 221, 234, 162, 3, 0.63%, 14, 0, 7, 1439.01
1639592831, 1, 64, 235, 159, 0, 0.63%, 14, 0, 7, 1451.53
1639592836, 1, 80, 239, 160, 0, 0.63%, 15, 0, 7, 1447.14
1639592841, 1, 112, 241, 156, 0, 0.63%, 15, 0, 7, 1432.25
1639592847, 1, 133, 244, 153, 0, 0.63%, 15, 0, 7, 1426.90
1639592852, 1, 151, 246, 153, 2, 0.63%, 15, 0, 7, 1409.47
1639592857, 1, 244, 248, 155, 2, 0.63%, 15, 0, 7, 1424.85
1639592862, 2, 134, 250, 153, 1, 0.64%, 15, 0, 7, 1445.51
1639592867, 2, 249, 254, 155, 1, 0.64%, 15, 0, 7, 1436.79
1639592872, 3, 9, 255, 153, 0, 0.64%, 15, 0, 7, 1450.59
1639592877, 3, 27, 257, 150, 0, 0.64%, 15, 0, 7, 1445.83
1639592882, 3, 224, 258, 146, 1, 0.64%, 16, 0, 7, 1450.59
1639592887, 4, 7, 259, 144, 0, 0.64%, 16, 0, 7, 1433.89
1639592892, 4, 27, 260, 144, 0, 0.64%, 16, 0, 7, 1440.16
1639592897, 4, 59, 262, 143, 0, 0.64%, 16, 0, 7, 1450.54
1639592903, 4, 263, 265, 145, 1, 0.64%, 16, 0, 7, 1752.39
1639592908, 5, 9, 267, 145, 0, 0.64%, 16, 0, 7, 1779.49
1639592913, 5, 26, 267, 144, 0, 0.64%, 16, 0, 7, 1474.30
1639592918, 5, 58, 268, 142, 0, 0.64%, 16, 0, 7, 1438.73
1639592923, 5, 73, 268, 141, 0, 0.64%, 16, 0, 7, 1451.79
1639592928, 5, 110, 269, 140, 0, 0.64%, 16, 0, 7, 1430.34
1639592933, 5, 268, 271, 140, 1, 0.64%, 16, 0, 7, 1427.60
1639592938, 5, 270, 272, 140, 0, 0.64%, 16, 0, 7, 1410.19
1639592943, 5, 271, 274, 141, 1, 0.64%, 16, 0, 7, 1431.94
1639592948, 5, 273, 274, 140, 1, 0.64%, 16, 0, 7, 1434.41
1639592954, 6, 20, 275, 139, 0, 0.64%, 16, 0, 7, 1444.63
1639592959, 6, 52, 276, 138, 0, 0.64%, 16, 0, 7, 1440.43
1639592964, 6, 72, 277, 139, 0, 0.64%, 16, 0, 7, 1458.28
1639592969, 6, 94, 281, 139, 0, 0.64%, 16, 0, 7, 1410.35
1639592974, 6, 100, 282, 138, 0, 0.64%, 16, 0, 7, 1422.49
1639592979, 6, 144, 282, 135, 0, 0.64%, 16, 0, 7, 1412.25
1639592984, 6, 158, 283, 134, 0, 0.64%, 17, 0, 7, 1427.14
1639592989, 6, 176, 283, 131, 0, 0.64%, 17, 0, 7, 1439.77
1639592994, 6, 188, 283, 131, 0, 0.64%, 17, 0, 7, 1429.76
1639592999, 6, 283, 284, 132, 1, 0.65%, 17, 0, 7, 1431.31
1639593004, 7, 26, 285, 131, 0, 0.65%, 17, 0, 7, 1438.89
1639593009, 7, 56, 286, 129, 0, 0.65%, 17, 0, 7, 1446.72
1639593014, 7, 68, 287, 130, 0, 0.65%, 17, 0, 7, 1432.78
1639593019, 7, 89, 287, 125, 0, 0.65%, 17, 0, 7, 1455.20
1639593024, 7, 140, 288, 125, 0, 0.65%, 17, 0, 7, 1450.11
1639593029, 7, 155, 288, 121, 0, 0.65%, 17, 0, 7, 1427.46
1639593034, 7, 170, 288, 117, 0, 0.65%, 17, 0, 7, 1449.16
