# unix_time, cycles_done, cur_path, paths_total, pending_total, pending_favs, map_size, unique_crashes, unique_hangs, max_depth, execs_per_sec
1639550740, 0, 0, 1, 1, 1, 0.12%, 0, 0, 1, 1600.00
1639550745, 0, 0, 72, 72, 1, 0.43%, 3, 0, 2, 1432.80
1639550750, 0, 5, 83, 82, 35, 0.46%, 3, 0, 3, 1423.09
1639550755, 0, 18, 97, 87, 29, 0.46%, 3, 0, 3, 1438.81
1639550760, 0, 23, 114, 101, 28, 0.48%, 3, 0, 3, 1452.74
1639550766, 0, 61, 136, 111, 25, 0.53%, 4, 0, 3, 1452.56
1639550771, 0, 74, 152, 120, 20, 0.54%, 4, 0, 3, 1462.42
1639550776, 0, 104, 155, 117, 15, 0.54%, 5, 0, 4, 1442.85
1639550781, 0, 121, 168, 124, 10, 0.55%, 6, 0, 4, 1454.19
1639550786, 0, 135, 172, 122, 5, 0.55%, 6, 0, 4, 1462.82
1639550791, 1, 6, 172, 115, 0, 0.55%, 6, 0, 4, 1460.53
1639550796, 1, 38, 172, 112, 0, 0.55%, 7, 0, 4, 1465.55
1639550801, 1, 72, 173, 109, 0, 0.55%, 7, 0, 4, 1457.22
1639550806, 1, 82, 174, 107, 0, 0.55%, 7, 0, 4, 1457.25
1639550811, 1, 174, 189, 117, 2, 0.59%, 7, 0, 5, 1447.02
1639550816, 1, 175, 192, 119, 8, 0.59%, 7, 0, 5, 1449.05
1639550821, 1, 184, 193, 119, 7, 0.59%, 7, 0, 6, 1407.38
1639550826, 1, 186, 200, 124, 10, 0.62%, 7, 0, 6, 1282.95
1639550831, 1, 187, 205, 128, 10, 0.63%, 7, 0, 6, 1410.56
1639550836, 1, 189, 209, 130, 11, 0.63%, 7, 0, 6, 1424.14
1639550841, 1, 192, 212, 131, 9, 0.63%, 7, 0, 7, 1433.55
1639550846, 1, 197, 213, 130, 7, 0.63%, 7, 0, 7, 1437.38
1639550851, 1, 198, 216, 132, 8, 0.64%, 7, 0, 7, 1443.04
1639550856, 1, 200, 220, 134, 7, 0.64%, 7, 0, 7, 1445.92
1639550862, 1, 206, 222, 134, 5, 0.64%, 7, 0, 7, 1452.39
1639550867, 1, 214, 224, 134, 4, 0.64%, 7, 0, 8, 1429.07
1639550872, 1, 215, 231, 140, 3, 0.65%, 10, 0, 8, 1426.46
1639550877, 1, 216, 240, 148, 5, 0.65%, 10, 0, 8, 1449.83
1639550882, 1, 221, 243, 150, 4, 0.65%, 10, 0, 8, 1429.20
1639550887, 1, 231, 248, 154, 3, 0.65%, 10, 0, 9, 1411.20
1639550892, 1, 231, 249, 155, 3, 0.65%, 10, 0, 9, 1462.51
1639550897, 1, 232, 252, 157, 2, 0.65%, 11, 0, 9, 1391.41
1639550902, 1, 232, 255, 160, 2, 0.65%, 11, 0, 9, 1416.18
1639550907, 1, 240, 260, 164, 1, 0.65%, 11, 0, 9, 1301.97
1639550912, 1, 240, 262, 166, 1, 0.65%, 12, 0, 9, 1353.63
1639550917, 1, 243, 264, 167, 0, 0.65%, 12, 0, 9, 1436.26
1639550928, 1, 244, 266, 168, 0, 0.65%, 12, 0, 10, 1409.85
1639550933, 1, 247, 270, 171, 0, 0.65%, 12, 0, 10, 1409.70
1639550938, 1, 248, 271, 171, 0, 0.65%, 13, 0, 10, 1700.37
1639550943, 1, 249, 271, 170, 0, 0.65%, 13, 0, 10, 1864.94
1639550948, 1, 261, 274, 172, 0, 0.65%, 13, 0, 10, 1536.00
1639550953, 1, 267, 278, 175, 0, 0.66%, 13, 0, 11, 1484.00
1639550958, 1, 274, 283, 179, 2, 0.66%, 13, 0, 11, 1421.33
1639550963, 1, 279, 283, 178, 1, 0.66%, 13, 0, 11, 1414.81
1639550968, 1, 281, 283, 177, 0, 0.66%, 13, 0, 11, 1377.50
1639550973, 1, 281, 284, 178, 0, 0.66%, 13, 0, 12, 1434.99
1639550978, 2, 12, 285, 177, 0, 0.66%, 13, 0, 12, 1468.59
1639550983, 2, 43, 285, 173, 0, 0.66%, 13, 0, 12, 1466.05
1639550988, 2, 68, 286, 168, 0, 0.66%, 14, 0, 12, 1453.40
1639550993, 2, 237, 289, 169, 1, 0.67%, 15, 0, 12, 1471.23
1639550999, 2, 288, 290, 169, 1, 0.67%, 15, 0, 12, 1455.68
1639551004, 3, 0, 291, 169, 0, 0.67%, 15, 0, 12, 1451.24
1639551009, 3, 38, 291, 167, 0, 0.67%, 15, 0, 12, 1467.68
1639551014, 3, 68, 293, 166, 0, 0.67%, 15, 0, 12, 1456.46
1639551019, 3, 95, 294, 162, 0, 0.67%, 15, 0, 12, 1444.10
1639551024, 3, 237, 295, 161, 1, 0.67%, 15, 0, 12, 1460.38
1639551029, 3, 294, 295, 160, 1, 0.67%, 16, 0, 12, 1403.91
1639551034, 4, 38, 295, 158, 0, 0.67%, 16, 0, 12, 1454.25
1639551039, 4, 68, 295, 154, 0, 0.67%, 16, 0, 12, 1456.00
