# unix_time, cycles_done, cur_path, paths_total, pending_total, pending_favs, map_size, unique_crashes, unique_hangs, max_depth, execs_per_sec
1639448035, 0, 0, 1, 1, 1, 0.12%, 0, 0, 1, 2000.00
1639448041, 0, 0, 84, 84, 1, 0.45%, 3, 0, 2, 1541.42
1639448046, 0, 15, 106, 100, 32, 0.49%, 6, 0, 3, 1448.79
1639448051, 0, 29, 117, 106, 30, 0.49%, 6, 0, 3, 1467.70
1639448056, 0, 42, 136, 118, 25, 0.52%, 7, 0, 3, 1460.72
1639448061, 0, 48, 141, 121, 28, 0.52%, 7, 0, 3, 1478.48
1639448066, 0, 76, 150, 119, 18, 0.53%, 8, 0, 3, 1379.90
1639448071, 0, 93, 154, 120, 15, 0.53%, 9, 0, 4, 1440.28
1639448076, 0, 129, 167, 128, 13, 0.55%, 9, 0, 4, 1442.37
1639448082, 0, 132, 177, 136, 14, 0.56%, 9, 0, 4, 1450.27
1639448087, 0, 140, 180, 137, 14, 0.56%, 9, 0, 4, 1465.91
1639448092, 0, 157, 189, 144, 11, 0.57%, 9, 0, 5, 1487.26
1639448097, 0, 159, 198, 152, 12, 0.60%, 10, 0, 5, 1483.45
1639448102, 0, 162, 205, 157, 16, 0.60%, 10, 0, 5, 1477.16
1639448107, 0, 163, 215, 166, 21, 0.61%, 10, 0, 5, 1451.01
1639448112, 0, 186, 221, 167, 19, 0.62%, 10, 0, 6, 2194.22
1639448117, 0, 195, 225, 168, 17, 0.62%, 10, 0, 6, 1921.45
1639448122, 0, 199, 233, 175, 18, 0.63%, 10, 0, 6, 1552.90
1639448127, 0, 207, 236, 174, 16, 0.64%, 10, 0, 6, 1477.09
1639448132, 0, 214, 243, 178, 15, 0.64%, 11, 0, 6, 1466.15
1639448137, 0, 222, 245, 176, 12, 0.64%, 11, 0, 7, 1444.09
1639448142, 0, 229, 250, 177, 8, 0.65%, 11, 0, 7, 1442.60
1639448147, 0, 232, 253, 179, 7, 0.65%, 11, 0, 7, 1461.12
1639448153, 0, 246, 257, 179, 3, 0.65%, 12, 0, 8, 1460.38
1639448158, 0, 256, 264, 185, 4, 0.65%, 12, 0, 9, 1459.51
1639448163, 0, 256, 268, 189, 4, 0.65%, 12, 0, 9, 1463.41
1639448168, 0, 260, 272, 192, 4, 0.66%, 12, 0, 9, 1460.09
1639448173, 0, 270, 274, 192, 5, 0.66%, 12, 0, 9, 1476.27
1639448178, 0, 273, 276, 192, 3, 0.66%, 12, 0, 10, 1460.79
1639448183, 0, 275, 278, 193, 3, 0.67%, 12, 0, 11, 1465.62
1639448188, 0, 277, 280, 194, 3, 0.67%, 12, 0, 12, 1472.07
1639448193, 0, 278, 283, 196, 3, 0.67%, 13, 0, 13, 1466.29
1639448198, 1, 119, 285, 194, 1, 0.67%, 13, 0, 13, 1449.89
1639448203, 2, 6, 285, 190, 0, 0.67%, 13, 0, 13, 1450.17
1639448208, 2, 39, 285, 186, 0, 0.67%, 13, 0, 13, 1461.96
1639448213, 2, 64, 285, 182, 0, 0.67%, 13, 0, 13, 1457.56
1639448218, 2, 87, 286, 178, 0, 0.67%, 13, 0, 13, 1449.27
1639448223, 3, 15, 287, 174, 0, 0.67%, 13, 0, 13, 1457.45
1639448228, 3, 219, 291, 174, 2, 0.67%, 13, 0, 13, 1451.40
1639448233, 4, 0, 293, 174, 0, 0.67%, 13, 0, 13, 1471.85
1639448238, 4, 39, 293, 172, 0, 0.67%, 13, 0, 13, 1451.76
1639448243, 4, 64, 295, 172, 0, 0.67%, 13, 0, 13, 1483.41
1639448248, 4, 89, 299, 173, 0, 0.67%, 13, 0, 13, 1465.47
1639448254, 4, 102, 300, 169, 0, 0.67%, 13, 0, 13, 1444.75
1639448259, 4, 131, 301, 165, 0, 0.67%, 13, 0, 13, 1450.50
1639448264, 4, 149, 301, 162, 0, 0.67%, 13, 0, 13, 1461.19
1639448269, 4, 171, 301, 161, 0, 0.67%, 13, 0, 13, 1449.80
1639448274, 4, 190, 301, 158, 0, 0.67%, 13, 0, 13, 1455.38
1639448279, 4, 197, 301, 157, 0, 0.67%, 13, 0, 13, 1461.60
1639448284, 4, 206, 302, 156, 0, 0.67%, 13, 0, 13, 1436.66
1639448289, 4, 212, 302, 155, 0, 0.67%, 13, 0, 13, 1450.64
1639448294, 4, 302, 303, 155, 1, 0.68%, 13, 0, 13, 1470.52
1639448299, 5, 36, 303, 153, 0, 0.68%, 13, 0, 13, 1446.25
1639448304, 5, 75, 303, 153, 0, 0.68%, 14, 0, 13, 1439.06
1639448309, 5, 98, 303, 151, 0, 0.68%, 14, 0, 13, 1468.49
1639448314, 5, 133, 303, 148, 0, 0.68%, 14, 0, 13, 1457.44
1639448319, 5, 151, 303, 144, 0, 0.68%, 14, 0, 13, 1449.08
1639448325, 5, 165, 303, 141, 0, 0.68%, 14, 0, 13, 1474.72
1639448330, 5, 172, 303, 140, 0, 0.68%, 14, 0, 13, 1456.39
1639448335, 5, 303, 307, 141, 1, 0.68%, 14, 0, 14, 1451.98
