# unix_time, cycles_done, cur_path, paths_total, pending_total, pending_favs, map_size, unique_crashes, unique_hangs, max_depth, execs_per_sec
1639525100, 0, 0, 1, 1, 1, 0.12%, 0, 0, 1, 1600.00
1639525105, 0, 0, 72, 72, 1, 0.43%, 4, 0, 2, 1414.63
1639525110, 0, 11, 93, 89, 40, 0.49%, 7, 0, 3, 1384.06
1639525115, 0, 35, 131, 116, 29, 0.52%, 7, 0, 3, 1834.47
1639525121, 0, 58, 143, 117, 19, 0.53%, 7, 0, 3, 2031.84
1639525126, 0, 85, 152, 121, 16, 0.53%, 8, 0, 3, 1410.95
1639525131, 0, 102, 158, 124, 15, 0.54%, 9, 0, 4, 1324.41
1639525136, 0, 104, 165, 130, 14, 0.54%, 9, 0, 4, 1322.61
1639525141, 0, 122, 175, 134, 14, 0.55%, 9, 0, 4, 1308.94
1639525146, 0, 142, 181, 134, 11, 0.55%, 11, 0, 4, 1333.15
1639525151, 0, 145, 183, 135, 13, 0.56%, 11, 0, 4, 1319.69
1639525156, 0, 153, 190, 141, 12, 0.56%, 11, 0, 4, 1305.49
1639525161, 0, 166, 194, 140, 9, 0.57%, 11, 0, 5, 1323.75
1639525166, 0, 175, 199, 143, 8, 0.58%, 11, 0, 5, 1340.42
1639525171, 0, 175, 202, 146, 8, 0.59%, 11, 0, 5, 1336.13
1639525176, 0, 180, 210, 153, 10, 0.59%, 11, 0, 5, 1334.02
1639525181, 0, 189, 213, 153, 8, 0.59%, 13, 0, 5, 1216.17
1639525186, 0, 193, 218, 157, 9, 0.59%, 13, 0, 6, 1236.11
1639525192, 0, 198, 220, 156, 9, 0.60%, 13, 0, 6, 1159.96
1639525197, 0, 199, 226, 161, 8, 0.60%, 14, 0, 6, 1158.77
1639525202, 0, 206, 229, 162, 9, 0.60%, 14, 0, 6, 1143.21
1639525207, 0, 218, 233, 163, 6, 0.62%, 14, 0, 7, 1000.16
1639525212, 0, 218, 234, 164, 6, 0.64%, 14, 0, 7, 704.76
1639525217, 0, 220, 238, 166, 10, 0.65%, 14, 0, 7, 616.36
1639525222, 0, 220, 239, 167, 10, 0.65%, 14, 0, 7, 559.72
1639525227, 0, 226, 239, 166, 9, 0.65%, 14, 0, 7, 390.49
1639525232, 0, 231, 239, 164, 7, 0.65%, 14, 0, 7, 88.53
1639525237, 0, 232, 240, 164, 6, 0.65%, 14, 0, 8, 333.30
1639525243, 0, 235, 241, 163, 5, 0.66%, 14, 0, 8, 417.16
1639525248, 0, 239, 242, 162, 3, 0.66%, 14, 0, 8, 544.76
1639525253, 0, 242, 246, 164, 2, 0.66%, 14, 0, 10, 708.57
1639525258, 0, 244, 249, 166, 3, 0.67%, 14, 0, 11, 849.53
1639525263, 0, 246, 254, 170, 2, 0.67%, 14, 0, 11, 1017.19
1639525268, 0, 246, 255, 171, 2, 0.67%, 14, 0, 11, 1186.12
1639525274, 0, 253, 259, 172, 2, 0.67%, 14, 0, 12, 1341.54
1639525279, 0, 255, 264, 176, 3, 0.67%, 14, 0, 12, 1401.68
1639525284, 0, 259, 270, 180, 3, 0.68%, 14, 0, 13, 1440.55
1639525289, 0, 259, 274, 184, 3, 0.68%, 14, 0, 13, 1432.48
1639525294, 0, 271, 277, 184, 1, 0.68%, 14, 0, 14, 1452.20
1639525299, 0, 271, 279, 186, 1, 0.68%, 14, 0, 14, 1446.72
1639525304, 1, 14, 281, 186, 0, 0.68%, 14, 0, 14, 1462.76
1639525309, 1, 32, 281, 180, 0, 0.68%, 14, 0, 14, 1434.41
1639525314, 2, 10, 287, 182, 0, 0.70%, 14, 0, 14, 1459.18
1639525319, 2, 40, 288, 182, 0, 0.70%, 14, 0, 14, 1446.92
1639525325, 2, 61, 289, 178, 0, 0.70%, 14, 0, 14, 1452.02
1639525330, 2, 77, 289, 171, 0, 0.70%, 14, 0, 14, 1452.71
1639525335, 2, 106, 289, 164, 0, 0.70%, 14, 0, 14, 1460.45
1639525340, 2, 114, 290, 162, 0, 0.70%, 14, 0, 14, 1300.63
1639525345, 2, 286, 292, 162, 1, 0.70%, 14, 0, 14, 1375.49
1639525350, 2, 291, 294, 162, 1, 0.70%, 14, 0, 14, 1410.76
1639525355, 2, 293, 295, 162, 0, 0.70%, 14, 0, 14, 1425.57
1639525360, 3, 193, 296, 160, 1, 0.70%, 14, 0, 14, 1451.80
1639525365, 4, 11, 296, 158, 0, 0.70%, 14, 0, 14, 1435.38
1639525370, 4, 46, 296, 156, 0, 0.70%, 14, 0, 14, 1418.14
1639525375, 4, 77, 297, 155, 0, 0.70%, 14, 0, 14, 1402.72
1639525380, 4, 105, 297, 152, 0, 0.70%, 14, 0, 14, 1258.46
1639525386, 4, 117, 298, 150, 0, 0.70%, 14, 0, 14, 1246.91
1639525391, 4, 131, 298, 146, 0, 0.70%, 14, 0, 14, 1293.01
1639525396, 4, 154, 298, 139, 0, 0.70%, 14, 0, 14, 1324.24
