# unix_time, cycles_done, cur_path, paths_total, pending_total, pending_favs, map_size, unique_crashes, unique_hangs, max_depth, execs_per_sec
1639555868, 0, 0, 1, 1, 1, 0.12%, 0, 0, 1, 2000.00
1639555873, 0, 0, 76, 76, 1, 0.41%, 4, 0, 2, 1564.53
1639555878, 0, 5, 92, 90, 33, 0.42%, 5, 0, 3, 1470.26
1639555883, 0, 11, 103, 97, 32, 0.43%, 5, 0, 3, 1444.73
1639555888, 0, 31, 132, 116, 28, 0.48%, 5, 0, 3, 1438.28
1639555894, 0, 46, 148, 123, 23, 0.51%, 5, 0, 3, 1423.69
1639555899, 0, 79, 156, 123, 16, 0.52%, 5, 0, 3, 1449.38
1639555904, 0, 102, 166, 129, 13, 0.54%, 5, 0, 4, 1454.65
1639555909, 0, 114, 172, 133, 17, 0.55%, 5, 0, 4, 1446.06
1639555914, 0, 136, 180, 136, 13, 0.55%, 6, 0, 4, 1422.87
1639555919, 0, 160, 185, 137, 12, 0.56%, 6, 0, 5, 1454.24
1639555924, 0, 161, 190, 141, 11, 0.57%, 6, 0, 5, 1451.24
1639555929, 0, 163, 195, 145, 13, 0.57%, 6, 0, 5, 1473.02
1639555934, 0, 167, 197, 145, 12, 0.57%, 6, 0, 5, 1472.35
1639555939, 0, 174, 199, 143, 10, 0.58%, 6, 0, 5, 1421.37
1639555945, 0, 180, 204, 146, 8, 0.58%, 7, 0, 5, 1398.24
1639555950, 0, 186, 205, 145, 7, 0.58%, 7, 0, 5, 1411.04
1639555955, 0, 190, 208, 146, 5, 0.59%, 7, 0, 6, 1429.63
1639555960, 0, 198, 216, 151, 5, 0.59%, 7, 0, 6, 1424.89
1639555965, 0, 204, 220, 154, 8, 0.60%, 7, 0, 6, 1417.16
1639555970, 0, 205, 226, 159, 7, 0.62%, 7, 0, 7, 1428.50
1639555975, 0, 215, 230, 160, 7, 0.63%, 7, 0, 7, 1412.80
1639555980, 0, 216, 233, 162, 7, 0.63%, 7, 0, 7, 1457.37
1639555985, 0, 217, 238, 166, 6, 0.63%, 7, 0, 7, 1441.98
1639555991, 0, 222, 239, 165, 4, 0.63%, 7, 0, 8, 1456.34
1639555996, 0, 226, 243, 167, 4, 0.63%, 7, 0, 8, 1421.92
1639556001, 0, 230, 245, 168, 4, 0.63%, 7, 0, 8, 1415.57
1639556006, 0, 240, 249, 170, 2, 0.63%, 7, 0, 9, 1424.51
1639556011, 1, 242, 252, 171, 1, 0.63%, 7, 0, 9, 1447.50
1639556016, 1, 250, 254, 172, 1, 0.63%, 7, 0, 9, 1456.55
1639556021, 1, 250, 256, 174, 1, 0.64%, 7, 0, 9, 1444.39
1639556026, 1, 253, 259, 176, 2, 0.64%, 7, 0, 10, 1478.88
1639556031, 1, 254, 260, 176, 1, 0.64%, 7, 0, 10, 1442.20
1639556036, 1, 258, 263, 178, 0, 0.64%, 7, 0, 11, 1433.25
1639556041, 1, 263, 265, 179, 1, 0.64%, 7, 0, 12, 1460.80
1639556046, 1, 263, 266, 180, 1, 0.64%, 7, 0, 12, 1442.97
1639556051, 1, 266, 268, 180, 1, 0.67%, 7, 0, 14, 1430.27
1639556056, 1, 266, 269, 181, 1, 0.67%, 7, 0, 14, 1474.16
1639556061, 1, 267, 280, 191, 2, 0.70%, 7, 0, 15, 1455.32
1639556066, 1, 268, 280, 190, 11, 0.70%, 7, 0, 15, 1442.27
1639556072, 1, 269, 280, 189, 10, 0.70%, 7, 0, 15, 1430.36
1639556077, 1, 270, 280, 188, 9, 0.70%, 7, 0, 15, 1441.55
1639556082, 1, 271, 280, 187, 8, 0.70%, 7, 0, 15, 1439.46
1639556087, 1, 272, 281, 187, 7, 0.70%, 7, 0, 16, 1445.03
1639556092, 1, 274, 281, 185, 6, 0.70%, 7, 0, 16, 1469.54
1639556102, 1, 276, 282, 184, 4, 0.70%, 7, 0, 16, 1453.06
1639556107, 1, 276, 283, 185, 4, 0.70%, 7, 0, 16, 1474.84
1639556112, 1, 277, 283, 184, 3, 0.70%, 7, 0, 16, 1466.46
1639556117, 1, 280, 285, 184, 1, 0.70%, 7, 0, 17, 2105.22
1639556127, 1, 284, 288, 186, 0, 0.70%, 7, 0, 18, 1440.45
1639556133, 1, 286, 288, 185, 0, 0.70%, 7, 0, 18, 1188.16
1639556138, 1, 287, 288, 184, 0, 0.70%, 7, 0, 18, 1369.85
1639556143, 2, 15, 288, 182, 0, 0.70%, 7, 0, 18, 1414.27
1639556148, 2, 41, 288, 178, 0, 0.70%, 7, 0, 18, 1447.41
1639556153, 2, 72, 290, 178, 0, 0.70%, 7, 0, 18, 1469.16
1639556158, 2, 249, 291, 174, 1, 0.70%, 7, 0, 18, 1486.95
1639556163, 2, 290, 291, 173, 1, 0.70%, 7, 0, 18, 1479.63
