# unix_time, cycles_done, cur_path, paths_total, pending_total, pending_favs, map_size, unique_crashes, unique_hangs, max_depth, execs_per_sec
1639601152, 0, 0, 902, 902, 98, 0.94%, 0, 0, 1, 916.20
1639601158, 0, 40, 902, 893, 88, 0.94%, 3, 0, 1, 1101.36
1639601163, 0, 142, 902, 882, 77, 0.94%, 4, 0, 1, 1169.54
1639601168, 0, 272, 902, 870, 65, 0.94%, 5, 0, 1, 1228.54
1639601173, 0, 334, 902, 863, 58, 0.94%, 5, 0, 1, 1317.55
1639601178, 0, 398, 902, 856, 51, 0.94%, 5, 0, 1, 1297.89
1639601183, 0, 472, 902, 846, 42, 0.94%, 5, 0, 1, 1730.90
1639601188, 0, 523, 902, 840, 37, 0.94%, 6, 0, 1, 1336.48
1639601193, 0, 643, 902, 828, 25, 0.94%, 6, 0, 1, 1269.48
1639601198, 0, 694, 902, 820, 18, 0.94%, 10, 0, 1, 1298.02
1639601203, 0, 826, 902, 812, 10, 0.94%, 10, 0, 1, 1318.18
1639601209, 0, 891, 902, 804, 2, 0.94%, 10, 0, 1, 1371.12
1639601214, 1, 19, 902, 798, 0, 0.94%, 10, 0, 1, 1336.31
1639601219, 1, 46, 902, 794, 0, 0.94%, 10, 0, 1, 1349.49
1639601224, 1, 69, 902, 788, 0, 0.94%, 10, 0, 1, 1321.20
1639601229, 1, 103, 902, 781, 0, 0.94%, 10, 0, 1, 1292.85
1639601234, 1, 128, 902, 775, 0, 0.94%, 10, 0, 1, 1250.16
1639601239, 1, 151, 902, 768, 0, 0.94%, 10, 0, 1, 1193.85
1639601244, 1, 182, 902, 760, 0, 0.94%, 10, 0, 1, 1159.78
1639601249, 1, 205, 902, 757, 0, 0.94%, 10, 0, 1, 1155.03
1639601255, 1, 228, 902, 752, 0, 0.94%, 10, 0, 1, 1175.19
1639601260, 1, 256, 902, 745, 0, 0.94%, 11, 0, 1, 1227.61
1639601265, 1, 272, 902, 739, 0, 0.94%, 12, 0, 1, 1167.40
1639601270, 1, 309, 902, 736, 0, 0.94%, 13, 0, 1, 1121.84
1639601275, 1, 334, 902, 731, 0, 0.94%, 13, 0, 1, 1189.78
1639601280, 1, 357, 902, 726, 0, 0.94%, 13, 0, 1, 1287.71
1639601286, 1, 392, 902, 719, 0, 0.94%, 13, 0, 1, 1372.75
1639601291, 1, 418, 902, 711, 0, 0.94%, 13, 0, 1, 1380.12
1639601296, 1, 449, 902, 706, 0, 0.94%, 16, 0, 1, 1348.02
1639601301, 1, 475, 902, 702, 0, 0.94%, 16, 0, 1, 1355.83
1639601306, 1, 505, 902, 697, 0, 0.94%, 16, 0, 1, 1301.48
1639601311, 1, 536, 902, 692, 0, 0.94%, 16, 0, 1, 1285.54
1639601316, 1, 569, 902, 687, 0, 0.94%, 16, 0, 1, 1252.20
1639601322, 1, 596, 902, 680, 0, 0.94%, 16, 0, 1, 1272.32
1639601327, 1, 606, 902, 675, 0, 0.94%, 16, 0, 1, 1288.00
1639601332, 1, 634, 902, 670, 0, 0.94%, 16, 0, 1, 1325.19
1639601337, 1, 656, 902, 665, 0, 0.94%, 17, 0, 1, 1349.21
1639601342, 1, 687, 902, 659, 0, 0.94%, 18, 0, 1, 1344.01
1639601347, 1, 718, 902, 651, 0, 0.94%, 18, 0, 1, 1355.64
1639601352, 1, 761, 902, 644, 0, 0.94%, 18, 0, 1, 1347.07
1639601357, 1, 791, 902, 637, 0, 0.94%, 18, 0, 1, 1330.96
1639601362, 1, 817, 903, 632, 0, 0.94%, 19, 0, 2, 1342.15
1639601367, 1, 833, 903, 627, 0, 0.94%, 19, 0, 2, 1359.35
1639601372, 1, 859, 903, 623, 0, 0.94%, 19, 0, 2, 1356.32
1639601377, 1, 898, 903, 619, 0, 0.94%, 19, 0, 2, 1395.39
1639601383, 2, 16, 903, 612, 0, 0.94%, 19, 0, 2, 1399.92
1639601388, 2, 40, 903, 607, 0, 0.94%, 19, 0, 2, 1367.15
1639601393, 2, 74, 903, 602, 0, 0.94%, 19, 0, 2, 1351.08
1639601398, 2, 115, 904, 598, 0, 0.94%, 19, 0, 2, 1323.72
1639601403, 2, 149, 904, 593, 0, 0.94%, 19, 0, 2, 1305.87
1639601408, 2, 187, 904, 588, 0, 0.94%, 19, 0, 2, 1301.17
1639601413, 2, 219, 904, 583, 0, 0.94%, 19, 0, 2, 1248.12
1639601418, 2, 259, 904, 579, 0, 0.94%, 19, 0, 2, 1283.55
1639601424, 2, 280, 904, 573, 0, 0.94%, 19, 0, 2, 1244.97
1639601429, 2, 299, 904, 569, 0, 0.94%, 19, 0, 2, 1278.21
1639601434, 2, 329, 904, 562, 0, 0.94%, 19, 0, 2, 1279.66
1639601439, 2, 347, 904, 557, 0, 0.94%, 19, 0, 2, 1245.70
1639601444, 2, 388, 904, 553, 0, 0.94%, 19, 0, 2, 1257.61
