# unix_time, cycles_done, cur_path, paths_total, pending_total, pending_favs, map_size, unique_crashes, unique_hangs, max_depth, execs_per_sec
1639522040, 0, 0, 903, 903, 102, 0.95%, 0, 0, 1, 1210.66
1639522045, 0, 82, 903, 894, 93, 0.95%, 0, 0, 1, 1386.05
1639522050, 0, 138, 903, 885, 84, 0.95%, 4, 0, 1, 1415.66
1639522055, 0, 210, 903, 875, 75, 0.95%, 6, 0, 1, 1427.05
1639522060, 0, 296, 903, 865, 65, 0.95%, 6, 0, 1, 1423.56
1639522065, 0, 401, 903, 855, 55, 0.95%, 7, 0, 1, 1396.19
1639522070, 0, 497, 903, 846, 47, 0.95%, 8, 0, 1, 1394.90
1639522076, 0, 560, 903, 839, 41, 0.95%, 8, 0, 1, 1468.66
1639522081, 0, 664, 903, 828, 30, 0.95%, 8, 0, 1, 1466.59
1639522086, 0, 752, 903, 813, 16, 0.95%, 9, 0, 1, 1740.27
1639522091, 0, 840, 903, 803, 8, 0.95%, 9, 0, 1, 1521.40
1639522096, 1, 9, 903, 792, 0, 0.95%, 10, 0, 1, 1468.84
1639522101, 1, 37, 903, 787, 0, 0.95%, 10, 0, 1, 1457.69
1639522106, 1, 59, 903, 781, 0, 0.95%, 10, 0, 1, 1415.26
1639522112, 1, 86, 903, 773, 0, 0.95%, 11, 0, 1, 1382.64
1639522117, 1, 113, 903, 767, 0, 0.95%, 11, 0, 1, 1385.70
1639522122, 1, 127, 903, 762, 0, 0.95%, 11, 0, 1, 1382.72
1639522127, 1, 168, 904, 761, 1, 0.95%, 12, 0, 2, 1409.69
1639522132, 1, 578, 904, 754, 1, 0.95%, 12, 0, 2, 1385.48
1639522137, 1, 804, 904, 746, 1, 0.95%, 14, 0, 2, 1366.67
1639522142, 2, 11, 904, 740, 0, 0.95%, 14, 0, 2, 1375.00
1639522147, 2, 38, 904, 736, 0, 0.95%, 14, 0, 2, 1346.61
1639522152, 2, 75, 904, 730, 0, 0.95%, 14, 0, 2, 1334.64
1639522158, 2, 113, 904, 725, 0, 0.95%, 14, 0, 2, 1382.51
1639522163, 2, 138, 904, 724, 0, 0.95%, 14, 0, 2, 1428.61
1639522168, 2, 159, 904, 720, 0, 0.95%, 15, 0, 2, 1357.57
1639522173, 2, 190, 904, 713, 0, 0.95%, 15, 0, 2, 1402.61
1639522178, 2, 216, 904, 708, 0, 0.95%, 15, 0, 2, 1441.21
1639522183, 2, 241, 904, 701, 0, 0.95%, 16, 0, 2, 1413.95
1639522188, 2, 272, 904, 691, 0, 0.95%, 16, 0, 2, 1362.40
1639522193, 2, 293, 904, 686, 0, 0.95%, 16, 0, 2, 1355.86
1639522198, 2, 326, 904, 680, 0, 0.95%, 17, 0, 2, 1382.30
1639522204, 2, 367, 905, 673, 0, 0.95%, 17, 0, 2, 1446.40
1639522209, 2, 385, 905, 667, 0, 0.95%, 17, 0, 2, 1442.48
1639522214, 2, 417, 905, 661, 0, 0.95%, 17, 0, 2, 1455.17
1639522219, 2, 449, 905, 655, 0, 0.95%, 18, 0, 2, 1439.24
1639522224, 2, 497, 905, 649, 0, 0.95%, 18, 0, 2, 1435.77
1639522229, 2, 526, 905, 644, 0, 0.95%, 18, 0, 2, 1374.77
1639522234, 2, 560, 905, 638, 0, 0.95%, 18, 0, 2, 1373.62
1639522239, 2, 582, 905, 633, 0, 0.95%, 18, 0, 2, 1364.01
1639522244, 2, 612, 905, 627, 0, 0.95%, 18, 0, 2, 1405.70
1639522249, 2, 640, 905, 619, 0, 0.95%, 18, 0, 2, 1404.58
1639522254, 2, 679, 905, 614, 0, 0.95%, 18, 0, 2, 1425.92
1639522260, 2, 715, 905, 607, 0, 0.95%, 18, 0, 2, 1413.43
1639522265, 2, 735, 905, 603, 0, 0.95%, 18, 0, 2, 1373.57
1639522270, 2, 757, 905, 598, 0, 0.95%, 18, 0, 2, 1348.17
1639522275, 2, 785, 905, 593, 0, 0.95%, 18, 0, 2, 1320.25
1639522280, 2, 820, 905, 584, 0, 0.95%, 19, 0, 2, 1365.94
1639522285, 2, 845, 905, 580, 0, 0.95%, 22, 0, 2, 1336.70
1639522290, 2, 871, 905, 574, 0, 0.95%, 22, 0, 2, 1137.47
1639522295, 2, 883, 905, 569, 0, 0.95%, 22, 0, 2, 1133.03
1639522300, 2, 903, 905, 564, 0, 0.95%, 22, 0, 2, 1235.00
1639522306, 3, 15, 905, 561, 0, 0.95%, 23, 0, 2, 1267.67
1639522311, 3, 46, 905, 555, 0, 0.95%, 23, 0, 2, 1282.63
1639522316, 3, 79, 905, 550, 0, 0.95%, 23, 0, 2, 1293.26
1639522321, 3, 95, 905, 544, 0, 0.95%, 23, 0, 2, 1262.63
1639522326, 3, 121, 905, 541, 0, 0.95%, 24, 0, 2, 1237.89
1639522331, 3, 147, 905, 537, 0, 0.95%, 24, 0, 2, 1290.45
