# unix_time, cycles_done, cur_path, paths_total, pending_total, pending_favs, map_size, unique_crashes, unique_hangs, max_depth, execs_per_sec
1639599011, 0, 0, 881, 881, 96, 0.93%, 0, 0, 1, 1159.59
1639599016, 0, 127, 881, 871, 86, 0.93%, 3, 0, 1, 1396.49
1639599021, 0, 216, 881, 861, 76, 0.93%, 3, 0, 1, 1364.57
1639599026, 0, 275, 881, 851, 68, 0.93%, 4, 0, 1, 1378.01
1639599031, 0, 363, 881, 841, 60, 0.93%, 5, 0, 1, 1391.02
1639599036, 0, 443, 881, 830, 49, 0.93%, 6, 0, 1, 1428.30
1639599041, 0, 526, 881, 821, 40, 0.93%, 7, 0, 1, 1431.57
1639599046, 0, 646, 881, 809, 29, 0.93%, 7, 0, 1, 1434.31
1639599051, 0, 702, 881, 801, 23, 0.93%, 8, 0, 1, 1418.55
1639599057, 0, 774, 881, 794, 17, 0.93%, 8, 0, 1, 1450.10
1639599062, 0, 851, 881, 781, 6, 0.93%, 10, 0, 1, 1450.51
1639599067, 1, 11, 881, 772, 0, 0.93%, 10, 0, 1, 1474.92
1639599072, 1, 60, 881, 765, 0, 0.93%, 10, 0, 1, 1470.83
1639599077, 1, 98, 881, 755, 0, 0.93%, 10, 0, 1, 1565.85
1639599082, 1, 123, 881, 749, 0, 0.93%, 10, 0, 1, 1429.84
1639599087, 1, 154, 881, 743, 0, 0.93%, 10, 0, 1, 1410.05
1639599092, 1, 181, 881, 735, 0, 0.93%, 10, 0, 1, 1428.60
1639599097, 1, 210, 881, 725, 0, 0.93%, 10, 0, 1, 1453.22
1639599102, 1, 230, 881, 720, 0, 0.93%, 10, 0, 1, 1396.54
1639599108, 1, 247, 881, 715, 0, 0.93%, 10, 0, 1, 1396.20
1639599113, 1, 275, 881, 710, 0, 0.93%, 10, 0, 1, 1389.45
1639599118, 1, 296, 881, 705, 0, 0.93%, 10, 0, 1, 1417.91
1639599123, 1, 322, 881, 697, 0, 0.93%, 10, 0, 1, 1422.89
1639599128, 1, 354, 881, 690, 0, 0.93%, 10, 0, 1, 1414.35
1639599133, 1, 373, 881, 683, 0, 0.93%, 10, 0, 1, 1444.60
1639599138, 1, 399, 881, 676, 0, 0.93%, 10, 0, 1, 1459.81
1639599143, 1, 437, 881, 671, 0, 0.93%, 10, 0, 1, 1440.22
1639599148, 1, 478, 881, 667, 0, 0.93%, 10, 0, 1, 1452.76
1639599154, 1, 510, 881, 661, 0, 0.93%, 11, 0, 1, 1466.68
1639599159, 1, 555, 881, 655, 0, 0.93%, 11, 0, 1, 1464.99
1639599164, 1, 604, 881, 650, 0, 0.93%, 11, 0, 1, 1447.20
1639599169, 1, 637, 881, 643, 0, 0.93%, 11, 0, 1, 1416.01
1639599174, 1, 665, 881, 634, 0, 0.93%, 11, 0, 1, 1418.18
1639599179, 1, 694, 881, 629, 0, 0.93%, 12, 0, 1, 1451.40
1639599184, 1, 726, 881, 620, 0, 0.93%, 13, 0, 1, 1456.79
1639599189, 1, 761, 881, 616, 0, 0.93%, 14, 0, 1, 1447.36
1639599194, 1, 781, 881, 610, 0, 0.93%, 14, 0, 1, 1450.90
1639599200, 1, 819, 881, 604, 0, 0.93%, 14, 0, 1, 1426.73
1639599205, 1, 848, 881, 599, 0, 0.93%, 14, 0, 1, 1456.75
1639599210, 1, 869, 881, 596, 0, 0.93%, 16, 0, 1, 1471.62
1639599215, 2, 28, 881, 590, 0, 0.93%, 16, 0, 1, 1473.33
1639599220, 2, 48, 881, 584, 0, 0.93%, 16, 0, 1, 1465.50
1639599225, 2, 94, 881, 574, 0, 0.93%, 16, 0, 1, 1300.74
1639599230, 2, 119, 881, 569, 0, 0.93%, 16, 0, 1, 1368.03
1639599235, 2, 154, 881, 564, 0, 0.93%, 16, 0, 1, 1415.56
1639599240, 2, 207, 881, 559, 0, 0.93%, 16, 0, 1, 1433.96
1639599245, 2, 250, 881, 556, 0, 0.93%, 16, 0, 1, 1455.45
1639599251, 2, 280, 881, 550, 0, 0.93%, 16, 0, 1, 1461.96
1639599256, 2, 316, 881, 545, 0, 0.93%, 16, 0, 1, 1467.27
1639599261, 2, 363, 881, 539, 0, 0.93%, 16, 0, 1, 1432.64
1639599266, 2, 379, 881, 535, 0, 0.93%, 17, 0, 1, 1457.57
1639599271, 2, 410, 881, 528, 0, 0.93%, 17, 0, 1, 1435.17
1639599276, 2, 438, 881, 520, 0, 0.93%, 17, 0, 1, 1425.78
1639599281, 2, 467, 881, 516, 0, 0.93%, 17, 0, 1, 1406.13
1639599286, 2, 494, 881, 511, 0, 0.93%, 17, 0, 1, 1397.56
1639599291, 2, 525, 881, 507, 0, 0.93%, 17, 0, 1, 1374.03
1639599296, 2, 554, 881, 501, 0, 0.93%, 17, 0, 1, 1418.37
1639599302, 2, 615, 881, 495, 0, 0.93%, 17, 0, 1, 1457.93
