# unix_time, cycles_done, cur_path, paths_total, pending_total, pending_favs, map_size, unique_crashes, unique_hangs, max_depth, execs_per_sec
1639471939, 0, 0, 291, 291, 71, 0.67%, 0, 0, 1, 1227.85
1639471945, 0, 72, 294, 285, 64, 0.70%, 3, 0, 2, 1408.69
1639471950, 0, 94, 297, 279, 57, 0.70%, 6, 0, 2, 1434.47
1639471955, 0, 130, 297, 270, 48, 0.70%, 6, 0, 2, 1453.84
1639471960, 0, 158, 297, 260, 39, 0.70%, 8, 0, 2, 1438.96
1639471965, 0, 202, 298, 253, 31, 0.70%, 8, 0, 2, 1451.36
1639471970, 0, 232, 298, 242, 20, 0.70%, 8, 0, 2, 1434.76
1639471975, 0, 256, 299, 235, 12, 0.70%, 8, 0, 2, 1437.31
1639471981, 0, 292, 306, 232, 2, 0.72%, 8, 0, 3, 1475.48
1639471986, 0, 292, 310, 236, 2, 0.72%, 8, 0, 3, 1443.70
1639471991, 0, 305, 310, 229, 4, 0.72%, 9, 0, 3, 1436.85
1639471996, 0, 310, 313, 228, 1, 0.73%, 9, 0, 5, 1270.37
1639472001, 0, 312, 320, 234, 1, 0.73%, 9, 0, 6, 1391.71
1639472006, 1, 17, 320, 229, 0, 0.73%, 9, 0, 6, 1419.98
1639472011, 1, 48, 320, 224, 0, 0.73%, 9, 0, 6, 1430.05
1639472016, 1, 76, 320, 217, 0, 0.73%, 9, 0, 6, 1443.27
1639472021, 1, 94, 321, 215, 0, 0.73%, 9, 0, 6, 1440.25
1639472027, 1, 106, 322, 213, 0, 0.73%, 9, 0, 6, 1429.10
1639472032, 1, 322, 325, 213, 1, 0.73%, 9, 0, 6, 1414.26
1639472037, 2, 130, 325, 207, 0, 0.73%, 9, 0, 6, 1455.83
1639472042, 2, 149, 325, 206, 0, 0.73%, 10, 0, 6, 1464.93
1639472047, 2, 169, 327, 203, 0, 0.73%, 10, 0, 6, 1453.14
1639472052, 2, 201, 327, 197, 0, 0.73%, 10, 0, 6, 1435.84
1639472057, 2, 228, 327, 196, 0, 0.73%, 10, 0, 6, 1423.02
1639472062, 2, 242, 328, 195, 0, 0.73%, 10, 0, 6, 1421.89
1639472067, 2, 261, 329, 193, 0, 0.73%, 10, 0, 6, 1429.73
1639472073, 2, 286, 330, 190, 0, 0.73%, 10, 0, 6, 1457.86
1639472078, 2, 296, 331, 188, 0, 0.73%, 10, 0, 6, 1461.60
1639472083, 2, 307, 331, 186, 0, 0.73%, 10, 0, 6, 1460.38
1639472088, 2, 321, 334, 188, 0, 0.73%, 10, 0, 6, 1451.96
1639472093, 3, 14, 335, 187, 0, 0.73%, 10, 0, 6, 1466.25
1639472098, 3, 55, 335, 180, 0, 0.73%, 10, 0, 6, 1473.16
1639472103, 3, 89, 335, 177, 0, 0.73%, 10, 0, 6, 1475.21
1639472108, 3, 111, 335, 174, 0, 0.73%, 10, 0, 6, 1471.71
1639472113, 3, 132, 335, 169, 0, 0.73%, 10, 0, 6, 1464.42
1639472118, 3, 154, 336, 167, 0, 0.73%, 10, 0, 6, 1448.66
1639472123, 3, 192, 336, 164, 0, 0.73%, 10, 0, 6, 1440.94
1639472128, 3, 205, 336, 161, 0, 0.73%, 10, 0, 6, 1461.80
1639472134, 3, 232, 336, 158, 0, 0.73%, 10, 0, 6, 1452.83
1639472139, 3, 337, 343, 162, 0, 0.74%, 11, 0, 6, 1440.97
1639472144, 4, 4, 343, 160, 0, 0.74%, 12, 0, 6, 1425.29
1639472149, 4, 21, 343, 154, 0, 0.74%, 12, 0, 6, 1409.90
1639472154, 4, 319, 344, 150, 1, 0.74%, 12, 0, 6, 1431.79
1639472159, 5, 21, 344, 148, 0, 0.74%, 12, 0, 6, 1436.98
1639472164, 5, 69, 344, 142, 0, 0.74%, 12, 0, 6, 1446.69
1639472169, 5, 95, 344, 139, 0, 0.74%, 12, 0, 6, 1449.30
1639472174, 5, 112, 344, 137, 0, 0.74%, 13, 0, 6, 1433.32
1639472179, 5, 135, 344, 135, 0, 0.74%, 13, 0, 6, 1429.07
1639472184, 5, 157, 344, 130, 0, 0.74%, 13, 0, 6, 1459.16
1639472190, 5, 193, 344, 125, 0, 0.74%, 13, 0, 6, 1475.76
1639472195, 5, 211, 345, 125, 0, 0.74%, 13, 0, 6, 1461.73
1639472200, 5, 232, 345, 121, 0, 0.74%, 13, 0, 6, 1466.19
1639472205, 5, 248, 345, 118, 0, 0.74%, 13, 0, 6, 1462.75
1639472210, 5, 273, 345, 115, 0, 0.74%, 13, 0, 6, 1845.17
1639472215, 5, 299, 345, 114, 0, 0.74%, 13, 0, 6, 1518.07
1639472220, 5, 311, 345, 113, 0, 0.74%, 13, 0, 6, 1454.30
1639472225, 5, 322, 345, 111, 0, 0.74%, 13, 0, 6, 1451.71
1639472231, 5, 329, 346, 109, 0, 0.74%, 13, 0, 6, 1462.59
1639472236, 5, 340, 346, 107, 0, 0.74%, 13, 0, 6, 1443.45
