# unix_time, cycles_done, cur_path, paths_total, pending_total, pending_favs, map_size, unique_crashes, unique_hangs, max_depth, execs_per_sec
1639524497, 0, 0, 935, 935, 110, 0.96%, 0, 0, 1, 1420.70
1639524502, 0, 98, 935, 923, 98, 0.96%, 3, 0, 1, 1342.42
1639524508, 0, 177, 935, 913, 88, 0.96%, 4, 0, 1, 1298.55
1639524513, 0, 315, 935, 900, 77, 0.96%, 5, 0, 1, 1289.19
1639524518, 0, 432, 935, 888, 66, 0.96%, 6, 0, 1, 1262.35
1639524523, 0, 584, 935, 878, 57, 0.96%, 7, 0, 1, 1162.02
1639524528, 0, 642, 935, 868, 49, 0.96%, 7, 0, 1, 1167.51
1639524533, 0, 683, 935, 860, 41, 0.96%, 8, 0, 1, 1196.87
1639524538, 0, 746, 935, 849, 30, 0.96%, 8, 0, 1, 1267.08
1639524544, 0, 813, 935, 837, 19, 0.96%, 9, 0, 1, 1350.23
1639524549, 0, 866, 935, 828, 10, 0.96%, 10, 0, 1, 1413.02
1639524554, 0, 927, 935, 818, 3, 0.96%, 10, 0, 1, 1439.13
1639524559, 1, 23, 935, 809, 0, 0.96%, 11, 0, 1, 1442.84
1639524564, 1, 70, 935, 799, 0, 0.96%, 11, 0, 1, 1457.80
1639524569, 1, 103, 935, 793, 0, 0.96%, 11, 0, 1, 1447.97
1639524574, 1, 128, 935, 784, 0, 0.96%, 11, 0, 1, 1437.72
1639524580, 1, 156, 935, 775, 0, 0.96%, 11, 0, 1, 1453.20
1639524585, 1, 211, 935, 767, 0, 0.96%, 12, 0, 1, 1450.03
1639524590, 1, 257, 935, 755, 0, 0.96%, 12, 0, 1, 1452.91
1639524595, 1, 315, 935, 747, 0, 0.96%, 12, 0, 1, 1456.03
1639524600, 1, 369, 935, 737, 0, 0.96%, 12, 0, 1, 1427.31
1639524605, 1, 404, 935, 731, 0, 0.96%, 12, 0, 1, 1447.89
1639524610, 1, 445, 935, 718, 0, 0.96%, 13, 0, 1, 1458.07
1639524615, 1, 484, 935, 707, 0, 0.96%, 14, 0, 1, 1447.05
1639524621, 1, 546, 935, 699, 0, 0.96%, 14, 0, 1, 1460.29
1639524626, 1, 597, 935, 690, 0, 0.96%, 14, 0, 1, 1462.65
1639524631, 1, 637, 935, 685, 0, 0.96%, 15, 0, 1, 1438.76
1639524636, 1, 663, 935, 679, 0, 0.96%, 16, 0, 1, 1450.25
1639524641, 1, 695, 935, 673, 0, 0.96%, 16, 0, 1, 1441.81
1639524646, 1, 716, 935, 666, 0, 0.96%, 16, 0, 1, 1422.59
1639524651, 1, 739, 935, 660, 0, 0.96%, 16, 0, 1, 1408.63
1639524657, 1, 756, 935, 654, 0, 0.96%, 16, 0, 1, 1348.27
1639524662, 1, 784, 935, 650, 0, 0.96%, 16, 0, 1, 1326.33
1639524667, 1, 809, 935, 643, 0, 0.96%, 16, 0, 1, 1321.03
1639524672, 1, 845, 935, 637, 0, 0.96%, 16, 0, 1, 1311.33
1639524677, 1, 866, 935, 633, 0, 0.96%, 16, 0, 1, 1299.65
1639524682, 1, 889, 935, 628, 0, 0.96%, 17, 0, 1, 1288.26
1639524687, 1, 915, 935, 621, 0, 0.96%, 17, 0, 1, 1279.68
1639524692, 2, 29, 935, 613, 0, 0.96%, 17, 0, 1, 1323.30
1639524697, 2, 60, 935, 605, 0, 0.96%, 17, 0, 1, 1344.39
1639524703, 2, 90, 935, 597, 0, 0.96%, 17, 0, 1, 1337.83
1639524708, 2, 129, 935, 591, 0, 0.96%, 17, 0, 1, 1345.05
1639524713, 2, 158, 935, 586, 0, 0.96%, 18, 0, 1, 1370.13
1639524718, 2, 182, 935, 577, 0, 0.96%, 18, 0, 1, 1384.64
1639524723, 2, 216, 935, 568, 0, 0.96%, 18, 0, 1, 1385.84
1639524728, 2, 265, 935, 560, 0, 0.96%, 19, 0, 1, 1404.56
1639524733, 2, 303, 935, 552, 0, 0.96%, 19, 0, 1, 1417.26
1639524739, 2, 343, 935, 543, 0, 0.96%, 19, 0, 1, 1393.34
1639524744, 2, 381, 935, 537, 0, 0.96%, 19, 0, 1, 1369.23
1639524749, 2, 419, 935, 527, 0, 0.96%, 19, 0, 1, 1361.72
1639524754, 2, 472, 935, 518, 0, 0.96%, 19, 0, 1, 1377.79
1639524759, 2, 501, 935, 510, 0, 0.96%, 19, 0, 1, 1399.86
1639524764, 2, 570, 935, 503, 0, 0.96%, 20, 0, 1, 1374.49
1639524769, 2, 593, 935, 496, 0, 0.96%, 21, 0, 1, 1386.91
1639524774, 2, 621, 935, 492, 0, 0.96%, 21, 0, 1, 1387.85
1639524779, 2, 647, 935, 487, 0, 0.96%, 21, 0, 1, 1406.64
1639524785, 2, 674, 935, 482, 0, 0.96%, 21, 0, 1, 1372.35
1639524790, 2, 710, 935, 478, 0, 0.96%, 21, 0, 1, 1388.20
