# unix_time, cycles_done, cur_path, paths_total, pending_total, pending_favs, map_size, unique_crashes, unique_hangs, max_depth, execs_per_sec
1639433604, 0, 0, 310, 310, 84, 0.78%, 0, 0, 1, 1302.52
1639433610, 0, 41, 312, 303, 77, 0.78%, 5, 0, 2, 1443.06
1639433615, 0, 69, 314, 295, 67, 0.78%, 5, 0, 2, 1454.58
1639433620, 0, 114, 314, 287, 61, 0.78%, 5, 0, 2, 1462.72
1639433625, 0, 131, 314, 279, 54, 0.78%, 5, 0, 2, 1476.37
1639433630, 0, 165, 314, 270, 45, 0.78%, 5, 0, 2, 1458.15
1639433635, 0, 208, 315, 261, 35, 0.78%, 5, 0, 2, 1464.96
1639433640, 0, 246, 315, 249, 23, 0.78%, 5, 0, 2, 1443.11
1639433646, 0, 275, 315, 239, 13, 0.78%, 5, 0, 2, 1459.22
1639433651, 0, 304, 315, 230, 4, 0.78%, 6, 0, 2, 1464.29
1639433656, 1, 263, 317, 225, 1, 0.78%, 6, 0, 2, 1463.86
1639433661, 2, 32, 317, 220, 0, 0.78%, 6, 0, 2, 1472.60
1639433666, 2, 49, 317, 215, 0, 0.78%, 7, 0, 2, 1444.01
1639433671, 2, 69, 319, 210, 0, 0.78%, 7, 0, 2, 1438.72
1639433676, 3, 15, 323, 209, 0, 0.79%, 7, 0, 2, 1459.70
1639433681, 3, 38, 324, 203, 0, 0.79%, 8, 0, 2, 1457.50
1639433686, 3, 324, 325, 202, 1, 0.79%, 8, 0, 2, 1464.22
1639433692, 4, 41, 325, 199, 0, 0.79%, 8, 0, 2, 1454.36
1639433697, 4, 61, 325, 197, 0, 0.79%, 8, 0, 2, 1450.33
1639433702, 4, 293, 326, 193, 1, 0.79%, 8, 0, 2, 1467.04
1639433707, 4, 325, 338, 204, 1, 0.81%, 8, 0, 3, 1455.36
1639433712, 4, 329, 341, 206, 6, 0.82%, 8, 0, 4, 1444.60
1639433717, 4, 329, 344, 209, 6, 0.82%, 8, 0, 4, 1447.53
1639433722, 4, 330, 348, 212, 5, 0.82%, 8, 0, 4, 1438.06
1639433728, 4, 335, 353, 216, 4, 0.83%, 8, 0, 4, 1442.19
1639433733, 4, 335, 354, 217, 4, 0.83%, 8, 0, 4, 1454.61
1639433738, 4, 336, 360, 222, 7, 0.84%, 8, 0, 4, 1450.12
1639433743, 4, 339, 361, 222, 7, 0.84%, 8, 0, 5, 1476.13
1639433753, 4, 345, 365, 225, 7, 0.84%, 8, 0, 5, 1403.15
1639433763, 4, 353, 365, 224, 6, 0.84%, 8, 0, 5, 1439.20
1639433768, 4, 353, 367, 226, 6, 0.84%, 8, 0, 5, 1469.81
1639433773, 4, 355, 370, 228, 5, 0.84%, 8, 0, 5, 1461.30
1639433778, 4, 358, 370, 227, 4, 0.84%, 8, 0, 5, 1440.96
1639433788, 4, 363, 378, 234, 4, 0.84%, 8, 0, 6, 1444.27
1639433793, 4, 363, 380, 236, 4, 0.84%, 8, 0, 6, 1445.02
1639433798, 4, 364, 382, 237, 3, 0.84%, 8, 0, 6, 1454.33
1639433808, 4, 372, 382, 236, 3, 0.84%, 8, 0, 6, 1430.88
1639433813, 4, 381, 382, 235, 2, 0.84%, 8, 0, 6, 1444.99
1639433823, 5, 292, 382, 231, 0, 0.84%, 8, 0, 6, 1448.99
1639433829, 5, 363, 384, 232, 1, 0.85%, 8, 0, 6, 1448.93
1639433834, 5, 382, 385, 232, 1, 0.85%, 8, 0, 6, 1449.96
1639433839, 6, 50, 386, 231, 1, 0.85%, 8, 0, 6, 1422.76
1639433844, 7, 24, 387, 228, 0, 0.85%, 8, 0, 6, 1410.65
1639433849, 7, 56, 387, 226, 0, 0.85%, 8, 0, 6, 1442.60
1639433854, 7, 81, 387, 222, 0, 0.85%, 9, 0, 6, 1452.71
1639433859, 7, 114, 387, 215, 0, 0.85%, 10, 0, 6, 1473.98
1639433864, 7, 144, 387, 211, 0, 0.85%, 10, 0, 6, 1760.96
1639433869, 7, 158, 387, 207, 0, 0.85%, 11, 0, 6, 1515.77
1639433874, 7, 191, 387, 203, 0, 0.85%, 11, 0, 6, 1483.21
1639433880, 7, 221, 388, 200, 0, 0.85%, 11, 0, 6, 1466.46
1639433885, 7, 387, 392, 202, 1, 0.85%, 11, 0, 6, 1403.46
1639433890, 7, 389, 394, 202, 1, 0.85%, 11, 0, 6, 1451.43
1639433895, 7, 392, 396, 203, 1, 0.86%, 11, 0, 6, 1425.08
1639433900, 7, 395, 396, 202, 1, 0.86%, 11, 0, 6, 1430.18
