# unix_time, cycles_done, cur_path, paths_total, pending_total, pending_favs, map_size, unique_crashes, unique_hangs, max_depth, execs_per_sec
1639589119, 0, 0, 1, 1, 1, 0.12%, 0, 0, 1, 2000.00
1639589124, 0, 0, 65, 65, 1, 0.41%, 2, 0, 2, 1281.00
1639589130, 0, 4, 85, 84, 38, 0.45%, 4, 0, 3, 1245.37
1639589135, 0, 13, 105, 99, 37, 0.47%, 4, 0, 3, 1873.09
1639589140, 0, 20, 118, 108, 33, 0.48%, 4, 0, 3, 1379.87
1639589145, 0, 40, 130, 110, 24, 0.49%, 5, 0, 3, 1235.40
1639589150, 0, 40, 133, 113, 24, 0.54%, 5, 0, 3, 1189.72
1639589155, 0, 62, 146, 119, 21, 0.56%, 6, 0, 3, 1123.96
1639589160, 0, 70, 158, 127, 19, 0.57%, 7, 0, 3, 1076.77
1639589165, 0, 70, 160, 129, 19, 0.57%, 7, 0, 3, 1019.03
1639589170, 0, 93, 168, 133, 15, 0.57%, 9, 0, 4, 1008.73
1639589175, 0, 103, 173, 135, 13, 0.58%, 9, 0, 4, 972.96
1639589180, 0, 131, 180, 137, 8, 0.58%, 9, 0, 4, 936.96
1639589185, 0, 131, 183, 140, 8, 0.59%, 11, 0, 4, 824.53
1639589191, 0, 155, 192, 147, 10, 0.60%, 12, 0, 4, 830.96
1639589196, 0, 167, 194, 148, 11, 0.60%, 12, 0, 4, 828.51
1639589201, 0, 171, 194, 146, 10, 0.60%, 12, 0, 4, 830.40
1639589206, 0, 173, 197, 147, 8, 0.60%, 12, 0, 5, 779.47
1639589211, 0, 181, 203, 151, 9, 0.61%, 12, 0, 5, 967.55
1639589216, 0, 186, 205, 152, 10, 0.61%, 12, 0, 5, 1183.83
1639589221, 0, 194, 213, 157, 7, 0.63%, 12, 0, 6, 1288.92
1639589226, 0, 197, 229, 172, 15, 0.67%, 13, 0, 6, 1328.30
1639589232, 0, 199, 234, 175, 17, 0.68%, 13, 0, 6, 1357.54
1639589237, 0, 204, 237, 176, 14, 0.69%, 13, 0, 6, 1373.63
1639589242, 0, 217, 239, 175, 12, 0.69%, 14, 0, 7, 1347.25
1639589247, 0, 223, 242, 175, 9, 0.69%, 14, 0, 7, 1382.49
1639589252, 0, 229, 245, 174, 5, 0.69%, 14, 0, 7, 1364.19
1639589257, 0, 229, 256, 185, 5, 0.69%, 14, 0, 7, 1367.04
1639589262, 0, 234, 260, 188, 6, 0.69%, 15, 0, 7, 1364.59
1639589267, 0, 243, 263, 189, 5, 0.69%, 15, 0, 8, 1320.02
1639589272, 0, 248, 264, 188, 4, 0.69%, 15, 0, 8, 1178.30
1639589277, 0, 250, 267, 190, 5, 0.70%, 15, 0, 8, 1320.70
1639589282, 0, 257, 272, 193, 5, 0.70%, 15, 0, 8, 1323.20
1639589287, 0, 263, 276, 196, 4, 0.70%, 15, 0, 9, 1316.14
1639589292, 0, 266, 276, 195, 3, 0.70%, 15, 0, 9, 1322.06
1639589297, 1, 87, 278, 194, 0, 0.70%, 15, 0, 9, 1313.42
1639589302, 1, 113, 279, 190, 0, 0.70%, 15, 0, 9, 1293.70
1639589307, 2, 90, 279, 183, 1, 0.70%, 15, 0, 9, 1287.05
1639589313, 2, 126, 280, 182, 0, 0.70%, 15, 0, 9, 1293.02
1639589318, 2, 159, 281, 178, 0, 0.70%, 15, 0, 9, 1260.90
1639589323, 2, 171, 283, 177, 0, 0.70%, 15, 0, 9, 1255.54
1639589328, 2, 188, 284, 178, 0, 0.70%, 15, 0, 9, 1256.72
1639589333, 2, 204, 286, 178, 0, 0.70%, 15, 0, 9, 1219.66
1639589338, 2, 213, 287, 177, 0, 0.70%, 15, 0, 9, 1234.83
1639589343, 2, 220, 287, 176, 0, 0.70%, 15, 0, 9, 1240.32
1639589348, 2, 225, 288, 177, 0, 0.70%, 15, 0, 9, 1249.36
1639589353, 2, 231, 288, 177, 0, 0.70%, 15, 0, 9, 1254.47
1639589358, 2, 243, 289, 176, 0, 0.70%, 15, 0, 9, 1299.76
1639589364, 2, 289, 291, 177, 1, 0.70%, 15, 0, 9, 1291.36
1639589369, 2, 289, 292, 178, 1, 0.70%, 15, 0, 9, 1274.95
1639589374, 3, 4, 292, 175, 0, 0.70%, 15, 0, 9, 1257.36
1639589379, 3, 99, 293, 173, 1, 0.70%, 15, 0, 9, 1183.68
1639589384, 3, 269, 293, 171, 1, 0.70%, 15, 0, 9, 1172.09
1639589389, 4, 200, 294, 169, 1, 0.70%, 15, 0, 9, 1205.01
1639589394, 5, 14, 295, 167, 0, 0.70%, 15, 0, 9, 1296.48
1639589399, 5, 49, 296, 164, 0, 0.70%, 15, 0, 9, 1313.50
1639589404, 5, 85, 296, 160, 0, 0.70%, 15, 0, 9, 1258.12
1639589409, 5, 99, 296, 157, 0, 0.70%, 15, 0, 9, 1225.11
1639589414, 5, 144, 296, 151, 0, 0.70%, 15, 0, 9, 1216.20
