# unix_time, cycles_done, cur_path, paths_total, pending_total, pending_favs, map_size, unique_crashes, unique_hangs, max_depth, execs_per_sec
1639604548, 0, 0, 957, 957, 75, 0.83%, 0, 0, 1, 969.48
1639604553, 0, 82, 959, 951, 69, 0.83%, 3, 0, 2, 1075.53
1639604559, 0, 135, 960, 942, 60, 0.83%, 6, 0, 2, 1142.90
1639604564, 0, 235, 960, 932, 51, 0.83%, 6, 0, 2, 1187.58
1639604569, 0, 319, 961, 924, 43, 0.84%, 6, 0, 2, 1256.04
1639604574, 0, 434, 962, 915, 35, 0.84%, 6, 0, 2, 1345.12
1639604579, 0, 655, 963, 907, 30, 0.84%, 6, 0, 2, 1388.81
1639604584, 0, 739, 963, 899, 23, 0.84%, 8, 0, 2, 1419.10
1639604589, 0, 861, 964, 889, 13, 0.85%, 8, 0, 2, 1463.00
1639604594, 0, 956, 965, 882, 6, 0.85%, 10, 0, 2, 1452.15
1639604599, 0, 967, 970, 880, 2, 0.86%, 10, 0, 5, 1453.12
1639604604, 1, 24, 970, 873, 0, 0.86%, 10, 0, 5, 1440.77
1639604609, 1, 68, 970, 866, 0, 0.86%, 11, 0, 5, 1456.35
1639604615, 1, 91, 970, 860, 0, 0.86%, 11, 0, 5, 1452.93
1639604620, 1, 116, 970, 855, 0, 0.86%, 11, 0, 5, 1474.00
1639604625, 1, 140, 970, 850, 0, 0.86%, 11, 0, 5, 1460.32
1639604630, 1, 175, 970, 844, 0, 0.86%, 11, 0, 5, 1467.75
1639604635, 1, 197, 970, 835, 0, 0.86%, 11, 0, 5, 1444.06
1639604640, 1, 241, 970, 828, 0, 0.86%, 11, 0, 5, 1463.75
1639604645, 1, 264, 970, 821, 0, 0.86%, 11, 0, 5, 1462.98
1639604650, 1, 279, 970, 814, 0, 0.86%, 11, 0, 5, 1456.59
1639604655, 1, 302, 970, 806, 0, 0.86%, 11, 0, 5, 1438.59
1639604660, 1, 330, 970, 798, 0, 0.86%, 11, 0, 5, 1440.50
1639604666, 1, 363, 970, 787, 0, 0.86%, 11, 0, 5, 1428.69
1639604671, 1, 402, 970, 779, 0, 0.86%, 12, 0, 5, 1448.39
1639604676, 1, 442, 970, 772, 0, 0.86%, 12, 0, 5, 1450.74
1639604681, 1, 475, 970, 764, 0, 0.86%, 12, 0, 5, 1447.23
1639604686, 1, 538, 970, 755, 0, 0.86%, 12, 0, 5, 1460.11
1639604691, 1, 582, 970, 746, 0, 0.86%, 12, 0, 5, 1405.07
1639604696, 1, 606, 970, 741, 0, 0.86%, 12, 0, 5, 1404.45
1639604701, 1, 644, 970, 731, 0, 0.86%, 12, 0, 5, 1432.38
1639604706, 1, 667, 970, 728, 0, 0.86%, 12, 0, 5, 1444.51
1639604712, 1, 696, 970, 721, 0, 0.86%, 12, 0, 5, 1451.70
1639604717, 1, 731, 970, 713, 0, 0.86%, 12, 0, 5, 1461.90
1639604722, 1, 751, 970, 706, 0, 0.86%, 12, 0, 5, 1443.87
1639604727, 1, 792, 970, 698, 0, 0.86%, 12, 0, 5, 1429.08
1639604732, 1, 831, 970, 690, 0, 0.86%, 12, 0, 5, 1440.13
1639604737, 1, 856, 970, 684, 0, 0.86%, 12, 0, 5, 1447.26
1639604742, 1, 894, 970, 677, 0, 0.86%, 12, 0, 5, 1446.49
1639604747, 1, 925, 970, 668, 0, 0.86%, 12, 0, 5, 1457.38
1639604752, 1, 960, 970, 661, 0, 0.86%, 12, 0, 5, 1453.10
1639604757, 2, 5, 971, 661, 0, 0.86%, 12, 0, 6, 1456.82
1639604762, 2, 46, 971, 655, 0, 0.86%, 12, 0, 6, 1452.09
1639604767, 2, 77, 971, 647, 0, 0.86%, 12, 0, 6, 1459.73
1639604772, 2, 116, 971, 643, 0, 0.86%, 12, 0, 6, 1461.01
1639604778, 2, 160, 971, 637, 0, 0.86%, 12, 0, 6, 1449.81
1639604783, 2, 188, 971, 631, 0, 0.86%, 12, 0, 6, 1412.73
1639604788, 2, 233, 971, 625, 0, 0.86%, 12, 0, 6, 1404.56
1639604793, 2, 260, 971, 618, 0, 0.86%, 12, 0, 6, 1409.47
1639604798, 2, 300, 971, 613, 0, 0.86%, 12, 0, 6, 1409.16
1639604803, 2, 371, 971, 605, 0, 0.86%, 14, 0, 6, 1812.21
1639604808, 2, 413, 971, 599, 0, 0.86%, 14, 0, 6, 1504.00
1639604813, 2, 450, 971, 592, 0, 0.86%, 15, 0, 6, 1445.92
1639604818, 2, 479, 971, 586, 0, 0.86%, 15, 0, 6, 1430.93
1639604823, 2, 525, 971, 578, 0, 0.86%, 15, 0, 6, 1450.67
1639604829, 2, 567, 971, 567, 0, 0.86%, 17, 0, 6, 1439.78
1639604834, 2, 594, 971, 560, 0, 0.86%, 17, 0, 6, 1387.37
1639604839, 2, 617, 971, 557, 0, 0.86%, 17, 0, 6, 1373.81
