# unix_time, cycles_done, cur_path, paths_total, pending_total, pending_favs, map_size, unique_crashes, unique_hangs, max_depth, execs_per_sec
1639560994, 0, 0, 1, 1, 1, 0.12%, 0, 0, 1, 1600.00
1639560999, 0, 0, 83, 83, 1, 0.46%, 3, 0, 2, 1418.50
1639561005, 0, 13, 124, 121, 40, 0.51%, 4, 0, 3, 2144.02
1639561010, 0, 25, 140, 130, 38, 0.52%, 5, 0, 3, 1574.25
1639561015, 0, 49, 158, 135, 26, 0.54%, 6, 0, 3, 1445.85
1639561020, 0, 83, 165, 133, 20, 0.54%, 6, 0, 3, 1402.50
1639561025, 0, 121, 177, 137, 12, 0.54%, 6, 0, 4, 1394.69
1639561030, 0, 122, 185, 144, 11, 0.56%, 6, 0, 4, 1361.66
1639561035, 0, 134, 196, 153, 15, 0.57%, 6, 0, 4, 1333.82
1639561040, 0, 152, 207, 161, 16, 0.58%, 7, 0, 4, 1337.94
1639561045, 0, 158, 219, 172, 15, 0.60%, 7, 0, 4, 1377.77
1639561050, 0, 175, 224, 175, 19, 0.60%, 8, 0, 5, 1397.26
1639561055, 0, 180, 231, 178, 17, 0.63%, 8, 0, 5, 1397.29
1639561060, 0, 191, 235, 178, 17, 0.63%, 8, 0, 5, 1400.82
1639561065, 0, 195, 237, 177, 14, 0.63%, 8, 0, 5, 1375.03
1639561071, 0, 210, 239, 176, 12, 0.63%, 9, 0, 5, 1403.62
1639561076, 0, 217, 240, 174, 10, 0.63%, 9, 0, 5, 1419.56
1639561081, 0, 226, 244, 174, 8, 0.64%, 9, 0, 6, 1392.95
1639561086, 0, 238, 247, 173, 5, 0.64%, 9, 0, 6, 1390.25
1639561091, 0, 246, 249, 171, 1, 0.64%, 9, 0, 7, 1381.76
1639561096, 1, 40, 251, 169, 0, 0.64%, 9, 0, 7, 1383.51
1639561101, 1, 66, 253, 169, 0, 0.64%, 9, 0, 7, 1395.68
1639561106, 2, 23, 254, 164, 0, 0.64%, 10, 0, 7, 1402.99
1639561111, 2, 54, 255, 164, 0, 0.65%, 10, 0, 7, 1385.64
1639561116, 3, 11, 255, 158, 0, 0.65%, 10, 0, 7, 1356.16
1639561121, 3, 40, 257, 156, 0, 0.65%, 10, 0, 7, 1380.80
1639561126, 3, 57, 257, 153, 0, 0.65%, 11, 0, 7, 1385.85
1639561131, 3, 78, 257, 149, 0, 0.65%, 11, 0, 7, 1375.73
1639561137, 3, 100, 262, 149, 0, 0.65%, 11, 0, 7, 1389.32
1639561142, 3, 131, 264, 146, 0, 0.65%, 11, 0, 7, 1351.80
1639561147, 3, 174, 264, 141, 0, 0.65%, 11, 0, 7, 1374.80
1639561152, 3, 265, 267, 143, 1, 0.65%, 11, 0, 7, 1396.94
1639561157, 4, 23, 267, 140, 0, 0.65%, 11, 0, 7, 1385.52
1639561162, 4, 52, 268, 140, 0, 0.65%, 11, 0, 7, 1365.81
1639561167, 4, 73, 269, 137, 0, 0.65%, 12, 0, 7, 1370.94
1639561172, 4, 107, 269, 131, 0, 0.65%, 12, 0, 7, 1360.54
1639561177, 4, 141, 271, 129, 0, 0.65%, 12, 0, 7, 1369.75
1639561183, 4, 175, 271, 124, 0, 0.65%, 12, 0, 7, 1345.56
1639561188, 4, 182, 271, 123, 0, 0.65%, 12, 0, 7, 1348.87
1639561193, 4, 194, 271, 123, 0, 0.65%, 12, 0, 7, 1388.92
1639561198, 4, 202, 272, 122, 0, 0.65%, 12, 0, 7, 1388.08
1639561203, 4, 215, 272, 121, 0, 0.65%, 12, 0, 7, 1365.96
1639561208, 4, 219, 272, 121, 0, 0.65%, 12, 0, 7, 1397.30
1639561213, 4, 227, 273, 120, 0, 0.65%, 12, 0, 7, 1367.32
1639561219, 4, 238, 274, 119, 0, 0.65%, 12, 0, 7, 1390.02
1639561224, 4, 246, 274, 117, 0, 0.65%, 12, 0, 7, 1381.45
1639561229, 4, 255, 275, 116, 0, 0.65%, 12, 0, 7, 1400.60
1639561234, 4, 266, 275, 114, 0, 0.65%, 13, 0, 7, 1404.23
1639561239, 4, 268, 277, 115, 0, 0.65%, 13, 0, 7, 1406.65
1639561244, 5, 3, 277, 113, 0, 0.65%, 13, 0, 7, 1399.01
1639561249, 5, 40, 277, 111, 0, 0.65%, 13, 0, 7, 1370.22
1639561254, 5, 83, 277, 110, 0, 0.65%, 13, 0, 7, 1382.05
1639561259, 5, 118, 278, 107, 0, 0.65%, 13, 0, 7, 1376.06
1639561264, 5, 160, 278, 103, 0, 0.65%, 13, 0, 7, 1381.23
1639561270, 5, 177, 278, 100, 0, 0.65%, 13, 0, 7, 1406.34
1639561275, 5, 279, 281, 102, 1, 0.66%, 13, 0, 7, 1401.08
1639561280, 5, 280, 282, 102, 1, 0.67%, 13, 0, 7, 1378.26
1639561285, 5, 281, 282, 101, 1, 0.67%, 13, 0, 7, 1378.90
1639561290, 6, 42, 284, 102, 0, 0.67%, 13, 0, 7, 1380.31
