# unix_time, cycles_done, cur_path, paths_total, pending_total, pending_favs, map_size, unique_crashes, unique_hangs, max_depth, execs_per_sec
1639550136, 0, 0, 1, 1, 1, 0.12%, 0, 0, 1, 1142.86
1639550141, 0, 0, 67, 67, 1, 0.44%, 3, 0, 2, 1385.00
1639550146, 0, 7, 81, 78, 33, 0.47%, 3, 0, 3, 1451.11
1639550151, 0, 18, 118, 111, 36, 0.50%, 3, 0, 3, 1437.29
1639550156, 0, 32, 153, 138, 32, 0.54%, 3, 0, 3, 1444.06
1639550161, 0, 62, 161, 132, 21, 0.54%, 3, 0, 3, 1465.65
1639550166, 0, 83, 167, 131, 16, 0.55%, 4, 0, 4, 1469.83
1639550171, 0, 112, 175, 137, 16, 0.56%, 4, 0, 4, 1469.42
1639550176, 0, 138, 183, 142, 17, 0.57%, 4, 0, 4, 1463.63
1639550181, 0, 142, 186, 143, 17, 0.57%, 4, 0, 4, 1466.94
1639550186, 0, 144, 195, 150, 15, 0.58%, 4, 0, 4, 1442.41
1639550191, 0, 163, 202, 152, 11, 0.58%, 4, 0, 5, 1456.09
1639550196, 0, 175, 203, 150, 8, 0.58%, 5, 0, 5, 1473.10
1639550202, 0, 180, 206, 150, 5, 0.58%, 5, 0, 5, 1447.50
1639550207, 0, 189, 206, 146, 2, 0.58%, 5, 0, 5, 1473.17
1639550212, 1, 9, 210, 148, 0, 0.58%, 5, 0, 5, 1464.39
1639550217, 2, 0, 214, 149, 0, 0.58%, 5, 0, 5, 1475.41
1639550222, 2, 20, 216, 149, 0, 0.58%, 5, 0, 5, 1475.35
1639550227, 2, 217, 221, 151, 1, 0.60%, 5, 0, 5, 1477.14
1639550232, 2, 218, 229, 158, 8, 0.63%, 5, 0, 5, 1474.48
1639550237, 2, 220, 230, 157, 6, 0.63%, 5, 0, 5, 1477.39
1639550242, 2, 221, 233, 159, 7, 0.67%, 5, 0, 5, 1479.03
1639550247, 2, 223, 234, 159, 8, 0.67%, 5, 0, 5, 1480.88
1639550252, 2, 226, 243, 166, 14, 0.68%, 5, 0, 5, 1490.02
1639550257, 2, 228, 246, 168, 13, 0.68%, 5, 0, 5, 1485.17
1639550262, 2, 230, 246, 166, 12, 0.68%, 5, 0, 5, 1473.08
1639550267, 2, 235, 246, 163, 9, 0.68%, 5, 0, 5, 1468.43
1639550272, 2, 237, 248, 163, 7, 0.68%, 5, 0, 6, 1472.69
1639550277, 2, 238, 249, 163, 7, 0.69%, 5, 0, 6, 1490.55
1639550283, 2, 240, 252, 164, 6, 0.69%, 5, 0, 6, 1482.27
1639550288, 2, 242, 252, 162, 4, 0.69%, 5, 0, 6, 1483.66
1639550293, 2, 245, 255, 164, 3, 0.69%, 5, 0, 6, 1482.30
1639550298, 2, 250, 260, 167, 1, 0.69%, 5, 0, 7, 1454.86
1639550303, 2, 250, 263, 170, 1, 0.70%, 6, 0, 7, 1443.90
1639550308, 2, 258, 265, 170, 4, 0.70%, 7, 0, 8, 1441.26
1639550313, 2, 261, 270, 174, 4, 0.71%, 8, 0, 8, 1440.91
1639550318, 2, 262, 275, 178, 7, 0.71%, 8, 0, 8, 1455.48
1639550323, 2, 263, 276, 178, 6, 0.71%, 8, 0, 9, 1427.30
1639550328, 2, 265, 283, 184, 5, 0.72%, 9, 0, 9, 1437.74
1639550333, 2, 266, 285, 185, 6, 0.72%, 10, 0, 9, 2121.45
1639550338, 2, 267, 287, 186, 5, 0.72%, 10, 0, 9, 1562.45
1639550344, 2, 270, 287, 185, 4, 0.72%, 12, 0, 9, 1470.28
1639550349, 2, 282, 290, 186, 2, 0.73%, 13, 0, 10, 1450.11
1639550359, 2, 283, 292, 187, 2, 0.73%, 13, 0, 10, 1422.44
1639550364, 2, 283, 293, 188, 2, 0.73%, 13, 0, 10, 1438.10
1639550369, 2, 289, 295, 189, 1, 0.73%, 13, 0, 11, 1369.12
1639550374, 3, 251, 296, 186, 1, 0.73%, 13, 0, 11, 1431.44
1639550379, 4, 0, 297, 185, 0, 0.73%, 13, 0, 11, 1451.66
1639550384, 4, 25, 297, 182, 0, 0.73%, 13, 0, 11, 1455.74
1639550389, 4, 51, 298, 181, 0, 0.73%, 13, 0, 11, 1461.48
1639550394, 4, 72, 298, 177, 0, 0.73%, 13, 0, 11, 1471.59
1639550399, 4, 176, 299, 174, 2, 0.73%, 13, 0, 11, 1458.96
1639550405, 4, 260, 303, 178, 2, 0.73%, 13, 0, 11, 1445.70
1639550410, 4, 298, 303, 177, 2, 0.73%, 13, 0, 11, 1454.95
1639550415, 5, 69, 306, 175, 0, 0.73%, 13, 0, 11, 1439.53
1639550420, 5, 96, 307, 173, 0, 0.73%, 13, 0, 11, 1452.26
1639550425, 5, 137, 308, 166, 0, 0.73%, 13, 0, 11, 1476.63
1639550430, 5, 163, 310, 165, 0, 0.73%, 13, 0, 11, 1438.85
1639550435, 5, 172, 310, 164, 0, 0.73%, 13, 0, 11, 1480.87
