# unix_time, cycles_done, cur_path, paths_total, pending_total, pending_favs, map_size, unique_crashes, unique_hangs, max_depth, execs_per_sec
1639511832, 0, 0, 1, 1, 1, 0.12%, 0, 0, 1, 500.00
1639511837, 0, 0, 64, 64, 1, 0.41%, 13, 0, 2, 1128.95
1639511842, 0, 24, 107, 99, 33, 0.46%, 14, 0, 3, 1897.68
1639511847, 0, 24, 117, 109, 33, 0.47%, 15, 0, 3, 1399.66
1639511852, 0, 48, 122, 100, 22, 0.48%, 17, 0, 3, 1352.44
1639511858, 0, 64, 134, 107, 19, 0.49%, 17, 0, 3, 1347.40
1639511863, 0, 80, 153, 120, 21, 0.54%, 18, 0, 3, 1354.95
1639511868, 0, 111, 175, 136, 18, 0.56%, 19, 0, 4, 1340.56
1639511873, 0, 138, 186, 141, 15, 0.57%, 19, 0, 4, 1360.01
1639511878, 0, 149, 189, 141, 12, 0.57%, 19, 0, 4, 1339.56
1639511883, 0, 157, 196, 145, 11, 0.58%, 19, 0, 5, 1367.64
1639511888, 0, 158, 205, 153, 12, 0.59%, 19, 0, 5, 1316.34
1639511893, 0, 170, 209, 156, 14, 0.60%, 20, 0, 5, 1299.60
1639511898, 0, 176, 213, 158, 14, 0.60%, 21, 0, 5, 1290.40
1639511903, 0, 181, 217, 160, 12, 0.60%, 21, 0, 5, 1325.40
1639511908, 0, 191, 220, 160, 11, 0.60%, 21, 0, 6, 1371.26
1639511913, 0, 193, 223, 161, 10, 0.60%, 22, 0, 6, 1359.79
1639511919, 0, 204, 224, 159, 7, 0.60%, 22, 0, 6, 1327.58
1639511924, 0, 215, 228, 159, 4, 0.61%, 22, 0, 6, 1311.89
1639511929, 0, 221, 231, 160, 2, 0.61%, 22, 0, 6, 1304.24
1639511934, 1, 21, 231, 156, 0, 0.61%, 22, 0, 6, 1281.72
1639511939, 1, 38, 231, 153, 0, 0.61%, 22, 0, 6, 1308.52
1639511944, 1, 55, 233, 151, 0, 0.61%, 23, 0, 6, 1334.42
1639511949, 1, 76, 234, 148, 0, 0.61%, 23, 0, 6, 1315.71
1639511954, 1, 236, 240, 151, 2, 0.62%, 23, 0, 7, 1341.30
1639511959, 1, 237, 242, 152, 2, 0.64%, 23, 0, 7, 1336.41
1639511964, 1, 238, 243, 152, 3, 0.64%, 23, 0, 8, 1298.44
1639511969, 1, 241, 247, 154, 2, 0.64%, 23, 0, 8, 1301.69
1639511974, 1, 243, 250, 156, 1, 0.64%, 23, 0, 9, 1311.38
1639511979, 1, 248, 252, 157, 2, 0.65%, 23, 0, 9, 1330.79
1639511984, 2, 18, 255, 155, 0, 0.65%, 23, 0, 10, 1403.42
1639511989, 2, 40, 255, 154, 0, 0.65%, 23, 0, 10, 1413.81
1639511995, 2, 74, 257, 155, 0, 0.65%, 23, 0, 10, 1423.31
1639512000, 2, 98, 259, 149, 0, 0.65%, 23, 0, 10, 1413.94
1639512005, 2, 120, 260, 146, 0, 0.65%, 23, 0, 10, 1438.51
1639512010, 2, 260, 262, 145, 1, 0.65%, 23, 0, 10, 1416.31
1639512015, 3, 183, 264, 143, 1, 0.65%, 23, 0, 10, 1266.97
1639512020, 4, 24, 265, 138, 0, 0.65%, 23, 0, 10, 1235.24
1639512025, 4, 48, 266, 139, 0, 0.65%, 23, 0, 10, 1230.98
1639512030, 4, 264, 272, 144, 1, 0.66%, 23, 0, 10, 1129.73
1639512035, 4, 264, 275, 147, 1, 0.66%, 23, 0, 10, 1125.15
1639512040, 4, 268, 277, 148, 5, 0.70%, 23, 0, 10, 1121.00
1639512050, 4, 269, 277, 147, 6, 0.70%, 23, 0, 10, 468.27
1639512056, 4, 269, 281, 151, 6, 0.70%, 23, 0, 10, 752.26
1639512061, 4, 272, 281, 150, 7, 0.70%, 23, 0, 10, 799.57
1639512066, 4, 274, 281, 149, 6, 0.70%, 23, 0, 10, 884.85
1639512071, 4, 274, 283, 151, 6, 0.70%, 23, 0, 10, 976.65
1639512076, 4, 274, 285, 153, 6, 0.70%, 23, 0, 10, 1079.13
1639512081, 4, 275, 297, 164, 5, 0.72%, 23, 0, 10, 1083.26
1639512086, 4, 275, 300, 167, 5, 0.72%, 23, 0, 10, 1142.46
1639512091, 4, 276, 303, 169, 13, 0.72%, 23, 0, 10, 1185.26
1639512096, 4, 280, 305, 170, 12, 0.72%, 23, 0, 10, 1175.04
1639512106, 4, 285, 307, 171, 12, 0.72%, 23, 0, 10, 1258.77
1639512111, 4, 286, 307, 170, 11, 0.72%, 23, 0, 10, 1225.36
1639512116, 4, 287, 308, 170, 10, 0.72%, 23, 0, 10, 1189.72
1639512122, 4, 288, 308, 169, 9, 0.72%, 23, 0, 10, 1196.04
1639512127, 4, 291, 308, 168, 8, 0.72%, 23, 0, 10, 1214.64
