# unix_time, cycles_done, cur_path, paths_total, pending_total, pending_favs, map_size, unique_crashes, unique_hangs, max_depth, execs_per_sec
1639557375, 0, 0, 1, 1, 1, 0.12%, 0, 0, 1, 2000.00
1639557380, 0, 0, 82, 82, 1, 0.42%, 5, 0, 2, 1543.80
1639557385, 0, 9, 101, 97, 34, 0.47%, 5, 0, 3, 1451.99
1639557390, 0, 24, 114, 103, 29, 0.48%, 5, 0, 3, 1436.60
1639557395, 0, 38, 123, 107, 28, 0.49%, 5, 0, 3, 1428.06
1639557400, 0, 43, 136, 118, 29, 0.52%, 5, 0, 3, 1452.41
1639557405, 0, 77, 148, 121, 20, 0.52%, 6, 0, 3, 1444.40
1639557410, 0, 97, 171, 139, 18, 0.54%, 6, 0, 3, 1440.34
1639557416, 0, 124, 179, 141, 13, 0.54%, 8, 0, 4, 1443.62
1639557421, 0, 165, 182, 136, 6, 0.54%, 8, 0, 4, 1376.32
1639557426, 0, 181, 185, 135, 3, 0.54%, 8, 0, 4, 1415.57
1639557431, 2, 38, 186, 130, 0, 0.54%, 9, 0, 4, 1436.88
1639557436, 2, 186, 188, 130, 1, 0.55%, 9, 0, 4, 1457.15
1639557441, 2, 187, 194, 135, 2, 0.56%, 9, 0, 5, 1450.49
1639557446, 2, 188, 197, 137, 4, 0.56%, 9, 0, 5, 1445.83
1639557451, 2, 189, 204, 143, 4, 0.57%, 9, 0, 6, 1423.62
1639557456, 2, 190, 209, 147, 6, 0.58%, 9, 0, 6, 1450.00
1639557462, 2, 196, 212, 148, 7, 0.58%, 9, 0, 6, 1435.64
1639557467, 2, 200, 220, 155, 6, 0.58%, 9, 0, 7, 1396.92
1639557472, 2, 201, 224, 158, 9, 0.59%, 9, 0, 7, 1401.87
1639557477, 2, 207, 228, 160, 8, 0.60%, 10, 0, 7, 1455.54
1639557482, 2, 209, 231, 161, 6, 0.60%, 10, 0, 7, 1435.87
1639557487, 2, 209, 233, 163, 6, 0.61%, 10, 0, 7, 1424.66
1639557492, 2, 220, 237, 165, 9, 0.61%, 10, 0, 8, 1412.92
1639557497, 2, 220, 240, 168, 9, 0.61%, 11, 0, 8, 1394.22
1639557502, 2, 222, 243, 169, 9, 0.61%, 11, 0, 8, 1391.93
1639557507, 2, 222, 247, 173, 9, 0.61%, 11, 0, 8, 1422.15
1639557512, 2, 227, 251, 176, 8, 0.64%, 11, 0, 8, 1426.57
1639557517, 2, 231, 254, 177, 10, 0.64%, 11, 0, 8, 1438.02
1639557522, 2, 233, 255, 177, 9, 0.64%, 11, 0, 9, 1428.33
1639557528, 2, 234, 256, 177, 9, 0.65%, 11, 0, 9, 1437.71
1639557533, 2, 235, 257, 177, 8, 0.65%, 11, 0, 9, 1445.09
1639557538, 2, 237, 258, 177, 8, 0.65%, 11, 0, 9, 1464.22
1639557543, 2, 247, 258, 175, 6, 0.65%, 11, 0, 9, 1438.51
1639557548, 2, 247, 259, 176, 6, 0.65%, 11, 0, 9, 1452.34
1639557553, 2, 249, 260, 175, 4, 0.65%, 11, 0, 9, 1450.07
1639557558, 2, 255, 261, 174, 2, 0.65%, 11, 0, 10, 1454.45
1639557563, 2, 256, 264, 176, 1, 0.65%, 11, 0, 10, 1413.87
1639557568, 2, 256, 265, 177, 1, 0.65%, 11, 0, 10, 1415.46
1639557573, 2, 260, 268, 178, 0, 0.67%, 11, 0, 11, 1400.04
1639557578, 2, 267, 270, 179, 1, 0.70%, 11, 0, 12, 1424.83
1639557584, 2, 269, 272, 180, 1, 0.70%, 12, 0, 13, 1437.29
1639557594, 2, 270, 274, 181, 1, 0.71%, 12, 0, 14, 1435.74
1639557599, 2, 272, 274, 180, 2, 0.71%, 12, 0, 14, 1452.62
1639557609, 2, 273, 274, 179, 1, 0.71%, 12, 0, 14, 1462.46
1639557614, 3, 6, 274, 176, 0, 0.71%, 12, 0, 14, 1462.24
1639557619, 3, 24, 274, 172, 0, 0.71%, 12, 0, 14, 1446.51
1639557624, 3, 59, 274, 169, 0, 0.71%, 12, 0, 14, 1450.28
1639557629, 3, 83, 276, 166, 0, 0.71%, 12, 0, 14, 1453.35
1639557634, 3, 104, 278, 163, 0, 0.71%, 12, 0, 14, 1440.15
1639557639, 3, 139, 279, 156, 0, 0.71%, 12, 0, 14, 2201.76
1639557644, 3, 213, 281, 152, 1, 0.71%, 12, 0, 14, 1556.78
1639557649, 3, 280, 281, 150, 1, 0.71%, 12, 0, 14, 1354.13
1639557654, 4, 0, 282, 149, 0, 0.71%, 12, 0, 14, 1358.12
1639557659, 4, 24, 285, 150, 0, 0.71%, 12, 0, 14, 1432.02
1639557664, 4, 59, 285, 147, 0, 0.71%, 12, 0, 14, 1436.39
1639557669, 4, 85, 285, 143, 0, 0.71%, 12, 0, 14, 1441.82
1639557674, 4, 110, 286, 139, 0, 0.71%, 13, 0, 14, 1432.47
