# unix_time, cycles_done, cur_path, paths_total, pending_total, pending_favs, map_size, unique_crashes, unique_hangs, max_depth, execs_per_sec
1639440798, 0, 0, 1, 1, 1, 0.12%, 0, 0, 1, 1600.00
1639440803, 0, 0, 76, 76, 1, 0.40%, 3, 0, 2, 1455.08
1639440808, 0, 12, 99, 94, 31, 0.43%, 4, 0, 3, 1450.22
1639440813, 0, 19, 109, 103, 31, 0.43%, 8, 0, 3, 1404.07
1639440819, 0, 40, 134, 119, 26, 0.46%, 8, 0, 3, 1404.98
1639440824, 0, 65, 148, 122, 15, 0.47%, 8, 0, 3, 1410.77
1639440829, 0, 85, 158, 129, 13, 0.48%, 8, 0, 4, 1411.86
1639440834, 0, 115, 162, 129, 13, 0.50%, 8, 0, 4, 1401.86
1639440839, 0, 126, 165, 129, 10, 0.50%, 8, 0, 4, 1429.57
1639440844, 0, 137, 173, 132, 6, 0.50%, 8, 0, 4, 1428.39
1639440849, 0, 154, 180, 137, 4, 0.51%, 8, 0, 5, 1416.79
1639440854, 0, 155, 187, 143, 8, 0.52%, 9, 0, 5, 1396.41
1639440859, 0, 156, 190, 145, 10, 0.52%, 9, 0, 5, 1411.03
1639440864, 0, 158, 199, 153, 9, 0.53%, 10, 0, 5, 1444.82
1639440869, 0, 176, 209, 162, 10, 0.55%, 11, 0, 6, 1396.86
1639440874, 0, 187, 217, 167, 9, 0.55%, 11, 0, 6, 1385.55
1639440879, 0, 199, 218, 165, 7, 0.55%, 11, 0, 6, 1408.30
1639440884, 0, 202, 223, 168, 6, 0.58%, 13, 0, 7, 1402.50
1639440890, 0, 215, 226, 168, 6, 0.58%, 13, 0, 7, 1420.68
1639440895, 0, 218, 226, 166, 4, 0.58%, 13, 0, 7, 1379.88
1639440900, 0, 227, 230, 166, 2, 0.60%, 13, 0, 9, 1425.42
1639440905, 0, 227, 234, 170, 2, 0.62%, 13, 0, 9, 1438.63
1639440910, 0, 231, 238, 171, 4, 0.63%, 13, 0, 10, 1433.01
1639440915, 0, 233, 240, 172, 4, 0.63%, 13, 0, 10, 1411.11
1639440920, 0, 236, 246, 177, 3, 0.63%, 13, 0, 11, 1431.00
1639440925, 0, 238, 251, 181, 3, 0.64%, 13, 0, 11, 1436.65
1639440930, 0, 242, 254, 183, 3, 0.64%, 13, 0, 12, 1449.58
1639440935, 0, 247, 260, 188, 3, 0.64%, 13, 0, 12, 1419.89
1639440940, 0, 253, 262, 189, 2, 0.64%, 13, 0, 13, 1419.92
1639440945, 1, 189, 265, 191, 1, 0.64%, 13, 0, 13, 1372.55
1639440950, 1, 199, 266, 190, 0, 0.64%, 13, 0, 13, 1421.36
1639440956, 2, 9, 267, 189, 0, 0.64%, 13, 0, 13, 1441.00
1639440961, 2, 42, 268, 186, 0, 0.64%, 13, 0, 13, 1441.83
1639440966, 2, 65, 268, 182, 0, 0.64%, 13, 0, 13, 1422.78
1639440971, 2, 99, 270, 180, 0, 0.64%, 14, 0, 13, 1438.24
1639440976, 2, 126, 273, 179, 0, 0.64%, 14, 0, 13, 1415.89
1639440981, 2, 275, 280, 184, 1, 0.65%, 14, 0, 13, 1417.59
1639440986, 2, 279, 280, 183, 1, 0.65%, 14, 0, 13, 1427.35
1639440991, 3, 11, 281, 183, 0, 0.65%, 14, 0, 13, 1435.17
1639440996, 3, 43, 281, 178, 0, 0.65%, 15, 0, 13, 1442.92
1639441001, 3, 64, 283, 177, 0, 0.65%, 16, 0, 13, 1445.80
1639441006, 3, 92, 283, 172, 0, 0.65%, 16, 0, 13, 1440.46
1639441011, 3, 115, 283, 166, 0, 0.65%, 16, 0, 13, 1406.05
1639441016, 3, 133, 284, 163, 0, 0.65%, 16, 0, 13, 1432.75
1639441021, 3, 148, 286, 159, 0, 0.65%, 16, 0, 13, 1440.61
1639441026, 3, 160, 286, 157, 0, 0.65%, 16, 0, 13, 1434.78
1639441032, 3, 177, 286, 153, 0, 0.65%, 16, 0, 13, 1429.43
1639441037, 3, 185, 286, 151, 0, 0.65%, 16, 0, 13, 1395.93
1639441042, 3, 189, 287, 150, 0, 0.65%, 16, 0, 13, 1411.65
1639441047, 3, 200, 287, 149, 0, 0.65%, 16, 0, 13, 1418.88
1639441052, 3, 205, 289, 150, 0, 0.65%, 16, 0, 13, 1368.77
1639441057, 3, 217, 290, 149, 0, 0.65%, 16, 0, 13, 1404.56
1639441062, 3, 290, 294, 152, 1, 0.65%, 16, 0, 13, 1431.16
1639441067, 3, 293, 294, 151, 1, 0.65%, 16, 0, 13, 1412.91
1639441072, 4, 26, 294, 147, 0, 0.65%, 16, 0, 13, 1420.42
1639441077, 4, 64, 294, 143, 0, 0.65%, 16, 0, 13, 1436.36
1639441082, 4, 106, 294, 140, 0, 0.65%, 16, 0, 13, 1427.69
1639441087, 4, 134, 294, 137, 0, 0.65%, 16, 0, 13, 1590.18
1639441093, 4, 177, 295, 136, 0, 0.65%, 16, 0, 13, 1847.19
1639441098, 4, 189, 298, 139, 0, 0.65%, 16, 0, 13, 1472.82
