# unix_time, cycles_done, cur_path, paths_total, pending_total, pending_favs, map_size, unique_crashes, unique_hangs, max_depth, execs_per_sec
1639545622, 0, 0, 1, 1, 1, 0.12%, 0, 0, 1, 1600.00
1639545627, 0, 0, 79, 79, 1, 0.45%, 4, 0, 2, 1487.22
1639545632, 0, 14, 101, 95, 34, 0.49%, 5, 0, 3, 1470.76
1639545638, 0, 18, 114, 107, 33, 0.50%, 5, 0, 3, 1482.44
1639545643, 0, 42, 132, 112, 22, 0.51%, 5, 0, 3, 1487.75
1639545648, 0, 71, 146, 118, 16, 0.52%, 5, 0, 3, 1493.73
1639545653, 0, 118, 155, 120, 11, 0.53%, 5, 0, 4, 1484.83
1639545658, 0, 123, 160, 123, 12, 0.53%, 6, 0, 4, 1474.19
1639545663, 0, 128, 167, 127, 9, 0.53%, 7, 0, 4, 1479.80
1639545668, 0, 149, 170, 125, 5, 0.54%, 7, 0, 4, 1485.59
1639545673, 0, 167, 170, 121, 1, 0.54%, 7, 0, 4, 1465.94
1639545678, 1, 118, 173, 119, 1, 0.54%, 7, 0, 4, 1469.76
1639545683, 1, 172, 177, 121, 2, 0.55%, 7, 0, 5, 1461.55
1639545689, 1, 176, 178, 120, 1, 0.55%, 7, 0, 5, 1459.66
1639545694, 2, 20, 181, 122, 0, 0.55%, 7, 0, 6, 1457.56
1639545699, 2, 185, 198, 135, 3, 0.57%, 7, 0, 6, 1478.48
1639545704, 2, 187, 203, 138, 5, 0.57%, 7, 0, 6, 1467.27
1639545709, 2, 195, 206, 140, 4, 0.57%, 7, 0, 6, 1478.37
1639545714, 2, 198, 209, 142, 4, 0.58%, 7, 0, 6, 1474.31
1639545719, 2, 201, 211, 142, 3, 0.60%, 7, 0, 6, 1480.64
1639545724, 2, 204, 213, 143, 5, 0.61%, 7, 0, 6, 1468.96
1639545729, 2, 207, 217, 146, 4, 0.62%, 7, 0, 6, 1494.76
1639545734, 2, 210, 222, 150, 9, 0.63%, 7, 0, 6, 1474.24
1639545739, 2, 210, 223, 151, 9, 0.63%, 7, 0, 6, 1454.72
1639545744, 2, 211, 237, 164, 10, 0.65%, 9, 0, 6, 1468.01
1639545750, 2, 213, 237, 162, 12, 0.65%, 9, 0, 6, 1440.79
1639545755, 2, 217, 238, 161, 11, 0.65%, 9, 0, 7, 1430.86
1639545760, 2, 219, 239, 160, 9, 0.65%, 9, 0, 7, 1452.15
1639545765, 2, 221, 241, 160, 7, 0.65%, 9, 0, 7, 1449.85
1639545770, 2, 227, 242, 159, 5, 0.65%, 9, 0, 7, 1420.47
1639545775, 2, 230, 244, 160, 5, 0.65%, 9, 0, 7, 1450.67
1639545780, 2, 231, 247, 162, 4, 0.65%, 10, 0, 7, 1444.62
1639545785, 2, 233, 252, 166, 4, 0.65%, 10, 0, 7, 1460.22
1639545790, 2, 237, 254, 167, 3, 0.65%, 10, 0, 8, 1479.19
1639545795, 2, 242, 257, 169, 3, 0.65%, 11, 0, 8, 1465.45
1639545800, 2, 252, 259, 170, 2, 0.66%, 11, 0, 8, 1465.72
1639545805, 2, 253, 263, 173, 3, 0.66%, 11, 0, 9, 1464.65
1639545810, 2, 254, 264, 173, 3, 0.66%, 11, 0, 9, 1413.71
1639545815, 2, 257, 266, 174, 2, 0.66%, 11, 0, 9, 1439.75
1639545820, 2, 263, 268, 175, 1, 0.67%, 11, 0, 10, 1451.59
1639545826, 2, 268, 272, 178, 1, 0.67%, 11, 0, 11, 1473.03
1639545831, 3, 12, 272, 176, 0, 0.67%, 11, 0, 11, 1466.18
1639545836, 3, 36, 272, 175, 0, 0.67%, 11, 0, 11, 1469.21
1639545841, 3, 68, 272, 172, 0, 0.67%, 11, 0, 11, 1451.89
1639545846, 3, 91, 274, 170, 0, 0.67%, 11, 0, 11, 1467.14
1639545851, 3, 131, 274, 165, 0, 0.67%, 11, 0, 11, 1424.91
1639545856, 3, 219, 276, 166, 1, 0.67%, 11, 0, 11, 1396.61
1639545861, 3, 242, 277, 166, 1, 0.67%, 11, 0, 11, 1394.54
1639545866, 3, 277, 281, 169, 1, 0.67%, 12, 0, 11, 1449.95
1639545871, 3, 278, 281, 168, 1, 0.67%, 12, 0, 11, 1423.25
1639545876, 3, 280, 285, 171, 0, 0.67%, 12, 0, 11, 1478.76
1639545881, 3, 283, 286, 171, 1, 0.67%, 12, 0, 11, 1492.42
1639545887, 4, 12, 286, 170, 0, 0.67%, 12, 0, 11, 1475.10
1639545892, 4, 41, 286, 168, 0, 0.67%, 12, 0, 11, 1458.68
1639545897, 4, 71, 286, 166, 0, 0.67%, 12, 0, 11, 1452.60
1639545902, 4, 109, 286, 161, 0, 0.67%, 12, 0, 11, 1443.25
1639545907, 4, 147, 286, 159, 0, 0.67%, 12, 0, 11, 1445.84
1639545912, 4, 155, 286, 157, 0, 0.67%, 12, 0, 11, 1454.36
1639545917, 5, 3, 288, 157, 0, 0.68%, 12, 0, 11, 1715.52
