# unix_time, cycles_done, cur_path, paths_total, pending_total, pending_favs, map_size, unique_crashes, unique_hangs, max_depth, execs_per_sec
1639438359, 0, 0, 714, 714, 98, 0.91%, 0, 0, 1, 1165.24
1639438364, 0, 86, 714, 702, 86, 0.91%, 1, 0, 1, 1378.47
1639438369, 0, 141, 714, 691, 76, 0.91%, 6, 0, 1, 1424.34
1639438374, 0, 190, 714, 681, 66, 0.91%, 6, 0, 1, 1465.32
1639438379, 0, 281, 714, 673, 59, 0.91%, 7, 0, 1, 1438.41
1639438384, 0, 331, 714, 664, 51, 0.91%, 7, 0, 1, 1323.68
1639438389, 0, 401, 714, 656, 44, 0.91%, 7, 0, 1, 699.45
1639438395, 0, 466, 714, 645, 33, 0.91%, 7, 0, 1, 1271.98
1639438400, 0, 541, 714, 636, 24, 0.91%, 8, 0, 1, 1374.88
1639438405, 0, 620, 714, 625, 13, 0.91%, 8, 0, 1, 1415.66
1639438410, 0, 695, 715, 617, 6, 0.91%, 8, 0, 2, 1387.10
1639438415, 1, 0, 715, 609, 0, 0.91%, 8, 0, 2, 1417.81
1639438420, 1, 21, 715, 601, 0, 0.91%, 8, 0, 2, 1413.95
1639438425, 1, 39, 715, 593, 0, 0.91%, 8, 0, 2, 1414.37
1639438430, 1, 74, 715, 587, 0, 0.91%, 8, 0, 2, 1421.66
1639438435, 1, 84, 715, 583, 0, 0.91%, 8, 0, 2, 1422.63
1639438440, 1, 118, 715, 578, 0, 0.91%, 8, 0, 2, 1418.04
1639438446, 1, 140, 715, 574, 0, 0.91%, 8, 0, 2, 1434.06
1639438451, 1, 166, 715, 571, 0, 0.91%, 8, 0, 2, 1390.80
1639438456, 1, 190, 715, 568, 0, 0.91%, 8, 0, 2, 745.46
1639438461, 1, 222, 715, 561, 1, 0.91%, 8, 0, 2, 1254.59
1639438466, 2, 55, 715, 556, 0, 0.91%, 8, 0, 2, 1406.52
1639438471, 2, 84, 715, 551, 0, 0.91%, 8, 0, 2, 1444.68
1639438476, 2, 115, 716, 547, 0, 0.91%, 8, 0, 2, 1449.27
1639438481, 2, 150, 716, 544, 0, 0.91%, 8, 0, 2, 1405.81
1639438486, 2, 164, 716, 539, 0, 0.91%, 8, 0, 2, 1427.03
1639438492, 2, 192, 716, 536, 0, 0.91%, 8, 0, 2, 1414.61
1639438497, 2, 234, 716, 529, 0, 0.91%, 8, 0, 2, 1417.46
1639438502, 2, 268, 716, 521, 0, 0.91%, 8, 0, 2, 1434.47
1639438507, 2, 293, 716, 513, 0, 0.91%, 9, 0, 2, 1426.00
1639438512, 2, 324, 716, 507, 0, 0.91%, 9, 0, 2, 1405.22
1639438517, 2, 342, 716, 504, 0, 0.91%, 9, 0, 2, 1428.19
1639438522, 2, 364, 716, 497, 0, 0.91%, 9, 0, 2, 1408.14
1639438527, 2, 391, 716, 488, 0, 0.91%, 10, 0, 2, 1421.37
1639438532, 2, 416, 716, 486, 0, 0.91%, 10, 0, 2, 1434.91
1639438537, 2, 437, 716, 482, 0, 0.91%, 10, 0, 2, 1434.96
1639438543, 2, 470, 716, 475, 0, 0.91%, 10, 0, 2, 1418.30
1639438548, 2, 498, 716, 467, 0, 0.91%, 10, 0, 2, 1442.60
1639438553, 2, 520, 716, 460, 0, 0.91%, 10, 0, 2, 1419.20
1639438558, 2, 539, 716, 453, 0, 0.91%, 10, 0, 2, 1422.58
1639438563, 2, 557, 716, 447, 0, 0.91%, 10, 0, 2, 1433.18
1639438568, 2, 589, 716, 437, 0, 0.91%, 10, 0, 2, 1420.47
1639438573, 2, 616, 716, 432, 0, 0.91%, 10, 0, 2, 1429.03
1639438578, 2, 636, 716, 426, 0, 0.91%, 10, 0, 2, 1421.20
1639438584, 2, 671, 716, 420, 0, 0.91%, 10, 0, 2, 1314.66
1639438589, 2, 702, 716, 413, 0, 0.91%, 10, 0, 2, 1410.82
1639438594, 3, 2, 716, 408, 0, 0.91%, 10, 0, 2, 1428.15
1639438599, 3, 30, 716, 401, 0, 0.91%, 10, 0, 2, 1412.98
1639438604, 3, 69, 716, 397, 0, 0.91%, 10, 0, 2, 1414.84
1639438610, 3, 90, 716, 393, 0, 0.91%, 10, 0, 2, 1412.08
1639438615, 3, 135, 716, 389, 0, 0.91%, 10, 0, 2, 1432.48
1639438620, 3, 166, 716, 387, 0, 0.91%, 10, 0, 2, 1414.30
1639438625, 3, 205, 716, 384, 0, 0.91%, 10, 0, 2, 1436.78
1639438630, 3, 253, 716, 378, 0, 0.91%, 10, 0, 2, 1418.00
1639438635, 3, 304, 716, 372, 0, 0.91%, 10, 0, 2, 1434.45
1639438640, 3, 324, 716, 367, 0, 0.91%, 10, 0, 2, 1410.50
1639438645, 3, 349, 716, 363, 0, 0.91%, 10, 0, 2, 1433.87
1639438650, 3, 380, 716, 358, 0, 0.91%, 10, 0, 2, 1397.86
