# unix_time, cycles_done, cur_path, paths_total, pending_total, pending_favs, map_size, unique_crashes, unique_hangs, max_depth, execs_per_sec
1639559781, 0, 0, 876, 876, 105, 0.98%, 0, 0, 1, 1173.48
1639559786, 0, 104, 876, 866, 97, 0.98%, 2, 0, 1, 1617.63
1639559791, 0, 212, 876, 854, 86, 0.98%, 2, 0, 1, 1527.04
1639559796, 0, 312, 876, 845, 77, 0.98%, 5, 0, 1, 1445.11
1639559801, 0, 336, 876, 839, 71, 0.98%, 7, 0, 1, 1420.47
1639559806, 0, 401, 876, 828, 61, 0.98%, 7, 0, 1, 1428.36
1639559811, 0, 446, 876, 819, 53, 0.98%, 7, 0, 1, 1422.39
1639559816, 0, 495, 877, 810, 43, 0.98%, 8, 0, 2, 1404.59
1639559821, 0, 634, 877, 799, 32, 0.98%, 8, 0, 2, 1411.04
1639559826, 0, 700, 877, 791, 24, 0.98%, 8, 0, 2, 1411.15
1639559831, 0, 773, 877, 781, 15, 0.98%, 8, 0, 2, 1403.10
1639559837, 0, 829, 877, 773, 7, 0.98%, 8, 0, 2, 1414.06
1639559842, 1, 6, 877, 764, 0, 0.98%, 8, 0, 2, 1351.15
1639559847, 1, 28, 877, 759, 0, 0.98%, 8, 0, 2, 1345.16
1639559852, 1, 46, 877, 753, 0, 0.98%, 8, 0, 2, 1365.96
1639559857, 1, 92, 877, 747, 0, 0.98%, 8, 0, 2, 1407.45
1639559862, 1, 109, 877, 741, 0, 0.98%, 8, 0, 2, 1410.75
1639559867, 1, 154, 877, 736, 0, 0.98%, 8, 0, 2, 1431.30
1639559872, 1, 180, 877, 730, 0, 0.98%, 8, 0, 2, 1401.63
1639559877, 1, 204, 877, 724, 0, 0.98%, 8, 0, 2, 1444.58
1639559882, 1, 222, 877, 717, 0, 0.98%, 8, 0, 2, 1452.77
1639559888, 1, 247, 877, 710, 0, 0.98%, 8, 0, 2, 1434.01
1639559893, 1, 270, 877, 704, 0, 0.98%, 8, 0, 2, 1440.41
1639559898, 1, 292, 877, 701, 0, 0.98%, 8, 0, 2, 1425.23
1639559903, 1, 312, 877, 695, 0, 0.98%, 8, 0, 2, 1426.02
1639559908, 1, 321, 877, 692, 0, 0.98%, 8, 0, 2, 1451.20
1639559913, 1, 348, 877, 689, 0, 0.98%, 11, 0, 2, 1436.47
1639559918, 1, 365, 877, 683, 0, 0.98%, 11, 0, 2, 1420.51
1639559923, 1, 384, 877, 677, 0, 0.98%, 12, 0, 2, 1421.85
1639559928, 1, 401, 877, 671, 0, 0.98%, 12, 0, 2, 1428.94
1639559933, 1, 415, 877, 667, 0, 0.98%, 12, 0, 2, 1440.95
1639559938, 1, 436, 877, 663, 0, 0.98%, 12, 0, 2, 1416.82
1639559943, 1, 461, 877, 657, 0, 0.98%, 12, 0, 2, 1427.60
1639559948, 1, 476, 877, 651, 0, 0.98%, 12, 0, 2, 1413.96
1639559953, 1, 488, 877, 645, 0, 0.98%, 12, 0, 2, 1441.60
1639559959, 1, 504, 877, 638, 0, 0.98%, 12, 0, 2, 1452.16
1639559964, 1, 532, 877, 631, 0, 0.98%, 12, 0, 2, 1468.26
1639559969, 1, 566, 877, 624, 0, 0.98%, 12, 0, 2, 1429.83
1639559974, 2, 301, 877, 619, 0, 0.98%, 12, 0, 2, 1414.66
1639559979, 2, 316, 877, 615, 0, 0.98%, 12, 0, 2, 1391.40
1639559984, 2, 338, 877, 614, 0, 0.98%, 13, 0, 2, 1408.52
1639559989, 2, 367, 877, 609, 0, 0.98%, 13, 0, 2, 1432.28
1639559994, 2, 413, 877, 607, 0, 0.98%, 13, 0, 2, 1462.74
1639559999, 2, 458, 877, 605, 0, 0.98%, 13, 0, 2, 1429.78
1639560004, 2, 487, 877, 603, 0, 0.98%, 13, 0, 2, 1433.65
1639560009, 2, 515, 877, 600, 0, 0.98%, 13, 0, 2, 1412.00
1639560015, 2, 553, 877, 591, 0, 0.98%, 13, 0, 2, 1429.43
1639560020, 2, 604, 877, 585, 0, 0.98%, 13, 0, 2, 1423.72
1639560025, 2, 629, 877, 578, 0, 0.98%, 13, 0, 2, 1439.41
1639560030, 2, 644, 877, 574, 0, 0.98%, 13, 0, 2, 1440.00
1639560035, 2, 663, 877, 567, 0, 0.98%, 13, 0, 2, 1417.84
1639560040, 2, 695, 877, 559, 0, 0.98%, 13, 0, 2, 1421.68
1639560045, 2, 722, 877, 553, 0, 0.98%, 14, 0, 2, 1435.14
1639560050, 2, 744, 877, 548, 0, 0.98%, 14, 0, 2, 1412.23
1639560055, 2, 773, 877, 543, 0, 0.98%, 14, 0, 2, 1434.54
1639560060, 2, 788, 877, 539, 0, 0.98%, 14, 0, 2, 1429.47
1639560065, 2, 817, 877, 533, 0, 0.98%, 14, 0, 2, 1433.74
1639560071, 2, 861, 877, 527, 0, 0.98%, 14, 0, 2, 1414.64
