# unix_time, cycles_done, cur_path, paths_total, pending_total, pending_favs, map_size, unique_crashes, unique_hangs, max_depth, execs_per_sec
1639597566, 0, 0, 1, 1, 1, 0.12%, 0, 0, 1, 800.00
1639597572, 0, 0, 89, 89, 1, 0.44%, 4, 0, 2, 1277.93
1639597577, 0, 23, 114, 107, 34, 0.45%, 5, 0, 3, 1393.93
1639597582, 0, 31, 138, 126, 30, 0.48%, 9, 0, 3, 1404.05
1639597587, 0, 64, 146, 122, 22, 0.49%, 9, 0, 3, 1440.83
1639597592, 0, 77, 161, 130, 19, 0.52%, 11, 0, 3, 1432.11
1639597597, 0, 77, 172, 141, 19, 0.54%, 11, 0, 3, 1455.87
1639597602, 0, 91, 183, 148, 23, 0.55%, 11, 0, 3, 1440.25
1639597607, 0, 129, 194, 152, 23, 0.57%, 11, 0, 4, 1448.16
1639597612, 0, 150, 203, 157, 20, 0.58%, 11, 0, 4, 1439.79
1639597617, 0, 161, 208, 158, 19, 0.58%, 11, 0, 4, 1456.68
1639597622, 0, 183, 212, 154, 12, 0.59%, 11, 0, 4, 1442.58
1639597627, 0, 198, 215, 153, 11, 0.60%, 12, 0, 5, 1457.61
1639597633, 0, 199, 223, 160, 10, 0.60%, 12, 0, 5, 1489.19
1639597638, 0, 201, 226, 162, 11, 0.60%, 12, 0, 5, 1482.66
1639597643, 0, 203, 231, 166, 11, 0.60%, 12, 0, 5, 1453.41
1639597648, 0, 206, 235, 168, 9, 0.60%, 12, 0, 5, 1449.14
1639597653, 0, 208, 242, 174, 8, 0.63%, 12, 0, 5, 1455.66
1639597658, 0, 217, 245, 173, 8, 0.63%, 12, 0, 6, 1457.44
1639597663, 0, 217, 251, 179, 8, 0.63%, 12, 0, 6, 1459.00
1639597668, 0, 231, 252, 177, 7, 0.63%, 12, 0, 6, 1457.59
1639597673, 0, 240, 254, 176, 5, 0.63%, 13, 0, 6, 1453.97
1639597678, 0, 245, 260, 180, 6, 0.64%, 13, 0, 6, 1453.01
1639597683, 0, 258, 261, 177, 3, 0.64%, 13, 0, 7, 1459.90
1639597688, 1, 237, 262, 173, 1, 0.65%, 13, 0, 8, 1436.88
1639597693, 1, 245, 263, 172, 0, 0.65%, 13, 0, 8, 1454.01
1639597698, 1, 253, 263, 170, 0, 0.65%, 13, 0, 8, 1462.05
1639597703, 1, 259, 264, 170, 0, 0.65%, 13, 0, 8, 1457.90
1639597709, 2, 10, 267, 168, 0, 0.65%, 13, 0, 9, 1455.47
1639597714, 2, 42, 267, 166, 0, 0.65%, 13, 0, 9, 1459.20
1639597719, 2, 69, 268, 161, 0, 0.65%, 13, 0, 9, 1438.59
1639597724, 2, 84, 269, 159, 0, 0.65%, 13, 0, 9, 1452.75
1639597729, 3, 4, 271, 155, 0, 0.65%, 13, 0, 9, 1428.42
1639597734, 3, 36, 272, 154, 0, 0.65%, 13, 0, 9, 1447.23
1639597739, 3, 69, 273, 152, 0, 0.65%, 13, 0, 9, 1460.75
1639597744, 3, 91, 275, 153, 0, 0.65%, 13, 0, 9, 1453.33
1639597750, 3, 120, 275, 146, 0, 0.65%, 13, 0, 9, 1455.11
1639597755, 3, 140, 275, 141, 0, 0.65%, 13, 0, 9, 1451.63
1639597760, 3, 163, 276, 141, 0, 0.65%, 14, 0, 9, 1451.67
1639597765, 3, 181, 280, 141, 0, 0.65%, 14, 0, 9, 1457.67
1639597770, 3, 192, 280, 141, 0, 0.65%, 14, 0, 9, 1438.11
1639597775, 3, 198, 280, 138, 0, 0.65%, 14, 0, 9, 1454.86
1639597780, 3, 204, 282, 139, 0, 0.65%, 14, 0, 9, 1463.36
1639597785, 3, 227, 282, 139, 0, 0.65%, 14, 0, 9, 2304.70
1639597790, 3, 233, 283, 137, 0, 0.65%, 14, 0, 9, 1555.34
1639597795, 3, 235, 287, 140, 0, 0.65%, 14, 0, 9, 1432.06
1639597800, 3, 239, 287, 138, 0, 0.65%, 14, 0, 9, 1457.12
1639597805, 3, 245, 289, 140, 0, 0.65%, 14, 0, 9, 1463.61
1639597810, 4, 4, 289, 139, 0, 0.65%, 14, 0, 9, 1462.65
1639597815, 4, 39, 289, 137, 0, 0.65%, 15, 0, 9, 1444.10
1639597821, 4, 64, 289, 133, 0, 0.65%, 15, 0, 9, 1444.09
1639597826, 4, 82, 290, 133, 0, 0.65%, 15, 0, 9, 1453.22
1639597831, 4, 117, 290, 129, 0, 0.65%, 15, 0, 9, 1468.27
1639597836, 4, 139, 291, 128, 0, 0.65%, 15, 0, 9, 1452.93
1639597841, 4, 161, 292, 125, 0, 0.65%, 15, 0, 9, 1443.69
1639597846, 4, 182, 292, 121, 0, 0.65%, 15, 0, 9, 1450.11
1639597851, 4, 194, 292, 120, 0, 0.65%, 15, 0, 9, 1380.60
1639597856, 4, 205, 292, 120, 0, 0.65%, 15, 0, 9, 1411.42
1639597861, 4, 214, 292, 119, 0, 0.65%, 15, 0, 9, 1445.43
1639597866, 4, 219, 293, 118, 0, 0.65%, 15, 0, 9, 1458.22
