# unix_time, cycles_done, cur_path, paths_total, pending_total, pending_favs, map_size, unique_crashes, unique_hangs, max_depth, execs_per_sec
1639525703, 0, 0, 1, 1, 1, 0.12%, 0, 0, 1, 1142.86
1639525708, 0, 0, 75, 75, 1, 0.44%, 4, 0, 2, 1351.78
1639525713, 0, 19, 105, 101, 39, 0.49%, 4, 0, 3, 1408.04
1639525718, 0, 30, 115, 106, 34, 0.49%, 4, 0, 3, 1416.81
1639525723, 0, 31, 125, 115, 35, 0.51%, 4, 0, 3, 1422.50
1639525728, 0, 51, 138, 113, 23, 0.52%, 4, 0, 3, 2126.85
1639525733, 0, 63, 152, 122, 22, 0.52%, 5, 0, 3, 1922.02
1639525738, 0, 93, 156, 118, 14, 0.52%, 5, 0, 3, 1404.29
1639525743, 0, 133, 159, 113, 6, 0.52%, 6, 0, 4, 1406.19
1639525749, 0, 137, 170, 123, 8, 0.55%, 6, 0, 4, 1446.77
1639525754, 0, 138, 173, 125, 11, 0.55%, 6, 0, 4, 1457.46
1639525759, 0, 159, 179, 126, 7, 0.55%, 7, 0, 5, 1456.11
1639525764, 0, 168, 183, 127, 5, 0.56%, 8, 0, 5, 1450.48
1639525769, 0, 169, 190, 133, 9, 0.58%, 8, 0, 5, 1421.65
1639525774, 0, 178, 197, 138, 10, 0.59%, 8, 0, 6, 1412.68
1639525779, 0, 180, 202, 142, 10, 0.63%, 8, 0, 6, 1426.70
1639525784, 0, 184, 207, 145, 13, 0.63%, 8, 0, 6, 1407.22
1639525789, 0, 185, 224, 161, 13, 0.64%, 8, 0, 6, 1451.36
1639525794, 0, 196, 230, 164, 11, 0.65%, 8, 0, 7, 1455.92
1639525799, 0, 203, 236, 166, 13, 0.65%, 8, 0, 7, 1416.58
1639525804, 0, 204, 238, 167, 13, 0.65%, 8, 0, 7, 1428.97
1639525809, 0, 207, 243, 171, 12, 0.65%, 8, 0, 7, 1436.11
1639525814, 0, 226, 247, 171, 8, 0.65%, 8, 0, 8, 1449.57
1639525819, 0, 230, 258, 179, 6, 0.65%, 8, 0, 8, 1448.48
1639525825, 0, 230, 262, 183, 6, 0.66%, 8, 0, 8, 1455.67
1639525830, 0, 233, 267, 186, 6, 0.66%, 8, 0, 8, 1438.37
1639525835, 0, 249, 268, 185, 4, 0.66%, 9, 0, 9, 1409.02
1639525840, 0, 261, 270, 186, 3, 0.66%, 9, 0, 9, 1385.14
1639525850, 0, 264, 275, 190, 3, 0.66%, 9, 0, 9, 1391.01
1639525855, 0, 273, 278, 191, 2, 0.66%, 9, 0, 10, 1393.99
1639525860, 1, 59, 278, 187, 0, 0.66%, 9, 0, 10, 1408.87
1639525865, 1, 77, 281, 188, 0, 0.67%, 9, 0, 10, 1420.01
1639525870, 1, 280, 283, 188, 1, 0.67%, 10, 0, 10, 1423.09
1639525875, 2, 20, 283, 181, 0, 0.67%, 11, 0, 10, 1416.26
1639525880, 2, 283, 288, 183, 1, 0.67%, 11, 0, 10, 1421.12
1639525885, 2, 286, 289, 183, 1, 0.67%, 11, 0, 10, 1446.86
1639525890, 2, 288, 290, 183, 0, 0.67%, 11, 0, 10, 1441.90
1639525895, 2, 291, 294, 185, 1, 0.71%, 11, 0, 10, 1446.68
1639525901, 2, 291, 296, 187, 1, 0.72%, 11, 0, 10, 1462.41
1639525906, 2, 292, 297, 187, 3, 0.72%, 11, 0, 10, 1460.71
1639525911, 2, 293, 300, 189, 3, 0.72%, 11, 0, 10, 1462.68
1639525916, 2, 295, 301, 189, 5, 0.73%, 11, 0, 10, 1467.69
1639525921, 2, 296, 305, 192, 4, 0.74%, 11, 0, 10, 1456.09
1639525931, 2, 298, 305, 191, 5, 0.74%, 11, 0, 10, 1476.93
1639525936, 2, 300, 306, 191, 4, 0.74%, 11, 0, 10, 1477.04
1639525941, 2, 301, 316, 200, 3, 0.76%, 11, 0, 10, 1390.74
1639525946, 2, 306, 316, 199, 5, 0.76%, 11, 0, 10, 1446.88
1639525951, 2, 306, 327, 210, 5, 0.76%, 11, 0, 11, 1453.33
1639525956, 2, 308, 329, 211, 8, 0.77%, 11, 0, 11, 1457.60
1639525961, 2, 308, 330, 212, 8, 0.77%, 11, 0, 11, 1454.21
1639525967, 2, 311, 331, 212, 8, 0.77%, 11, 0, 11, 1455.89
1639525972, 2, 311, 332, 213, 8, 0.77%, 11, 0, 11, 1474.67
1639525977, 2, 314, 333, 213, 7, 0.77%, 11, 0, 11, 1465.48
1639525987, 2, 315, 337, 216, 6, 0.77%, 11, 0, 11, 1453.01
1639525992, 2, 316, 341, 219, 8, 0.77%, 11, 0, 12, 1420.83
1639525997, 2, 316, 342, 220, 8, 0.77%, 11, 0, 12, 1444.90
1639526002, 2, 318, 344, 221, 7, 0.78%, 11, 0, 12, 1419.15
