# unix_time, cycles_done, cur_path, paths_total, pending_total, pending_favs, map_size, unique_crashes, unique_hangs, max_depth, execs_per_sec
1639443514, 0, 0, 1, 1, 1, 0.12%, 0, 0, 1, 1600.00
1639443519, 0, 0, 76, 76, 1, 0.44%, 1, 0, 2, 1479.25
1639443524, 0, 3, 92, 91, 38, 0.45%, 1, 0, 3, 1475.93
1639443529, 0, 39, 108, 92, 27, 0.48%, 3, 0, 3, 1938.73
1639443534, 0, 48, 127, 108, 26, 0.51%, 3, 0, 3, 1686.37
1639443539, 0, 50, 139, 119, 28, 0.51%, 3, 0, 3, 1407.83
1639443544, 0, 63, 148, 120, 21, 0.51%, 3, 0, 3, 1420.41
1639443550, 0, 109, 156, 117, 11, 0.52%, 3, 0, 4, 1427.93
1639443555, 0, 146, 163, 116, 6, 0.52%, 4, 0, 4, 1459.30
1639443560, 0, 161, 166, 114, 3, 0.54%, 4, 0, 5, 1457.15
1639443565, 1, 18, 169, 112, 0, 0.54%, 4, 0, 6, 1459.15
1639443570, 1, 47, 175, 113, 0, 0.54%, 5, 0, 6, 1451.23
1639443575, 1, 174, 188, 124, 1, 0.56%, 6, 0, 6, 1454.98
1639443580, 1, 176, 193, 128, 7, 0.57%, 6, 0, 6, 1466.84
1639443585, 1, 177, 199, 133, 8, 0.58%, 6, 0, 6, 1457.31
1639443590, 1, 179, 199, 132, 10, 0.58%, 6, 0, 6, 1441.30
1639443595, 1, 184, 203, 134, 9, 0.59%, 6, 0, 6, 1451.15
1639443600, 1, 184, 206, 137, 9, 0.59%, 6, 0, 6, 1465.32
1639443605, 1, 191, 210, 139, 8, 0.59%, 6, 0, 6, 1464.93
1639443610, 1, 191, 218, 147, 8, 0.60%, 6, 0, 6, 1438.46
1639443615, 1, 196, 219, 146, 7, 0.60%, 6, 0, 6, 1444.85
1639443620, 1, 198, 223, 148, 6, 0.60%, 6, 0, 6, 1454.37
1639443625, 1, 199, 229, 153, 5, 0.63%, 6, 0, 6, 1469.20
1639443630, 1, 203, 234, 157, 8, 0.63%, 6, 0, 6, 1446.47
1639443635, 1, 211, 234, 156, 8, 0.63%, 6, 0, 6, 1442.62
1639443641, 1, 216, 237, 158, 7, 0.63%, 6, 0, 7, 1463.34
1639443646, 1, 226, 238, 157, 5, 0.63%, 6, 0, 7, 1455.61
1639443651, 1, 228, 239, 157, 4, 0.63%, 6, 0, 7, 1460.93
1639443656, 1, 233, 242, 158, 2, 0.63%, 6, 0, 7, 1460.81
1639443661, 1, 236, 243, 158, 1, 0.63%, 6, 0, 8, 1468.76
1639443666, 1, 238, 256, 170, 1, 0.64%, 6, 0, 8, 1461.83
1639443671, 1, 246, 259, 172, 5, 0.65%, 6, 0, 9, 1474.88
1639443676, 1, 247, 262, 174, 4, 0.65%, 6, 0, 9, 1456.00
1639443681, 1, 255, 263, 173, 2, 0.65%, 7, 0, 9, 1446.35
1639443686, 1, 257, 266, 175, 2, 0.65%, 8, 0, 9, 1462.89
1639443691, 1, 258, 268, 176, 2, 0.65%, 8, 0, 10, 1469.40
1639443696, 1, 262, 269, 176, 2, 0.65%, 8, 0, 10, 1462.88
1639443701, 1, 264, 272, 178, 1, 0.65%, 8, 0, 10, 1469.27
1639443706, 1, 270, 275, 180, 2, 0.66%, 8, 0, 11, 1460.61
1639443712, 1, 270, 276, 181, 2, 0.66%, 9, 0, 11, 1451.97
1639443717, 1, 274, 279, 182, 2, 0.66%, 9, 0, 12, 1461.53
1639443722, 1, 274, 281, 184, 2, 0.66%, 9, 0, 12, 1466.97
1639443727, 1, 278, 282, 184, 2, 0.66%, 9, 0, 13, 1435.44
1639443732, 1, 279, 285, 186, 1, 0.66%, 9, 0, 13, 1455.93
1639443737, 1, 284, 287, 187, 1, 0.66%, 9, 0, 14, 1460.91
1639443742, 1, 285, 287, 186, 0, 0.66%, 9, 0, 14, 1453.21
1639443747, 1, 286, 288, 186, 0, 0.66%, 9, 0, 15, 1463.78
1639443752, 1, 286, 290, 188, 0, 0.69%, 9, 0, 15, 1453.99
1639443757, 1, 288, 293, 190, 2, 0.70%, 9, 0, 16, 1469.10
1639443762, 1, 289, 298, 194, 4, 0.71%, 9, 0, 16, 1460.04
1639443773, 1, 290, 298, 193, 7, 0.71%, 9, 0, 16, 1440.78
1639443778, 1, 291, 300, 194, 6, 0.72%, 9, 0, 17, 1459.49
1639443783, 1, 292, 300, 193, 7, 0.72%, 9, 0, 17, 1428.74
1639443788, 1, 293, 301, 193, 6, 0.72%, 9, 0, 17, 1466.82
1639443793, 1, 296, 301, 191, 4, 0.72%, 9, 0, 17, 1466.46
1639443803, 1, 297, 302, 191, 3, 0.72%, 9, 0, 17, 1454.95
1639443808, 1, 298, 304, 192, 2, 0.72%, 9, 0, 18, 1478.72
1639443813, 1, 299, 304, 191, 2, 0.72%, 9, 0, 18, 1458.49
