# unix_time, cycles_done, cur_path, paths_total, pending_total, pending_favs, map_size, unique_crashes, unique_hangs, max_depth, execs_per_sec
1639438689, 0, 0, 1, 1, 1, 0.12%, 0, 0, 1, 1333.33
1639438694, 0, 0, 73, 73, 1, 0.46%, 2, 0, 2, 1383.16
1639438699, 0, 8, 108, 103, 37, 0.48%, 6, 0, 3, 1397.30
1639438704, 0, 8, 120, 115, 37, 0.49%, 6, 0, 3, 1427.08
1639438709, 0, 28, 131, 117, 30, 0.50%, 6, 0, 3, 1445.03
1639438714, 0, 53, 145, 122, 22, 0.51%, 6, 0, 3, 1430.69
1639438719, 0, 63, 156, 129, 21, 0.53%, 6, 0, 3, 1419.48
1639438724, 0, 82, 165, 133, 17, 0.54%, 7, 0, 3, 1433.66
1639438729, 0, 116, 172, 134, 16, 0.60%, 8, 0, 4, 1429.78
1639438734, 0, 145, 183, 142, 13, 0.63%, 8, 0, 4, 1444.65
1639438739, 0, 147, 197, 154, 17, 0.64%, 8, 0, 4, 1435.05
1639438745, 0, 168, 209, 159, 12, 0.65%, 8, 0, 4, 1419.44
1639438750, 0, 171, 216, 163, 9, 0.65%, 8, 0, 5, 1443.02
1639438755, 0, 180, 220, 164, 9, 0.65%, 8, 0, 5, 1424.93
1639438760, 0, 191, 224, 166, 7, 0.65%, 9, 0, 5, 1425.61
1639438765, 0, 202, 231, 170, 5, 0.65%, 9, 0, 5, 1441.08
1639438770, 0, 217, 239, 176, 6, 0.69%, 9, 0, 6, 1423.35
1639438775, 0, 224, 242, 177, 9, 0.70%, 9, 0, 6, 1426.63
1639438780, 0, 232, 244, 176, 7, 0.70%, 9, 0, 7, 1448.00
1639438785, 0, 236, 244, 172, 4, 0.70%, 9, 0, 7, 1412.38
1639438790, 0, 242, 245, 170, 2, 0.70%, 9, 0, 7, 1430.30
1639438795, 1, 71, 246, 166, 0, 0.70%, 9, 0, 7, 1410.17
1639438800, 1, 85, 246, 161, 0, 0.70%, 10, 0, 7, 1446.68
1639438805, 1, 116, 247, 157, 0, 0.70%, 10, 0, 7, 1458.09
1639438810, 1, 123, 251, 157, 0, 0.70%, 11, 0, 7, 1417.58
1639438816, 1, 146, 252, 151, 0, 0.70%, 11, 0, 7, 1440.77
1639438821, 1, 164, 252, 148, 0, 0.70%, 12, 0, 7, 1425.67
1639438826, 1, 181, 253, 148, 0, 0.70%, 13, 0, 7, 1441.55
1639438831, 1, 189, 253, 144, 0, 0.70%, 13, 0, 7, 1459.53
1639438836, 1, 231, 255, 144, 1, 0.70%, 13, 0, 7, 1440.31
1639438841, 1, 254, 257, 146, 1, 0.71%, 13, 0, 7, 1437.11
1639438846, 2, 2, 257, 143, 0, 0.71%, 13, 0, 7, 1436.30
1639438851, 2, 38, 257, 140, 0, 0.71%, 13, 0, 7, 1444.18
1639438856, 2, 60, 258, 137, 0, 0.71%, 13, 0, 7, 1448.36
1639438861, 2, 76, 260, 138, 0, 0.71%, 13, 0, 7, 1412.50
1639438866, 2, 233, 263, 139, 1, 0.71%, 13, 0, 7, 1435.96
1639438871, 2, 260, 264, 140, 1, 0.71%, 13, 0, 7, 1448.25
1639438876, 2, 261, 266, 141, 1, 0.71%, 13, 0, 7, 1448.76
1639438881, 2, 265, 269, 143, 1, 0.71%, 13, 0, 7, 1446.65
1639438887, 3, 9, 270, 142, 0, 0.71%, 14, 0, 7, 1445.68
1639438892, 3, 270, 271, 139, 1, 0.71%, 14, 0, 7, 1455.44
1639438897, 4, 11, 272, 138, 0, 0.72%, 14, 0, 7, 2148.93
1639438902, 4, 38, 272, 135, 0, 0.72%, 15, 0, 7, 1402.53
1639438907, 4, 60, 272, 134, 0, 0.72%, 15, 0, 7, 1443.58
1639438912, 4, 75, 273, 133, 0, 0.72%, 15, 0, 7, 1445.70
1639438917, 4, 93, 274, 130, 0, 0.72%, 15, 0, 7, 1448.79
1639438922, 4, 116, 274, 123, 0, 0.72%, 15, 0, 7, 1460.13
1639438927, 4, 146, 274, 119, 0, 0.72%, 15, 0, 7, 1467.53
1639438933, 4, 169, 274, 118, 0, 0.72%, 15, 0, 7, 1442.96
1639438938, 4, 187, 275, 117, 0, 0.72%, 15, 0, 7, 1453.87
1639438943, 4, 274, 279, 120, 1, 0.72%, 15, 0, 7, 1445.96
1639438953, 4, 276, 280, 120, 1, 0.72%, 16, 0, 7, 1430.79
1639438958, 4, 279, 281, 120, 0, 0.72%, 16, 0, 7, 1571.36
1639438963, 5, 39, 283, 120, 0, 0.72%, 16, 0, 7, 1782.21
1639438968, 5, 58, 286, 118, 0, 0.72%, 16, 0, 7, 1503.18
1639438973, 5, 79, 286, 118, 0, 0.72%, 16, 0, 7, 1459.98
1639438979, 5, 117, 286, 115, 0, 0.72%, 16, 0, 7, 1448.47
1639438984, 5, 149, 286, 112, 0, 0.72%, 16, 0, 7, 1461.01
1639438989, 5, 286, 288, 111, 1, 0.72%, 16, 0, 7, 1439.26
