# unix_time, cycles_done, cur_path, paths_total, pending_total, pending_favs, map_size, unique_crashes, unique_hangs, max_depth, execs_per_sec
1639474061, 0, 0, 532, 532, 94, 0.87%, 0, 0, 1, 1134.63
1639474067, 0, 53, 532, 524, 86, 0.87%, 1, 0, 1, 1326.73
1639474072, 0, 110, 532, 515, 77, 0.87%, 3, 0, 1, 1357.81
1639474077, 0, 155, 532, 506, 68, 0.87%, 5, 0, 1, 1376.03
1639474082, 0, 262, 532, 493, 56, 0.87%, 5, 0, 1, 1379.22
1639474087, 0, 300, 532, 485, 48, 0.87%, 5, 0, 1, 1379.57
1639474092, 0, 350, 532, 477, 40, 0.87%, 5, 0, 1, 1353.48
1639474097, 0, 395, 532, 467, 30, 0.87%, 5, 0, 1, 1364.37
1639474102, 0, 464, 532, 456, 19, 0.87%, 6, 0, 1, 1363.28
1639474108, 0, 503, 533, 446, 8, 0.87%, 6, 0, 2, 1374.90
1639474113, 1, 105, 533, 435, 0, 0.87%, 6, 0, 2, 1357.94
1639474118, 1, 128, 533, 427, 0, 0.87%, 6, 0, 2, 1358.55
1639474123, 1, 145, 533, 425, 0, 0.87%, 6, 0, 2, 1369.79
1639474128, 1, 178, 533, 421, 0, 0.87%, 9, 0, 2, 1351.91
1639474133, 1, 213, 533, 415, 0, 0.87%, 9, 0, 2, 1324.15
1639474138, 1, 237, 533, 410, 0, 0.87%, 9, 0, 2, 1364.94
1639474143, 1, 262, 533, 403, 0, 0.87%, 9, 0, 2, 1359.86
1639474149, 1, 295, 533, 399, 0, 0.87%, 9, 0, 2, 1358.74
1639474154, 1, 308, 533, 396, 0, 0.87%, 9, 0, 2, 1348.05
1639474159, 1, 335, 533, 391, 0, 0.87%, 9, 0, 2, 1346.07
1639474164, 1, 350, 534, 386, 0, 0.87%, 9, 0, 2, 2202.30
1639474169, 1, 363, 534, 384, 0, 0.87%, 9, 0, 2, 1519.34
1639474174, 1, 399, 534, 378, 0, 0.87%, 9, 0, 2, 1399.98
1639474179, 1, 441, 534, 374, 0, 0.87%, 9, 0, 2, 1381.21
1639474184, 1, 464, 534, 369, 0, 0.87%, 9, 0, 2, 1388.89
1639474189, 1, 490, 534, 364, 0, 0.87%, 9, 0, 2, 1434.21
1639474195, 1, 507, 534, 361, 0, 0.87%, 9, 0, 2, 1366.61
1639474200, 2, 12, 534, 357, 0, 0.87%, 9, 0, 2, 1384.52
1639474205, 2, 37, 534, 354, 0, 0.87%, 9, 0, 2, 1380.26
1639474210, 2, 54, 534, 348, 0, 0.87%, 9, 0, 2, 1323.83
1639474215, 2, 79, 534, 343, 0, 0.87%, 9, 0, 2, 1362.15
1639474220, 2, 97, 534, 338, 0, 0.87%, 9, 0, 2, 1371.65
1639474225, 2, 129, 534, 332, 0, 0.87%, 9, 0, 2, 1436.16
1639474230, 2, 138, 534, 329, 0, 0.87%, 9, 0, 2, 1399.62
1639474235, 2, 189, 534, 323, 0, 0.87%, 10, 0, 2, 1389.34
1639474241, 2, 220, 534, 316, 0, 0.87%, 10, 0, 2, 1380.87
1639474246, 2, 251, 534, 310, 0, 0.87%, 10, 0, 2, 1371.12
1639474251, 2, 269, 534, 306, 0, 0.87%, 10, 0, 2, 1353.88
1639474256, 2, 292, 535, 299, 0, 0.87%, 10, 0, 2, 1351.16
1639474261, 2, 305, 535, 296, 0, 0.87%, 10, 0, 2, 1375.10
1639474266, 2, 328, 535, 292, 0, 0.87%, 10, 0, 2, 1334.15
1639474271, 2, 344, 535, 290, 0, 0.87%, 10, 0, 2, 1325.96
1639474276, 2, 363, 535, 288, 0, 0.87%, 11, 0, 2, 1347.95
1639474281, 2, 391, 535, 283, 0, 0.87%, 11, 0, 2, 1352.26
1639474286, 2, 417, 535, 279, 0, 0.87%, 11, 0, 2, 1373.92
1639474291, 2, 452, 535, 273, 0, 0.87%, 11, 0, 2, 1389.19
1639474296, 2, 477, 535, 269, 0, 0.87%, 11, 0, 2, 1394.79
1639474301, 2, 501, 535, 264, 0, 0.87%, 11, 0, 2, 1375.44
1639474306, 2, 518, 535, 262, 0, 0.87%, 11, 0, 2, 1376.80
1639474311, 3, 12, 535, 255, 0, 0.87%, 11, 0, 2, 1362.28
1639474316, 3, 34, 535, 251, 0, 0.87%, 11, 0, 2, 1357.64
1639474322, 3, 56, 535, 246, 0, 0.87%, 11, 0, 2, 1714.35
1639474327, 3, 82, 535, 243, 0, 0.87%, 11, 0, 2, 1451.67
1639474332, 3, 129, 535, 240, 0, 0.87%, 11, 0, 2, 1386.49
1639474337, 3, 145, 535, 238, 0, 0.87%, 11, 0, 2, 1347.96
1639474342, 3, 164, 535, 233, 0, 0.87%, 12, 0, 2, 1341.87
1639474347, 3, 210, 536, 228, 0, 0.87%, 12, 0, 2, 1359.68
1639474352, 3, 254, 536, 224, 0, 0.87%, 12, 0, 2, 1350.50
1639474357, 3, 278, 537, 224, 0, 0.87%, 12, 0, 2, 1360.84
