# unix_time, cycles_done, cur_path, paths_total, pending_total, pending_favs, map_size, unique_crashes, unique_hangs, max_depth, execs_per_sec
1639516355, 0, 0, 1, 1, 1, 0.12%, 0, 0, 1, 1333.33
1639516360, 0, 0, 81, 81, 1, 0.44%, 2, 0, 2, 1368.46
1639516365, 0, 1, 95, 94, 42, 0.47%, 5, 0, 3, 1403.94
1639516370, 0, 12, 105, 100, 38, 0.47%, 5, 0, 3, 1435.41
1639516375, 0, 29, 133, 123, 34, 0.50%, 6, 0, 3, 1445.12
1639516380, 0, 58, 146, 122, 23, 0.51%, 7, 0, 3, 1405.54
1639516385, 0, 76, 153, 120, 14, 0.51%, 7, 0, 3, 1386.05
1639516390, 0, 97, 159, 120, 10, 0.53%, 7, 0, 3, 1375.02
1639516395, 0, 154, 169, 124, 6, 0.53%, 7, 0, 4, 1366.41
1639516400, 0, 166, 174, 123, 4, 0.54%, 7, 0, 4, 1361.01
1639516405, 0, 173, 177, 123, 3, 0.54%, 7, 0, 5, 1378.53
1639516411, 0, 178, 181, 124, 3, 0.60%, 8, 0, 8, 1398.87
1639516416, 0, 180, 186, 127, 2, 0.60%, 8, 0, 9, 1418.68
1639516421, 0, 183, 188, 128, 2, 0.60%, 9, 0, 10, 1448.54
1639516426, 0, 187, 194, 133, 4, 0.62%, 9, 0, 11, 1438.02
1639516431, 0, 187, 196, 135, 4, 0.62%, 9, 0, 11, 1442.30
1639516436, 0, 188, 200, 138, 5, 0.63%, 9, 0, 11, 1455.09
1639516441, 0, 191, 203, 139, 7, 0.64%, 9, 0, 12, 1441.68
1639516446, 0, 191, 209, 145, 7, 0.64%, 9, 0, 12, 1443.33
1639516451, 0, 197, 210, 145, 9, 0.64%, 9, 0, 12, 1455.26
1639516456, 0, 198, 214, 148, 9, 0.64%, 9, 0, 12, 1305.94
1639516461, 0, 199, 216, 149, 11, 0.64%, 9, 0, 12, 1420.73
1639516466, 0, 200, 224, 156, 9, 0.66%, 9, 0, 13, 1436.85
1639516471, 0, 207, 227, 158, 11, 0.66%, 9, 0, 13, 1439.15
1639516476, 0, 207, 229, 160, 11, 0.66%, 9, 0, 13, 1485.88
1639516481, 0, 210, 235, 164, 9, 0.67%, 9, 0, 13, 1433.31
1639516486, 0, 219, 238, 165, 10, 0.67%, 9, 0, 14, 1409.38
1639516491, 0, 219, 241, 168, 10, 0.67%, 9, 0, 14, 1406.22
1639516496, 0, 226, 245, 171, 10, 0.67%, 9, 0, 14, 1399.29
1639516502, 0, 230, 250, 174, 8, 0.67%, 9, 0, 14, 1412.33
1639516507, 0, 231, 250, 173, 9, 0.67%, 9, 0, 14, 1424.59
1639516512, 0, 241, 250, 171, 7, 0.67%, 9, 0, 14, 1446.34
1639516517, 0, 241, 255, 176, 7, 0.67%, 9, 0, 15, 1429.64
1639516522, 0, 248, 257, 177, 7, 0.68%, 9, 0, 15, 1432.43
1639516527, 0, 249, 260, 179, 7, 0.68%, 9, 0, 15, 1420.45
1639516532, 0, 250, 261, 179, 6, 0.68%, 9, 0, 15, 1409.10
1639516537, 0, 250, 268, 186, 6, 0.68%, 9, 0, 16, 1822.87
1639516542, 0, 253, 271, 188, 7, 0.68%, 9, 0, 16, 1804.82
1639516547, 0, 255, 271, 187, 6, 0.68%, 9, 0, 16, 1401.97
1639516552, 0, 264, 271, 185, 4, 0.68%, 9, 0, 16, 1396.18
1639516557, 1, 140, 273, 182, 3, 0.68%, 9, 0, 17, 1434.45
1639516563, 2, 16, 275, 178, 0, 0.68%, 9, 0, 17, 1446.00
1639516568, 2, 60, 276, 174, 0, 0.68%, 9, 0, 17, 1455.67
1639516573, 2, 277, 280, 175, 1, 0.68%, 9, 0, 17, 1454.52
1639516578, 3, 7, 282, 175, 0, 0.68%, 9, 0, 17, 1442.21
1639516583, 3, 53, 282, 170, 0, 0.68%, 9, 0, 17, 1446.78
1639516588, 3, 80, 282, 168, 0, 0.68%, 9, 0, 17, 1454.37
1639516593, 3, 110, 282, 159, 0, 0.68%, 9, 0, 17, 1451.92
1639516598, 3, 288, 301, 175, 6, 0.71%, 9, 0, 17, 1452.25
1639516603, 3, 289, 308, 181, 9, 0.74%, 9, 0, 17, 1447.63
1639516608, 3, 289, 312, 185, 9, 0.76%, 9, 0, 17, 1439.91
1639516613, 3, 290, 315, 187, 13, 0.76%, 9, 0, 17, 1456.78
1639516618, 3, 291, 316, 187, 13, 0.76%, 9, 0, 17, 1436.57
1639516623, 3, 291, 317, 188, 13, 0.76%, 10, 0, 17, 1421.79
1639516628, 3, 295, 320, 189, 12, 0.76%, 10, 0, 17, 1417.29
1639516633, 3, 299, 322, 190, 11, 0.76%, 10, 0, 17, 1410.95
1639516638, 3, 301, 323, 190, 10, 0.76%, 10, 0, 17, 1410.72
1639516643, 3, 304, 326, 191, 10, 0.76%, 10, 0, 17, 1416.81
1639516648, 3, 309, 328, 191, 8, 0.76%, 10, 0, 17, 1439.06
1639516654, 3, 312, 329, 189, 5, 0.76%, 10, 0, 17, 1416.99
