# unix_time, cycles_done, cur_path, paths_total, pending_total, pending_favs, map_size, unique_crashes, unique_hangs, max_depth, execs_per_sec
1639486083, 0, 0, 855, 855, 101, 0.92%, 0, 0, 1, 1369.92
1639486088, 0, 111, 855, 840, 88, 0.92%, 5, 0, 1, 1391.63
1639486094, 0, 209, 855, 830, 80, 0.92%, 6, 0, 1, 1397.58
1639486099, 0, 292, 855, 813, 63, 0.92%, 7, 0, 1, 1373.65
1639486104, 0, 343, 855, 806, 58, 0.92%, 8, 0, 1, 1373.28
1639486109, 0, 424, 855, 795, 47, 0.92%, 8, 0, 1, 1387.79
1639486114, 0, 522, 855, 781, 32, 0.92%, 9, 0, 1, 1391.75
1639486119, 0, 600, 855, 770, 22, 0.92%, 10, 0, 1, 1398.34
1639486124, 0, 720, 856, 760, 13, 0.92%, 10, 0, 2, 1405.77
1639486129, 0, 850, 856, 748, 2, 0.92%, 10, 0, 2, 1381.11
1639486134, 1, 32, 856, 737, 0, 0.92%, 10, 0, 2, 1396.45
1639486140, 1, 62, 856, 729, 0, 0.92%, 10, 0, 2, 1398.25
1639486145, 1, 104, 856, 723, 0, 0.92%, 11, 0, 2, 1404.73
1639486150, 1, 135, 856, 714, 0, 0.92%, 11, 0, 2, 1391.97
1639486155, 1, 167, 856, 704, 0, 0.92%, 11, 0, 2, 1409.23
1639486160, 1, 212, 856, 696, 0, 0.92%, 11, 0, 2, 1388.69
1639486165, 1, 270, 856, 688, 0, 0.92%, 12, 0, 2, 1403.57
1639486170, 1, 302, 856, 683, 0, 0.92%, 12, 0, 2, 1389.55
1639486176, 1, 325, 856, 676, 0, 0.92%, 13, 0, 2, 1408.32
1639486181, 1, 358, 856, 670, 0, 0.92%, 13, 0, 2, 1395.98
1639486186, 1, 384, 856, 666, 0, 0.92%, 13, 0, 2, 1411.87
1639486191, 1, 432, 856, 661, 0, 0.92%, 13, 0, 2, 1404.96
1639486196, 1, 454, 856, 655, 0, 0.92%, 13, 0, 2, 1408.36
1639486201, 1, 509, 856, 646, 0, 0.92%, 13, 0, 2, 1412.62
1639486206, 1, 524, 856, 639, 0, 0.92%, 13, 0, 2, 1403.88
1639486211, 1, 554, 856, 632, 0, 0.92%, 13, 0, 2, 1401.21
1639486216, 1, 580, 856, 627, 0, 0.92%, 13, 0, 2, 1399.83
1639486222, 1, 604, 856, 621, 0, 0.92%, 13, 0, 2, 1407.03
1639486227, 1, 738, 856, 612, 1, 0.92%, 13, 0, 2, 1430.41
1639486232, 2, 418, 856, 601, 0, 0.92%, 13, 0, 2, 1422.37
1639486237, 2, 453, 856, 597, 0, 0.92%, 13, 0, 2, 1439.73
1639486242, 2, 498, 856, 592, 0, 0.92%, 13, 0, 2, 1432.57
1639486247, 2, 540, 856, 586, 0, 0.92%, 13, 0, 2, 1408.34
1639486253, 2, 582, 856, 581, 0, 0.92%, 13, 0, 2, 1414.66
1639486258, 2, 622, 856, 573, 0, 0.92%, 13, 0, 2, 1424.15
1639486263, 2, 650, 856, 567, 0, 0.92%, 14, 0, 2, 1431.98
1639486268, 2, 712, 856, 556, 0, 0.92%, 14, 0, 2, 1423.31
1639486273, 2, 743, 856, 549, 0, 0.92%, 15, 0, 2, 1417.43
1639486278, 2, 786, 856, 541, 0, 0.92%, 15, 0, 2, 1411.20
1639486283, 2, 850, 856, 535, 0, 0.92%, 15, 0, 2, 1407.50
1639486289, 3, 46, 856, 528, 0, 0.92%, 15, 0, 2, 1413.95
1639486294, 3, 84, 856, 521, 0, 0.92%, 15, 0, 2, 1422.78
1639486299, 3, 121, 856, 515, 0, 0.92%, 15, 0, 2, 1417.86
1639486304, 3, 170, 856, 505, 0, 0.92%, 15, 0, 2, 1420.14
1639486309, 3, 199, 856, 499, 0, 0.92%, 15, 0, 2, 1406.68
1639486314, 3, 248, 856, 493, 0, 0.92%, 15, 0, 2, 1420.53
1639486320, 3, 280, 856, 485, 0, 0.92%, 15, 0, 2, 1420.52
1639486325, 3, 305, 856, 480, 0, 0.92%, 15, 0, 2, 1423.37
1639486330, 3, 343, 856, 474, 0, 0.92%, 15, 0, 2, 1408.53
1639486335, 3, 377, 856, 471, 0, 0.92%, 15, 0, 2, 1390.94
1639486340, 3, 396, 856, 466, 0, 0.92%, 15, 0, 2, 1387.08
1639486345, 3, 425, 856, 459, 0, 0.92%, 15, 0, 2, 1404.34
1639486350, 3, 456, 856, 455, 0, 0.92%, 15, 0, 2, 1395.69
1639486355, 3, 498, 856, 448, 0, 0.92%, 15, 0, 2, 1418.25
1639486360, 3, 540, 856, 444, 0, 0.92%, 15, 0, 2, 1395.68
1639486365, 3, 794, 856, 436, 0, 0.92%, 15, 0, 2, 1390.62
1639486371, 3, 835, 856, 428, 0, 0.92%, 15, 0, 2, 1389.87
1639486376, 4, 23, 856, 421, 0, 0.92%, 15, 0, 2, 1393.02
