# unix_time, cycles_done, cur_path, paths_total, pending_total, pending_favs, map_size, unique_crashes, unique_hangs, max_depth, execs_per_sec
1639546229, 0, 0, 226, 226, 69, 0.54%, 0, 0, 1, 1128.59
1639546234, 0, 29, 228, 218, 60, 0.54%, 10, 0, 2, 1297.91
1639546239, 0, 65, 230, 209, 50, 0.54%, 13, 0, 2, 1392.79
1639546244, 0, 100, 232, 201, 41, 0.55%, 13, 0, 2, 1360.21
1639546249, 0, 122, 232, 192, 32, 0.55%, 14, 0, 2, 1401.61
1639546254, 0, 145, 236, 188, 25, 0.55%, 15, 0, 2, 1378.09
1639546259, 0, 174, 236, 181, 20, 0.55%, 17, 0, 2, 1379.12
1639546264, 0, 210, 236, 171, 10, 0.55%, 17, 0, 2, 1373.26
1639546269, 0, 231, 236, 163, 2, 0.55%, 19, 0, 2, 1407.55
1639546275, 1, 18, 237, 161, 0, 0.55%, 19, 0, 2, 1418.95
1639546280, 1, 38, 239, 157, 0, 0.55%, 19, 0, 2, 1383.25
1639546285, 1, 61, 239, 153, 0, 0.55%, 19, 0, 2, 1399.45
1639546290, 1, 93, 239, 149, 0, 0.55%, 19, 0, 2, 1394.09
1639546295, 1, 105, 242, 151, 0, 0.55%, 19, 0, 2, 1398.46
1639546300, 1, 117, 242, 145, 0, 0.55%, 19, 0, 2, 1413.03
1639546305, 1, 140, 242, 141, 0, 0.55%, 19, 0, 2, 1406.11
1639546310, 1, 168, 242, 139, 0, 0.55%, 20, 0, 2, 1401.98
1639546315, 1, 182, 243, 135, 0, 0.55%, 20, 0, 2, 1400.56
1639546320, 1, 207, 243, 133, 0, 0.55%, 22, 0, 2, 1411.84
1639546325, 1, 223, 244, 131, 0, 0.55%, 23, 0, 2, 1396.86
1639546330, 1, 235, 245, 126, 0, 0.55%, 23, 0, 3, 1424.65
1639546335, 2, 12, 245, 121, 0, 0.55%, 23, 0, 3, 1407.66
1639546341, 2, 47, 245, 119, 0, 0.55%, 23, 0, 3, 1410.43
1639546346, 2, 68, 247, 118, 0, 0.55%, 23, 0, 3, 1404.35
1639546351, 2, 93, 247, 112, 0, 0.55%, 24, 0, 3, 1326.80
1639546356, 2, 103, 247, 111, 0, 0.55%, 24, 0, 3, 1151.46
1639546361, 2, 119, 247, 108, 0, 0.55%, 24, 0, 3, 1280.19
1639546366, 2, 142, 247, 106, 0, 0.55%, 24, 0, 3, 1385.98
1639546371, 2, 170, 247, 102, 0, 0.55%, 24, 0, 3, 1406.03
1639546376, 2, 188, 247, 98, 0, 0.55%, 24, 0, 3, 1425.66
1639546381, 2, 210, 247, 96, 0, 0.55%, 25, 0, 3, 1418.19
1639546386, 2, 231, 248, 96, 0, 0.55%, 25, 0, 3, 1421.90
1639546392, 2, 244, 250, 96, 0, 0.55%, 25, 0, 3, 1393.77
1639546397, 3, 10, 251, 94, 0, 0.55%, 25, 0, 3, 1415.05
1639546402, 3, 37, 251, 92, 0, 0.55%, 25, 0, 3, 1404.33
1639546407, 3, 55, 251, 88, 0, 0.55%, 25, 0, 3, 1381.74
1639546412, 3, 82, 251, 85, 0, 0.55%, 25, 0, 3, 1392.50
1639546417, 3, 102, 251, 84, 0, 0.55%, 25, 0, 3, 1416.80
1639546422, 3, 121, 251, 83, 0, 0.55%, 25, 0, 3, 1410.97
1639546427, 3, 144, 251, 82, 0, 0.55%, 25, 0, 3, 1352.91
1639546432, 4, 10, 252, 81, 0, 0.55%, 26, 0, 3, 1379.68
1639546438, 4, 47, 252, 80, 0, 0.55%, 26, 0, 3, 1405.00
1639546443, 4, 79, 252, 77, 0, 0.55%, 26, 0, 3, 1395.38
1639546448, 4, 102, 252, 76, 0, 0.55%, 26, 0, 3, 1416.14
1639546453, 4, 122, 252, 76, 0, 0.55%, 26, 0, 3, 1410.14
1639546458, 4, 144, 252, 75, 0, 0.55%, 26, 0, 3, 1385.12
1639546463, 4, 174, 252, 71, 0, 0.55%, 26, 0, 3, 1394.96
1639546468, 4, 198, 253, 71, 0, 0.55%, 26, 0, 3, 1366.32
1639546473, 4, 219, 253, 70, 0, 0.55%, 26, 0, 3, 1390.03
1639546479, 4, 239, 254, 70, 0, 0.55%, 26, 0, 3, 1408.14
1639546484, 4, 252, 254, 67, 0, 0.55%, 26, 0, 3, 1389.39
1639546489, 5, 28, 254, 66, 0, 0.55%, 26, 0, 3, 1398.54
1639546494, 5, 60, 254, 64, 0, 0.55%, 26, 0, 3, 1391.45
1639546499, 5, 93, 254, 62, 0, 0.55%, 26, 0, 3, 1358.24
1639546504, 5, 108, 254, 62, 0, 0.55%, 26, 0, 3, 1315.37
1639546509, 5, 132, 254, 59, 0, 0.55%, 26, 0, 3, 1402.75
1639546514, 5, 148, 254, 59, 0, 0.55%, 26, 0, 3, 1374.28
1639546519, 5, 186, 254, 56, 0, 0.55%, 26, 0, 3, 1628.10
1639546525, 5, 207, 254, 53, 0, 0.55%, 26, 0, 3, 1418.58
