# unix_time, cycles_done, cur_path, paths_total, pending_total, pending_favs, map_size, unique_crashes, unique_hangs, max_depth, execs_per_sec
1639479982, 0, 0, 791, 791, 90, 0.82%, 0, 0, 1, 1169.04
1639479987, 0, 77, 791, 779, 78, 0.82%, 3, 0, 1, 1376.75
1639479992, 0, 123, 791, 768, 68, 0.82%, 4, 0, 1, 1421.73
1639479997, 0, 224, 791, 757, 57, 0.82%, 4, 0, 1, 1449.03
1639480003, 0, 264, 791, 751, 51, 0.82%, 6, 0, 1, 1393.78
1639480008, 0, 366, 793, 744, 44, 0.82%, 6, 0, 2, 1394.02
1639480013, 0, 415, 793, 735, 36, 0.82%, 6, 0, 2, 1380.53
1639480018, 0, 510, 793, 727, 30, 0.82%, 6, 0, 2, 1402.76
1639480023, 0, 606, 793, 719, 22, 0.82%, 7, 0, 2, 1410.80
1639480028, 0, 680, 793, 710, 14, 0.82%, 8, 0, 2, 1409.02
1639480033, 0, 739, 793, 701, 5, 0.82%, 8, 0, 2, 1358.12
1639480038, 1, 6, 793, 692, 0, 0.82%, 8, 0, 2, 1313.39
1639480043, 1, 37, 793, 687, 0, 0.82%, 8, 0, 2, 1264.76
1639480048, 1, 149, 796, 684, 1, 0.82%, 8, 0, 2, 1247.73
1639480053, 1, 743, 797, 678, 4, 0.82%, 8, 0, 2, 1562.81
1639480059, 1, 796, 799, 677, 3, 0.83%, 8, 0, 3, 1432.02
1639480064, 2, 5, 799, 673, 0, 0.83%, 8, 0, 3, 1397.63
1639480069, 2, 47, 799, 665, 0, 0.83%, 8, 0, 3, 1394.38
1639480074, 2, 69, 800, 662, 0, 0.83%, 8, 0, 3, 1389.00
1639480079, 2, 91, 800, 657, 0, 0.83%, 8, 0, 3, 1374.82
1639480084, 2, 128, 800, 653, 0, 0.83%, 8, 0, 3, 1340.07
1639480089, 2, 169, 800, 646, 0, 0.83%, 8, 0, 3, 1374.17
1639480094, 2, 191, 800, 640, 0, 0.83%, 8, 0, 3, 1381.14
1639480099, 2, 217, 801, 635, 0, 0.83%, 8, 0, 3, 1351.34
1639480104, 2, 245, 801, 629, 0, 0.83%, 8, 0, 3, 1381.44
1639480109, 2, 262, 801, 626, 0, 0.83%, 8, 0, 3, 1375.25
1639480115, 2, 284, 801, 621, 0, 0.83%, 8, 0, 3, 1383.91
1639480120, 2, 330, 801, 613, 0, 0.83%, 8, 0, 3, 1404.57
1639480125, 2, 366, 801, 605, 0, 0.83%, 8, 0, 3, 1390.81
1639480130, 2, 387, 801, 601, 0, 0.83%, 9, 0, 3, 1382.94
1639480135, 2, 423, 801, 593, 0, 0.83%, 9, 0, 3, 1387.01
1639480140, 2, 448, 801, 586, 0, 0.83%, 9, 0, 3, 1378.75
1639480145, 2, 470, 801, 578, 0, 0.83%, 9, 0, 3, 1387.08
1639480150, 2, 636, 801, 571, 0, 0.83%, 9, 0, 3, 1389.24
1639480155, 2, 664, 801, 565, 0, 0.83%, 9, 0, 3, 1389.21
1639480161, 2, 695, 801, 561, 0, 0.83%, 9, 0, 3, 1372.07
1639480166, 2, 729, 801, 557, 0, 0.83%, 9, 0, 3, 1385.32
1639480171, 2, 763, 801, 551, 0, 0.83%, 10, 0, 3, 1367.35
1639480176, 2, 779, 801, 544, 0, 0.83%, 10, 0, 3, 1377.33
1639480181, 3, 10, 802, 540, 0, 0.83%, 10, 0, 3, 1396.76
1639480186, 3, 51, 802, 536, 0, 0.83%, 10, 0, 3, 1370.83
1639480191, 3, 74, 802, 531, 0, 0.83%, 10, 0, 3, 1370.23
1639480196, 3, 94, 802, 528, 0, 0.83%, 10, 0, 3, 1385.58
1639480201, 3, 133, 802, 523, 0, 0.83%, 10, 0, 3, 1378.04
1639480206, 3, 189, 802, 516, 0, 0.83%, 10, 0, 3, 1367.35
1639480211, 3, 223, 802, 512, 0, 0.83%, 10, 0, 3, 1383.75
1639480217, 3, 260, 802, 507, 0, 0.83%, 10, 0, 3, 1392.46
1639480222, 3, 288, 802, 503, 0, 0.83%, 10, 0, 3, 1372.46
1639480227, 3, 325, 802, 497, 0, 0.83%, 10, 0, 3, 1382.74
1639480232, 3, 364, 802, 489, 0, 0.83%, 10, 0, 3, 1387.77
1639480237, 3, 378, 802, 483, 0, 0.83%, 11, 0, 3, 1405.47
1639480242, 3, 408, 802, 478, 0, 0.83%, 11, 0, 3, 1402.23
1639480248, 3, 439, 803, 474, 0, 0.83%, 11, 0, 3, 1394.39
1639480253, 3, 501, 803, 469, 0, 0.83%, 11, 0, 3, 1389.42
1639480258, 3, 524, 803, 465, 0, 0.83%, 11, 0, 3, 1371.53
1639480263, 3, 549, 803, 459, 0, 0.83%, 11, 0, 3, 1394.08
1639480268, 3, 569, 803, 453, 0, 0.83%, 11, 0, 3, 1398.58
1639480273, 3, 601, 803, 447, 0, 0.83%, 11, 0, 3, 1391.05
