# unix_time, cycles_done, cur_path, paths_total, pending_total, pending_favs, map_size, unique_crashes, unique_hangs, max_depth, execs_per_sec
1639484273, 0, 0, 1, 1, 1, 0.12%, 0, 0, 1, 2000.00
1639484278, 0, 0, 87, 87, 1, 0.49%, 3, 0, 2, 1554.98
1639484283, 0, 9, 112, 108, 49, 0.52%, 7, 0, 3, 1436.53
1639484288, 0, 9, 134, 130, 49, 0.52%, 10, 0, 3, 1432.12
1639484293, 0, 32, 144, 126, 40, 0.54%, 10, 0, 3, 1427.29
1639484298, 0, 50, 159, 133, 32, 0.56%, 10, 0, 3, 1429.74
1639484303, 0, 57, 161, 130, 27, 0.56%, 10, 0, 3, 1423.37
1639484308, 0, 73, 173, 135, 27, 0.58%, 10, 0, 3, 1426.96
1639484313, 0, 100, 183, 138, 19, 0.58%, 10, 0, 4, 1431.50
1639484318, 0, 151, 201, 150, 19, 0.61%, 10, 0, 4, 1436.71
1639484323, 0, 179, 212, 154, 13, 0.63%, 10, 0, 4, 1395.72
1639484328, 0, 180, 219, 160, 15, 0.65%, 10, 0, 4, 1393.44
1639484333, 0, 187, 224, 164, 14, 0.65%, 10, 0, 5, 1428.30
1639484339, 0, 194, 229, 168, 14, 0.65%, 10, 0, 5, 1408.23
1639484344, 0, 197, 233, 171, 15, 0.67%, 10, 0, 5, 1420.35
1639484349, 0, 199, 244, 181, 21, 0.70%, 10, 0, 5, 1398.07
1639484354, 0, 201, 252, 188, 21, 0.70%, 11, 0, 5, 1355.99
1639484359, 0, 206, 253, 187, 20, 0.70%, 12, 0, 5, 1396.47
1639484364, 0, 218, 255, 184, 16, 0.70%, 12, 0, 5, 1405.38
1639484369, 0, 226, 257, 184, 15, 0.70%, 12, 0, 6, 1380.05
1639484374, 0, 231, 257, 180, 12, 0.70%, 12, 0, 6, 1419.16
1639484379, 0, 236, 263, 182, 12, 0.71%, 12, 0, 6, 1427.35
1639484384, 0, 248, 267, 184, 10, 0.71%, 12, 0, 6, 1422.90
1639484390, 0, 249, 270, 186, 9, 0.71%, 12, 0, 6, 1388.73
1639484395, 0, 255, 271, 185, 7, 0.71%, 12, 0, 7, 1394.94
1639484400, 0, 261, 277, 187, 4, 0.72%, 12, 0, 7, 1407.43
1639484405, 0, 272, 283, 192, 5, 0.72%, 12, 0, 8, 1418.59
1639484410, 0, 276, 288, 196, 5, 0.72%, 12, 0, 8, 1427.08
1639484415, 0, 282, 290, 196, 3, 0.73%, 12, 0, 9, 1388.97
1639484420, 0, 291, 292, 195, 3, 0.73%, 12, 0, 11, 1393.24
1639484425, 1, 47, 292, 189, 0, 0.73%, 12, 0, 11, 1424.07
1639484430, 1, 66, 295, 191, 0, 0.73%, 12, 0, 11, 1433.27
1639484435, 1, 194, 296, 191, 1, 0.74%, 12, 0, 11, 1423.08
1639484440, 1, 295, 298, 192, 1, 0.78%, 13, 0, 11, 1423.02
1639484445, 2, 5, 298, 189, 0, 0.78%, 13, 0, 11, 1435.01
1639484451, 2, 27, 298, 187, 0, 0.78%, 13, 0, 11, 1434.70
1639484456, 2, 53, 298, 185, 0, 0.78%, 13, 0, 11, 1436.57
1639484461, 2, 68, 299, 182, 0, 0.78%, 13, 0, 11, 1448.91
1639484466, 2, 91, 302, 180, 0, 0.78%, 13, 0, 11, 1446.37
1639484471, 2, 121, 302, 177, 0, 0.78%, 15, 0, 11, 1423.82
1639484476, 2, 145, 302, 170, 0, 0.78%, 16, 0, 11, 1425.09
1639484481, 2, 167, 303, 168, 0, 0.78%, 16, 0, 11, 1392.53
1639484486, 2, 192, 303, 162, 0, 0.78%, 16, 0, 11, 1399.84
1639484491, 2, 199, 303, 161, 0, 0.78%, 16, 0, 11, 1368.98
1639484496, 2, 214, 303, 160, 0, 0.78%, 16, 0, 11, 1402.42
1639484501, 2, 225, 303, 159, 0, 0.78%, 16, 0, 11, 1403.29
1639484506, 2, 231, 303, 158, 0, 0.78%, 16, 0, 11, 1375.07
1639484512, 2, 246, 307, 162, 0, 0.78%, 16, 0, 11, 1334.29
1639484517, 2, 250, 307, 162, 0, 0.78%, 16, 0, 11, 1394.28
1639484522, 2, 255, 307, 160, 0, 0.78%, 16, 0, 11, 1410.99
1639484527, 2, 276, 307, 159, 0, 0.78%, 16, 0, 11, 1407.43
1639484532, 2, 282, 307, 159, 0, 0.78%, 16, 0, 11, 1386.41
1639484537, 2, 291, 307, 158, 0, 0.78%, 16, 0, 11, 1391.33
1639484542, 2, 297, 307, 156, 0, 0.78%, 17, 0, 11, 1507.88
1639484547, 3, 17, 307, 154, 0, 0.78%, 17, 0, 11, 2032.64
1639484553, 4, 5, 309, 152, 0, 0.78%, 17, 0, 11, 1526.39
1639484558, 4, 28, 309, 151, 0, 0.78%, 17, 0, 11, 1433.83
1639484563, 4, 57, 309, 150, 0, 0.78%, 17, 0, 11, 1423.28
1639484568, 4, 92, 309, 149, 0, 0.78%, 17, 0, 11, 1406.89
