# unix_time, cycles_done, cur_path, paths_total, pending_total, pending_favs, map_size, unique_crashes, unique_hangs, max_depth, execs_per_sec
1639590024, 0, 0, 1, 1, 1, 0.12%, 0, 0, 1, 571.43
1639590030, 0, 0, 56, 56, 1, 0.38%, 4, 3, 2, 15.34
1639590035, 0, 0, 68, 68, 1, 0.38%, 7, 5, 2, 1256.36
1639590040, 0, 4, 92, 91, 36, 0.42%, 7, 5, 3, 1263.81
1639590045, 0, 27, 117, 108, 30, 0.44%, 7, 5, 3, 1881.59
1639590051, 0, 49, 131, 110, 18, 0.46%, 8, 5, 3, 1432.42
1639590056, 0, 68, 147, 119, 18, 0.49%, 11, 5, 3, 1430.45
1639590061, 0, 102, 158, 123, 13, 0.50%, 11, 5, 4, 1423.39
1639590066, 0, 123, 167, 130, 16, 0.51%, 11, 5, 4, 1412.99
1639590071, 0, 125, 171, 133, 15, 0.51%, 11, 5, 4, 1414.33
1639590076, 0, 136, 176, 134, 13, 0.51%, 12, 5, 4, 1450.83
1639590081, 0, 143, 182, 138, 13, 0.52%, 14, 5, 4, 1418.99
1639590086, 0, 159, 184, 136, 10, 0.52%, 14, 5, 5, 1346.94
1639590091, 0, 170, 189, 138, 7, 0.52%, 14, 5, 5, 1306.37
1639590096, 0, 178, 194, 140, 4, 0.54%, 14, 5, 5, 1302.96
1639590101, 0, 178, 195, 141, 4, 0.55%, 15, 5, 5, 1316.38
1639590106, 0, 198, 200, 141, 4, 0.56%, 15, 5, 6, 1353.14
1639590111, 1, 72, 202, 140, 1, 0.56%, 15, 5, 7, 1353.48
1639590116, 1, 202, 207, 142, 1, 0.56%, 15, 5, 7, 1366.00
1639590121, 1, 203, 211, 145, 0, 0.56%, 15, 5, 7, 1397.39
1639590126, 1, 203, 214, 148, 0, 0.56%, 15, 5, 7, 1402.87
1639590131, 1, 211, 215, 147, 0, 0.56%, 15, 5, 7, 1436.81
1639590137, 2, 164, 216, 144, 2, 0.57%, 15, 5, 7, 1422.77
1639590142, 2, 215, 223, 150, 1, 0.58%, 16, 6, 7, 1265.12
1639590147, 2, 215, 225, 152, 1, 0.58%, 16, 7, 7, 119.34
1639590152, 2, 215, 225, 152, 1, 0.58%, 16, 11, 7, 290.91
1639590157, 2, 218, 226, 152, 2, 0.58%, 16, 13, 7, 198.92
1639590163, 2, 223, 227, 152, 1, 0.58%, 16, 13, 7, 944.73
1639590168, 2, 223, 229, 154, 1, 0.58%, 16, 13, 7, 126.24
1639590173, 2, 228, 229, 153, 1, 0.58%, 16, 14, 7, 142.10
1639590188, 3, 30, 231, 152, 0, 0.58%, 16, 14, 7, 1333.10
1639590193, 3, 52, 231, 151, 0, 0.58%, 16, 14, 7, 1166.15
1639590198, 3, 69, 231, 148, 0, 0.58%, 16, 14, 7, 1172.93
1639590203, 3, 91, 232, 144, 0, 0.58%, 16, 14, 7, 1242.83
1639590208, 3, 216, 234, 143, 1, 0.59%, 16, 14, 7, 1206.29
1639590213, 3, 233, 234, 141, 0, 0.59%, 16, 14, 7, 1117.52
1639590219, 4, 27, 234, 138, 0, 0.59%, 16, 14, 7, 923.42
1639590224, 4, 51, 236, 139, 0, 0.59%, 16, 14, 7, 1279.95
1639590229, 4, 85, 237, 136, 0, 0.59%, 16, 14, 7, 1388.12
1639590234, 4, 105, 237, 134, 0, 0.59%, 16, 14, 7, 1427.62
1639590239, 4, 135, 237, 129, 0, 0.59%, 17, 14, 7, 1431.06
1639590244, 4, 151, 239, 128, 0, 0.59%, 17, 14, 7, 1413.63
1639590249, 4, 158, 239, 126, 0, 0.59%, 17, 14, 7, 1334.51
1639590255, 4, 164, 239, 126, 0, 0.59%, 17, 14, 7, 1408.63
1639590260, 4, 240, 241, 127, 1, 0.59%, 17, 14, 7, 1381.36
1639590265, 5, 30, 241, 122, 0, 0.59%, 17, 14, 7, 1394.25
1639590270, 5, 55, 242, 121, 0, 0.59%, 17, 14, 7, 1397.98
1639590275, 5, 90, 243, 119, 0, 0.59%, 17, 14, 7, 1332.19
1639590280, 5, 109, 243, 117, 0, 0.59%, 17, 14, 7, 1264.71
1639590285, 5, 144, 243, 114, 0, 0.59%, 17, 14, 7, 1198.31
1639590290, 5, 159, 243, 113, 0, 0.59%, 17, 14, 7, 1194.27
1639590296, 5, 164, 244, 114, 0, 0.59%, 17, 14, 7, 1205.62
1639590301, 5, 168, 245, 113, 0, 0.59%, 17, 14, 7, 1116.80
1639590306, 5, 173, 245, 112, 0, 0.59%, 17, 14, 7, 1042.53
1639590311, 5, 178, 245, 111, 0, 0.59%, 17, 14, 7, 1031.60
1639590316, 5, 182, 246, 111, 0, 0.59%, 17, 14, 7, 968.27
1639590321, 5, 191, 247, 111, 0, 0.59%, 17, 14, 7, 921.54
