# unix_time, cycles_done, cur_path, paths_total, pending_total, pending_favs, map_size, unique_crashes, unique_hangs, max_depth, execs_per_sec
1639480595, 0, 0, 805, 805, 96, 0.91%, 0, 0, 1, 1258.80
1639480600, 0, 139, 805, 792, 84, 0.91%, 3, 0, 1, 1424.37
1639480605, 0, 216, 805, 784, 76, 0.91%, 4, 0, 1, 1425.42
1639480610, 0, 233, 805, 777, 69, 0.91%, 5, 0, 1, 1425.62
1639480615, 0, 324, 805, 766, 59, 0.91%, 6, 0, 1, 1417.98
1639480621, 0, 394, 805, 756, 50, 0.91%, 7, 0, 1, 1389.23
1639480626, 0, 443, 805, 749, 43, 0.91%, 8, 0, 1, 1417.39
1639480631, 0, 549, 805, 740, 34, 0.91%, 8, 0, 1, 1418.94
1639480636, 0, 620, 805, 733, 27, 0.91%, 10, 0, 1, 1407.13
1639480641, 0, 666, 805, 725, 20, 0.91%, 10, 0, 1, 1406.23
1639480646, 0, 721, 805, 717, 12, 0.91%, 10, 0, 1, 1420.26
1639480651, 0, 799, 805, 706, 2, 0.91%, 10, 0, 1, 1413.47
1639480656, 1, 55, 805, 694, 0, 0.91%, 10, 0, 1, 1597.63
1639480661, 1, 101, 805, 689, 0, 0.91%, 10, 0, 1, 1458.18
1639480666, 1, 137, 805, 684, 0, 0.91%, 11, 0, 1, 1438.24
1639480672, 1, 171, 805, 676, 0, 0.91%, 11, 0, 1, 1422.57
1639480677, 1, 187, 805, 671, 0, 0.91%, 11, 0, 1, 1419.44
1639480682, 1, 214, 805, 667, 0, 0.91%, 11, 0, 1, 1429.01
1639480687, 1, 226, 805, 664, 0, 0.91%, 11, 0, 1, 1443.56
1639480692, 1, 255, 805, 662, 0, 0.91%, 11, 0, 1, 1437.61
1639480697, 1, 291, 805, 654, 0, 0.91%, 11, 0, 1, 1418.82
1639480703, 1, 314, 805, 647, 0, 0.91%, 11, 0, 1, 1420.76
1639480708, 1, 342, 805, 641, 0, 0.91%, 11, 0, 1, 1425.57
1639480713, 1, 378, 805, 633, 0, 0.91%, 11, 0, 1, 1434.30
1639480718, 1, 404, 805, 628, 0, 0.91%, 11, 0, 1, 1416.79
1639480723, 1, 427, 805, 623, 0, 0.91%, 11, 0, 1, 1425.06
1639480728, 1, 443, 805, 619, 0, 0.91%, 11, 0, 1, 1443.46
1639480733, 1, 474, 805, 612, 0, 0.91%, 11, 0, 1, 1437.87
1639480738, 1, 502, 805, 606, 0, 0.91%, 11, 0, 1, 1436.59
1639480744, 1, 525, 805, 601, 0, 0.91%, 11, 0, 1, 1426.48
1639480749, 1, 541, 805, 595, 0, 0.91%, 11, 0, 1, 1418.73
1639480754, 1, 574, 805, 590, 0, 0.91%, 11, 0, 1, 1421.52
1639480759, 1, 585, 805, 584, 0, 0.91%, 11, 0, 1, 1388.09
1639480764, 1, 616, 805, 579, 0, 0.91%, 11, 0, 1, 1418.64
1639480769, 1, 641, 805, 574, 0, 0.91%, 13, 0, 1, 1398.72
1639480774, 1, 659, 806, 571, 0, 0.91%, 13, 0, 2, 1409.03
1639480779, 1, 681, 806, 565, 0, 0.91%, 13, 0, 2, 1416.24
1639480784, 1, 699, 806, 560, 0, 0.91%, 13, 0, 2, 1412.22
1639480789, 1, 745, 806, 554, 0, 0.91%, 13, 0, 2, 1403.49
1639480794, 1, 778, 806, 549, 0, 0.91%, 13, 0, 2, 1403.86
1639480799, 2, 7, 806, 543, 0, 0.91%, 13, 0, 2, 1416.05
1639480804, 2, 63, 807, 537, 0, 0.91%, 14, 0, 2, 1384.85
1639480810, 2, 96, 807, 530, 0, 0.91%, 14, 0, 2, 1395.14
1639480815, 2, 114, 807, 524, 0, 0.91%, 14, 0, 2, 1392.49
1639480820, 2, 147, 807, 518, 0, 0.91%, 14, 0, 2, 1418.46
1639480825, 2, 192, 807, 511, 0, 0.91%, 14, 0, 2, 1409.71
1639480830, 2, 224, 807, 510, 0, 0.91%, 14, 0, 2, 1416.08
1639480835, 2, 242, 807, 509, 0, 0.91%, 14, 0, 2, 1422.71
1639480840, 2, 266, 807, 503, 0, 0.91%, 14, 0, 2, 1441.27
1639480845, 2, 303, 807, 497, 0, 0.91%, 14, 0, 2, 1441.05
1639480850, 2, 324, 807, 493, 0, 0.91%, 14, 0, 2, 1424.30
1639480855, 2, 362, 807, 489, 0, 0.91%, 14, 0, 2, 1428.57
1639480860, 2, 392, 807, 483, 0, 0.91%, 14, 0, 2, 1411.74
1639480865, 2, 417, 807, 479, 0, 0.91%, 14, 0, 2, 1426.27
1639480870, 2, 443, 807, 474, 0, 0.91%, 14, 0, 2, 1428.13
1639480876, 2, 473, 807, 469, 0, 0.91%, 14, 0, 2, 1423.64
1639480881, 2, 524, 807, 465, 0, 0.91%, 14, 0, 2, 1428.09
1639480886, 2, 547, 807, 460, 0, 0.91%, 14, 0, 2, 1422.51
