# unix_time, cycles_done, cur_path, paths_total, pending_total, pending_favs, map_size, unique_crashes, unique_hangs, max_depth, execs_per_sec
1639598772, 0, 0, 1, 1, 1, 0.12%, 0, 0, 1, 1142.86
1639598777, 0, 0, 82, 82, 1, 0.45%, 2, 0, 2, 1370.39
1639598782, 0, 15, 110, 105, 37, 0.49%, 4, 0, 3, 1394.22
1639598788, 0, 16, 137, 131, 39, 0.51%, 4, 0, 3, 1413.97
1639598793, 0, 41, 151, 134, 29, 0.52%, 4, 0, 3, 1433.20
1639598798, 0, 66, 160, 136, 25, 0.54%, 4, 0, 3, 1439.07
1639598803, 0, 75, 170, 141, 21, 0.54%, 4, 0, 3, 1424.35
1639598808, 0, 102, 180, 146, 16, 0.54%, 5, 0, 4, 1437.19
1639598813, 0, 148, 187, 146, 11, 0.55%, 5, 0, 4, 1427.14
1639598818, 0, 151, 198, 156, 13, 0.56%, 8, 0, 4, 1414.25
1639598823, 0, 171, 202, 154, 8, 0.56%, 9, 0, 4, 1440.40
1639598828, 0, 183, 206, 155, 8, 0.57%, 9, 0, 5, 1444.99
1639598833, 0, 190, 211, 159, 7, 0.58%, 10, 0, 5, 1415.92
1639598838, 0, 194, 221, 168, 7, 0.61%, 10, 0, 5, 1418.08
1639598844, 0, 197, 229, 175, 11, 0.61%, 10, 0, 5, 1410.28
1639598849, 0, 209, 231, 173, 9, 0.61%, 10, 0, 5, 1430.92
1639598854, 0, 214, 239, 178, 6, 0.64%, 11, 0, 6, 1426.56
1639598859, 0, 215, 240, 178, 13, 0.64%, 11, 0, 6, 1396.11
1639598864, 0, 221, 243, 179, 11, 0.64%, 11, 0, 6, 1353.39
1639598869, 0, 233, 244, 177, 9, 0.64%, 11, 0, 7, 1396.24
1639598874, 0, 237, 251, 180, 7, 0.65%, 11, 0, 7, 1413.20
1639598879, 0, 238, 252, 180, 6, 0.65%, 11, 0, 7, 1435.72
1639598884, 0, 247, 256, 180, 3, 0.65%, 11, 0, 8, 1437.45
1639598889, 1, 60, 258, 178, 0, 0.65%, 11, 0, 8, 1412.72
1639598895, 1, 74, 261, 179, 0, 0.65%, 11, 0, 8, 1409.51
1639598900, 1, 96, 265, 179, 0, 0.65%, 11, 0, 8, 1403.35
1639598905, 1, 114, 267, 178, 0, 0.65%, 11, 0, 8, 1415.70
1639598910, 1, 142, 268, 172, 0, 0.65%, 11, 0, 8, 1381.66
1639598915, 1, 158, 269, 169, 0, 0.65%, 11, 0, 8, 1393.99
1639598920, 1, 269, 275, 175, 1, 0.66%, 11, 0, 8, 1395.14
1639598925, 1, 275, 278, 177, 1, 0.66%, 12, 0, 8, 1410.69
1639598930, 2, 18, 280, 175, 0, 0.66%, 12, 0, 8, 1391.38
1639598935, 2, 43, 282, 171, 0, 0.66%, 12, 0, 8, 1417.54
1639598941, 2, 66, 282, 167, 0, 0.66%, 12, 0, 8, 1428.31
1639598946, 2, 284, 287, 170, 1, 0.67%, 12, 0, 8, 1417.39
1639598951, 2, 286, 287, 168, 1, 0.67%, 12, 0, 8, 1432.12
1639598956, 3, 287, 292, 171, 1, 0.67%, 12, 0, 8, 1430.72
1639598961, 4, 35, 293, 170, 0, 0.67%, 12, 0, 8, 1417.56
1639598966, 5, 22, 296, 171, 0, 0.67%, 12, 0, 8, 1430.81
1639598971, 5, 56, 296, 165, 0, 0.67%, 12, 0, 8, 1425.57
1639598976, 5, 74, 296, 164, 0, 0.67%, 12, 0, 8, 1438.95
1639598981, 5, 101, 299, 164, 0, 0.67%, 12, 0, 8, 1437.52
1639598987, 5, 120, 299, 160, 0, 0.67%, 12, 0, 8, 1441.71
1639598992, 5, 154, 300, 158, 0, 0.67%, 12, 0, 8, 1426.29
1639598997, 5, 176, 300, 154, 0, 0.67%, 12, 0, 8, 1427.23
1639599002, 5, 190, 301, 154, 0, 0.67%, 12, 0, 8, 2083.95
1639599007, 5, 200, 301, 152, 0, 0.67%, 12, 0, 8, 1714.85
1639599012, 5, 206, 301, 152, 0, 0.67%, 12, 0, 8, 1413.78
1639599017, 5, 212, 301, 150, 0, 0.67%, 12, 0, 8, 1364.25
1639599022, 5, 217, 301, 149, 0, 0.67%, 12, 0, 8, 1338.49
1639599027, 5, 223, 301, 148, 0, 0.67%, 12, 0, 8, 1354.92
1639599033, 5, 232, 301, 146, 0, 0.67%, 12, 0, 8, 1373.00
1639599038, 5, 238, 301, 146, 0, 0.67%, 12, 0, 8, 1393.01
1639599043, 5, 247, 301, 146, 0, 0.67%, 12, 0, 8, 1381.22
1639599048, 5, 266, 303, 146, 0, 0.67%, 12, 0, 8, 1412.68
1639599053, 5, 281, 303, 144, 0, 0.67%, 12, 0, 8, 1421.02
1639599058, 5, 303, 311, 151, 1, 0.71%, 12, 0, 8, 1433.30
1639599063, 5, 303, 315, 155, 1, 0.72%, 12, 0, 8, 1447.82
1639599068, 5, 304, 316, 155, 10, 0.72%, 12, 0, 8, 1437.60
