# unix_time, cycles_done, cur_path, paths_total, pending_total, pending_favs, map_size, unique_crashes, unique_hangs, max_depth, execs_per_sec
1639489144, 0, 0, 949, 949, 101, 0.93%, 0, 0, 1, 1304.02
1639489149, 0, 88, 949, 940, 92, 0.93%, 3, 0, 1, 1431.94
1639489154, 0, 179, 949, 931, 84, 0.93%, 5, 0, 1, 1457.77
1639489159, 0, 262, 949, 918, 71, 0.93%, 5, 0, 1, 1453.37
1639489164, 0, 385, 949, 906, 60, 0.93%, 5, 0, 1, 1462.53
1639489169, 0, 442, 949, 895, 50, 0.93%, 5, 0, 1, 1454.12
1639489175, 0, 522, 949, 887, 42, 0.93%, 5, 0, 1, 1457.90
1639489180, 0, 555, 949, 879, 34, 0.93%, 5, 0, 1, 1451.41
1639489185, 0, 655, 949, 868, 27, 0.93%, 6, 0, 1, 1453.53
1639489190, 0, 739, 949, 859, 20, 0.93%, 6, 0, 1, 1420.92
1639489195, 0, 813, 949, 851, 12, 0.93%, 6, 0, 1, 1436.94
1639489200, 0, 909, 949, 842, 5, 0.93%, 6, 0, 1, 1462.89
1639489205, 1, 541, 949, 832, 1, 0.93%, 6, 0, 1, 1467.49
1639489210, 1, 563, 949, 825, 0, 0.93%, 6, 0, 1, 1464.61
1639489215, 1, 602, 949, 819, 0, 0.93%, 6, 0, 1, 1452.37
1639489220, 1, 631, 949, 812, 0, 0.93%, 6, 0, 1, 1428.53
1639489225, 1, 678, 949, 804, 0, 0.93%, 6, 0, 1, 1458.22
1639489230, 1, 715, 949, 798, 0, 0.93%, 6, 0, 1, 1460.92
1639489235, 1, 739, 949, 790, 0, 0.93%, 6, 0, 1, 1457.16
1639489241, 1, 777, 949, 784, 0, 0.93%, 7, 0, 1, 1467.78
1639489246, 1, 809, 949, 779, 0, 0.93%, 7, 0, 1, 1469.06
1639489251, 1, 822, 949, 774, 0, 0.93%, 7, 0, 1, 1434.08
1639489256, 1, 854, 949, 767, 0, 0.93%, 7, 0, 1, 1467.40
1639489261, 1, 879, 949, 761, 0, 0.93%, 7, 0, 1, 1447.54
1639489266, 1, 920, 949, 753, 0, 0.93%, 7, 0, 1, 1450.09
1639489271, 1, 944, 949, 748, 0, 0.93%, 7, 0, 1, 1466.04
1639489276, 2, 28, 949, 739, 0, 0.93%, 7, 0, 1, 1465.60
1639489281, 2, 64, 950, 734, 0, 0.93%, 7, 0, 2, 1433.31
1639489286, 2, 83, 950, 728, 0, 0.93%, 7, 0, 2, 1434.62
1639489291, 2, 117, 950, 720, 0, 0.93%, 7, 0, 2, 1448.09
1639489296, 2, 136, 950, 714, 0, 0.93%, 7, 0, 2, 1442.95
1639489301, 2, 159, 951, 711, 0, 0.93%, 7, 0, 2, 1455.26
1639489307, 2, 178, 951, 702, 0, 0.93%, 7, 0, 2, 1440.82
1639489312, 2, 215, 951, 696, 0, 0.93%, 7, 0, 2, 1438.78
1639489317, 2, 232, 951, 690, 0, 0.93%, 7, 0, 2, 1456.60
1639489322, 2, 262, 951, 684, 0, 0.93%, 7, 0, 2, 1466.41
1639489327, 2, 296, 951, 680, 0, 0.93%, 7, 0, 2, 1465.30
1639489332, 2, 329, 951, 673, 0, 0.93%, 7, 0, 2, 1469.44
1639489337, 2, 372, 951, 667, 0, 0.93%, 8, 0, 2, 1440.92
1639489342, 2, 400, 951, 660, 0, 0.93%, 8, 0, 2, 1434.26
1639489347, 2, 429, 951, 655, 0, 0.93%, 8, 0, 2, 1465.15
1639489352, 2, 454, 951, 651, 0, 0.93%, 8, 0, 2, 1446.00
1639489357, 2, 476, 951, 644, 0, 0.93%, 9, 0, 2, 1457.02
1639489362, 2, 487, 951, 638, 0, 0.93%, 9, 0, 2, 1454.18
1639489367, 2, 514, 951, 629, 0, 0.93%, 9, 0, 2, 1467.22
1639489373, 2, 541, 951, 626, 0, 0.93%, 9, 0, 2, 1456.12
1639489378, 2, 581, 951, 621, 0, 0.93%, 9, 0, 2, 1467.68
1639489383, 2, 607, 951, 613, 0, 0.93%, 9, 0, 2, 1451.95
1639489388, 2, 628, 951, 608, 0, 0.93%, 9, 0, 2, 1455.11
1639489393, 2, 667, 951, 602, 0, 0.93%, 10, 0, 2, 1447.43
1639489398, 2, 694, 951, 595, 0, 0.93%, 10, 0, 2, 1458.85
1639489403, 2, 731, 951, 590, 0, 0.93%, 12, 0, 2, 1541.42
1639489408, 2, 764, 951, 584, 0, 0.93%, 12, 0, 2, 1472.80
1639489413, 2, 798, 951, 577, 0, 0.93%, 12, 0, 2, 1462.74
1639489418, 2, 831, 951, 573, 0, 0.93%, 12, 0, 2, 1450.83
1639489423, 2, 853, 951, 566, 0, 0.93%, 12, 0, 2, 1450.09
1639489428, 2, 879, 951, 562, 0, 0.93%, 12, 0, 2, 1451.84
1639489433, 2, 916, 951, 558, 0, 0.93%, 12, 0, 2, 1442.46
