# unix_time, cycles_done, cur_path, paths_total, pending_total, pending_favs, map_size, unique_crashes, unique_hangs, max_depth, execs_per_sec
1639438662, 0, 0, 717, 717, 93, 0.91%, 0, 0, 1, 1192.02
1639438668, 0, 85, 717, 705, 81, 0.91%, 3, 0, 1, 1381.46
1639438673, 0, 187, 717, 694, 70, 0.91%, 5, 0, 1, 1438.55
1639438678, 0, 271, 717, 684, 60, 0.91%, 5, 0, 1, 1460.02
1639438683, 0, 361, 717, 674, 51, 0.91%, 5, 0, 1, 1453.09
1639438688, 0, 439, 717, 664, 41, 0.91%, 5, 0, 1, 1709.46
1639438693, 0, 500, 717, 654, 32, 0.91%, 5, 0, 1, 1511.03
1639438698, 0, 558, 717, 642, 21, 0.91%, 5, 0, 1, 1434.14
1639438703, 0, 634, 717, 632, 11, 0.91%, 6, 0, 1, 1437.61
1639438708, 0, 706, 717, 623, 2, 0.91%, 6, 0, 1, 1447.53
1639438713, 1, 14, 717, 614, 0, 0.91%, 7, 0, 1, 1454.80
1639438718, 1, 49, 717, 606, 0, 0.91%, 7, 0, 1, 1446.33
1639438723, 1, 70, 718, 601, 0, 0.91%, 7, 0, 2, 1443.05
1639438728, 1, 97, 718, 596, 0, 0.91%, 7, 0, 2, 1429.78
1639438734, 1, 117, 718, 588, 0, 0.91%, 8, 0, 2, 1446.80
1639438739, 1, 153, 718, 583, 0, 0.91%, 8, 0, 2, 1448.28
1639438744, 1, 176, 718, 577, 0, 0.91%, 8, 0, 2, 1443.99
1639438749, 1, 205, 718, 571, 0, 0.91%, 8, 0, 2, 1441.12
1639438754, 1, 225, 718, 563, 0, 0.91%, 8, 0, 2, 1427.39
1639438759, 1, 242, 718, 556, 0, 0.91%, 8, 0, 2, 1422.99
1639438764, 1, 267, 718, 549, 0, 0.91%, 8, 0, 2, 1451.18
1639438770, 1, 285, 718, 543, 0, 0.91%, 9, 0, 2, 1426.45
1639438775, 1, 306, 718, 537, 0, 0.91%, 9, 0, 2, 1433.63
1639438780, 1, 332, 718, 531, 0, 0.91%, 9, 0, 2, 1444.13
1639438785, 1, 361, 718, 523, 0, 0.91%, 9, 0, 2, 1432.74
1639438790, 1, 373, 718, 519, 0, 0.91%, 9, 0, 2, 1422.25
1639438795, 1, 393, 718, 514, 0, 0.91%, 10, 0, 2, 1407.01
1639438800, 1, 434, 718, 509, 0, 0.91%, 10, 0, 2, 1458.93
1639438805, 1, 469, 718, 502, 0, 0.91%, 10, 0, 2, 1449.09
1639438810, 1, 500, 718, 496, 0, 0.91%, 10, 0, 2, 1414.54
1639438816, 1, 526, 718, 490, 0, 0.91%, 10, 0, 2, 1436.57
1639438821, 1, 548, 718, 486, 0, 0.91%, 10, 0, 2, 1430.95
1639438826, 1, 573, 718, 480, 0, 0.91%, 10, 0, 2, 1447.15
1639438831, 1, 594, 718, 474, 0, 0.91%, 10, 0, 2, 1449.23
1639438836, 1, 624, 718, 469, 0, 0.91%, 10, 0, 2, 1426.52
1639438841, 1, 645, 718, 466, 0, 0.91%, 10, 0, 2, 1441.20
1639438846, 1, 672, 718, 460, 0, 0.91%, 10, 0, 2, 1439.70
1639438851, 1, 691, 718, 454, 0, 0.91%, 10, 0, 2, 1434.41
1639438856, 2, 21, 718, 448, 0, 0.91%, 10, 0, 2, 1449.33
1639438861, 2, 53, 718, 442, 0, 0.91%, 10, 0, 2, 1445.97
1639438866, 2, 84, 718, 437, 0, 0.91%, 10, 0, 2, 1435.04
1639438871, 2, 119, 718, 431, 0, 0.91%, 10, 0, 2, 1447.49
1639438877, 2, 155, 718, 424, 0, 0.91%, 10, 0, 2, 1448.33
1639438882, 2, 204, 718, 421, 0, 0.91%, 10, 0, 2, 1445.02
1639438887, 2, 221, 718, 414, 0, 0.91%, 10, 0, 2, 1446.43
1639438892, 2, 264, 718, 409, 0, 0.91%, 10, 0, 2, 1435.61
1639438897, 2, 295, 718, 405, 0, 0.91%, 10, 0, 2, 1625.58
1639438902, 2, 327, 718, 402, 0, 0.91%, 10, 0, 2, 1233.97
1639438907, 2, 364, 718, 398, 0, 0.91%, 10, 0, 2, 1404.01
1639438912, 2, 389, 718, 393, 0, 0.91%, 10, 0, 2, 1427.08
1639438917, 2, 417, 718, 386, 0, 0.91%, 10, 0, 2, 1448.47
1639438922, 2, 448, 718, 378, 0, 0.91%, 10, 0, 2, 1463.19
1639438927, 2, 636, 720, 377, 1, 0.91%, 10, 0, 2, 1464.67
1639438932, 3, 16, 720, 374, 0, 0.91%, 10, 0, 2, 1431.47
1639438937, 3, 52, 720, 368, 0, 0.91%, 10, 0, 2, 1457.89
1639438943, 3, 93, 720, 365, 0, 0.91%, 10, 0, 2, 1449.61
1639438948, 3, 128, 720, 360, 0, 0.91%, 10, 0, 2, 1458.33
1639438953, 3, 158, 720, 354, 0, 0.91%, 10, 0, 2, 1446.76
