# unix_time, cycles_done, cur_path, paths_total, pending_total, pending_favs, map_size, unique_crashes, unique_hangs, max_depth, execs_per_sec
1639437178, 0, 0, 1, 1, 1, 0.12%, 0, 0, 1, 1600.00
1639437183, 0, 0, 76, 76, 1, 0.45%, 5, 0, 2, 1493.77
1639437188, 0, 11, 100, 96, 34, 0.49%, 7, 0, 3, 1450.55
1639437194, 0, 20, 120, 111, 35, 0.50%, 7, 0, 3, 1449.18
1639437199, 0, 35, 132, 114, 27, 0.52%, 8, 0, 3, 1432.83
1639437204, 0, 51, 144, 119, 25, 0.53%, 8, 0, 3, 1455.00
1639437209, 0, 74, 153, 124, 21, 0.53%, 8, 0, 3, 1423.61
1639437214, 0, 110, 158, 121, 15, 0.54%, 9, 0, 4, 1455.40
1639437219, 0, 123, 171, 130, 14, 0.54%, 10, 0, 4, 1434.32
1639437224, 0, 131, 181, 136, 11, 0.56%, 10, 0, 4, 1454.54
1639437229, 0, 154, 186, 137, 13, 0.57%, 11, 0, 4, 1450.25
1639437234, 0, 157, 192, 142, 12, 0.58%, 11, 0, 5, 1467.69
1639437239, 0, 169, 200, 146, 15, 0.59%, 11, 0, 5, 1457.64
1639437244, 0, 172, 207, 152, 14, 0.60%, 11, 0, 5, 1467.05
1639437249, 0, 173, 212, 156, 18, 0.61%, 11, 0, 5, 1460.87
1639437255, 0, 176, 213, 155, 17, 0.61%, 11, 0, 5, 1455.31
1639437260, 0, 187, 215, 153, 14, 0.61%, 11, 0, 5, 1458.12
1639437265, 0, 193, 219, 154, 12, 0.63%, 11, 0, 6, 1449.04
1639437270, 0, 197, 222, 156, 11, 0.63%, 11, 0, 6, 1430.31
1639437275, 0, 205, 228, 159, 9, 0.63%, 11, 0, 6, 1458.76
1639437280, 0, 216, 233, 159, 5, 0.65%, 11, 0, 7, 1441.06
1639437285, 0, 219, 234, 159, 9, 0.65%, 12, 0, 7, 1450.44
1639437290, 0, 229, 237, 158, 8, 0.65%, 13, 0, 7, 1449.61
1639437295, 0, 233, 243, 161, 8, 0.69%, 13, 0, 8, 1459.65
1639437300, 0, 234, 246, 163, 7, 0.69%, 13, 0, 8, 1455.19
1639437305, 0, 235, 251, 167, 7, 0.69%, 14, 0, 8, 1456.02
1639437310, 0, 237, 255, 169, 7, 0.69%, 14, 0, 8, 1442.82
1639437315, 0, 241, 267, 179, 15, 0.71%, 14, 0, 9, 1464.73
1639437320, 0, 243, 271, 182, 14, 0.71%, 14, 0, 9, 1435.25
1639437325, 0, 254, 273, 182, 15, 0.72%, 14, 0, 9, 1465.20
1639437330, 0, 257, 273, 179, 12, 0.72%, 14, 0, 9, 1457.82
1639437335, 0, 260, 274, 177, 10, 0.72%, 14, 0, 10, 1476.21
1639437340, 0, 264, 275, 175, 7, 0.72%, 14, 0, 10, 1455.96
1639437345, 0, 267, 275, 173, 4, 0.72%, 14, 0, 10, 1461.05
1639437350, 0, 272, 278, 175, 3, 0.72%, 14, 0, 10, 1458.85
1639437356, 0, 276, 282, 177, 3, 0.72%, 14, 0, 11, 1473.46
1639437361, 1, 205, 282, 172, 0, 0.72%, 14, 0, 11, 1462.72
1639437366, 1, 283, 287, 177, 1, 0.72%, 14, 0, 11, 1435.61
1639437371, 2, 13, 287, 172, 0, 0.72%, 15, 0, 11, 1461.77
1639437376, 2, 46, 287, 169, 0, 0.72%, 15, 0, 11, 1465.69
1639437381, 2, 62, 287, 166, 0, 0.72%, 15, 0, 11, 1471.22
1639437386, 2, 85, 287, 160, 0, 0.72%, 15, 0, 11, 1463.56
1639437391, 2, 111, 288, 157, 0, 0.72%, 15, 0, 11, 1466.09
1639437396, 2, 248, 290, 158, 1, 0.72%, 15, 0, 11, 1461.99
1639437401, 2, 289, 293, 160, 1, 0.72%, 15, 0, 11, 1452.42
1639437406, 2, 291, 295, 161, 0, 0.72%, 15, 0, 11, 1457.21
1639437411, 2, 292, 297, 162, 0, 0.72%, 15, 0, 11, 1466.21
1639437416, 2, 294, 297, 160, 0, 0.72%, 16, 0, 11, 1472.43
1639437421, 3, 31, 299, 159, 0, 0.72%, 16, 0, 11, 1464.28
1639437427, 3, 66, 299, 158, 0, 0.72%, 16, 0, 11, 1473.17
1639437432, 3, 257, 300, 155, 1, 0.74%, 16, 0, 11, 1471.05
1639437437, 4, 21, 300, 153, 0, 0.74%, 17, 0, 11, 1477.29
1639437442, 4, 69, 300, 146, 0, 0.74%, 17, 0, 11, 2149.68
1639437447, 4, 111, 301, 144, 0, 0.74%, 17, 0, 11, 1490.04
1639437452, 4, 126, 302, 143, 0, 0.74%, 17, 0, 11, 1483.57
1639437457, 4, 157, 302, 138, 0, 0.74%, 17, 0, 11, 1480.57
1639437462, 4, 169, 303, 138, 0, 0.74%, 17, 0, 11, 1454.99
1639437467, 4, 183, 304, 138, 0, 0.74%, 17, 0, 11, 1444.43
1639437472, 4, 304, 305, 137, 1, 0.75%, 17, 0, 11, 1428.85
1639437477, 5, 27, 305, 134, 0, 0.75%, 17, 0, 11, 1443.31
