# unix_time, cycles_done, cur_path, paths_total, pending_total, pending_favs, map_size, unique_crashes, unique_hangs, max_depth, execs_per_sec
1639444147, 0, 0, 925, 925, 94, 0.92%, 0, 0, 1, 1208.16
1639444152, 0, 113, 925, 911, 82, 0.92%, 1, 0, 1, 1374.49
1639444157, 0, 197, 925, 900, 75, 0.92%, 3, 0, 1, 1410.12
1639444162, 0, 302, 925, 888, 64, 0.92%, 3, 0, 1, 1407.75
1639444167, 0, 368, 926, 881, 56, 0.92%, 4, 0, 2, 1397.86
1639444172, 0, 435, 926, 871, 49, 0.92%, 5, 0, 2, 1408.13
1639444177, 0, 477, 926, 864, 43, 0.92%, 5, 0, 2, 1418.77
1639444183, 0, 580, 926, 852, 32, 0.92%, 5, 0, 2, 1437.08
1639444188, 0, 641, 926, 845, 25, 0.92%, 5, 0, 2, 1435.71
1639444193, 0, 726, 926, 836, 16, 0.92%, 5, 0, 2, 1414.96
1639444198, 0, 830, 926, 828, 8, 0.92%, 6, 0, 2, 1418.17
1639444203, 0, 920, 926, 820, 1, 0.92%, 7, 0, 2, 1413.90
1639444208, 1, 26, 926, 812, 0, 0.92%, 8, 0, 2, 1419.35
1639444213, 1, 46, 926, 807, 0, 0.92%, 8, 0, 2, 1420.34
1639444218, 1, 558, 926, 797, 0, 0.92%, 8, 0, 2, 1420.98
1639444223, 1, 595, 926, 792, 0, 0.92%, 8, 0, 2, 1409.68
1639444229, 1, 632, 926, 785, 0, 0.92%, 8, 0, 2, 1433.57
1639444234, 1, 656, 926, 782, 0, 0.92%, 8, 0, 2, 1427.20
1639444239, 1, 680, 926, 777, 0, 0.92%, 8, 0, 2, 1403.84
1639444244, 1, 706, 926, 766, 0, 0.92%, 8, 0, 2, 1393.41
1639444249, 1, 722, 926, 760, 0, 0.92%, 8, 0, 2, 1393.30
1639444254, 1, 746, 926, 754, 0, 0.92%, 9, 0, 2, 1389.03
1639444259, 1, 767, 926, 745, 0, 0.92%, 9, 0, 2, 1400.81
1639444264, 1, 795, 926, 739, 0, 0.92%, 9, 0, 2, 1413.84
1639444270, 1, 815, 926, 736, 0, 0.92%, 9, 0, 2, 1426.83
1639444275, 1, 851, 926, 728, 0, 0.92%, 9, 0, 2, 1421.74
1639444280, 1, 866, 926, 724, 0, 0.92%, 9, 0, 2, 1404.97
1639444285, 1, 894, 926, 716, 0, 0.92%, 9, 0, 2, 1405.34
1639444290, 1, 918, 926, 708, 0, 0.92%, 9, 0, 2, 1420.17
1639444295, 2, 20, 926, 704, 0, 0.92%, 9, 0, 2, 1421.75
1639444300, 2, 53, 926, 698, 0, 0.92%, 9, 0, 2, 1435.57
1639444305, 2, 87, 926, 689, 0, 0.92%, 9, 0, 2, 1411.43
1639444310, 2, 123, 926, 682, 0, 0.92%, 10, 0, 2, 1406.42
1639444315, 2, 156, 926, 676, 0, 0.92%, 10, 0, 2, 1419.92
1639444321, 2, 197, 926, 668, 0, 0.92%, 10, 0, 2, 1405.50
1639444326, 2, 251, 926, 664, 0, 0.92%, 10, 0, 2, 1407.20
1639444331, 2, 265, 926, 659, 0, 0.92%, 10, 0, 2, 1415.83
1639444336, 2, 310, 926, 652, 0, 0.92%, 10, 0, 2, 1421.23
1639444341, 2, 334, 926, 648, 0, 0.92%, 10, 0, 2, 1433.36
1639444346, 2, 366, 926, 642, 0, 0.92%, 10, 0, 2, 1432.68
1639444351, 2, 382, 926, 639, 0, 0.92%, 10, 0, 2, 1424.44
1639444356, 2, 424, 926, 629, 0, 0.92%, 10, 0, 2, 1419.62
1639444361, 2, 453, 926, 623, 0, 0.92%, 10, 0, 2, 1418.06
1639444367, 2, 472, 926, 618, 0, 0.92%, 10, 0, 2, 1414.84
1639444372, 2, 517, 926, 615, 0, 0.92%, 10, 0, 2, 1411.23
1639444377, 2, 560, 926, 607, 0, 0.92%, 10, 0, 2, 1424.60
1639444382, 2, 589, 926, 602, 0, 0.92%, 10, 0, 2, 1435.76
1639444387, 2, 613, 926, 597, 0, 0.92%, 11, 0, 2, 1428.22
1639444392, 2, 643, 926, 592, 0, 0.92%, 11, 0, 2, 1420.61
1639444397, 2, 677, 926, 587, 0, 0.92%, 11, 0, 2, 1430.71
1639444403, 2, 722, 926, 582, 0, 0.92%, 11, 0, 2, 1420.88
1639444408, 2, 760, 926, 577, 0, 0.92%, 11, 0, 2, 1426.72
1639444413, 2, 804, 926, 572, 0, 0.92%, 11, 0, 2, 1429.76
1639444418, 2, 857, 926, 567, 0, 0.92%, 12, 0, 2, 1759.34
1639444423, 2, 877, 926, 565, 0, 0.92%, 12, 0, 2, 1496.67
1639444428, 2, 920, 926, 557, 0, 0.92%, 12, 0, 2, 1432.23
1639444433, 3, 25, 926, 552, 0, 0.92%, 12, 0, 2, 1423.82
1639444438, 3, 74, 926, 548, 0, 0.92%, 12, 0, 2, 1429.55
