# unix_time, cycles_done, cur_path, paths_total, pending_total, pending_favs, map_size, unique_crashes, unique_hangs, max_depth, execs_per_sec
1639440196, 0, 0, 1, 1, 1, 0.12%, 0, 0, 1, 2000.00
1639440201, 0, 0, 79, 79, 1, 0.42%, 4, 0, 2, 1536.32
1639440206, 0, 15, 98, 93, 35, 0.48%, 5, 0, 3, 1431.49
1639440211, 0, 17, 114, 108, 36, 0.50%, 5, 0, 3, 1448.41
1639440216, 0, 23, 123, 113, 35, 0.51%, 6, 0, 3, 1439.50
1639440221, 0, 29, 132, 118, 32, 0.51%, 6, 0, 3, 1443.63
1639440226, 0, 42, 156, 137, 32, 0.53%, 6, 0, 3, 1417.29
1639440231, 0, 51, 165, 139, 27, 0.54%, 6, 0, 3, 1421.14
1639440236, 0, 94, 176, 142, 18, 0.55%, 6, 0, 4, 1395.78
1639440241, 0, 124, 179, 138, 11, 0.55%, 6, 0, 4, 1449.63
1639440246, 0, 147, 188, 144, 8, 0.57%, 6, 0, 4, 1448.78
1639440251, 0, 151, 194, 148, 10, 0.57%, 8, 0, 4, 1419.00
1639440256, 0, 170, 195, 145, 7, 0.57%, 8, 0, 4, 1429.15
1639440262, 0, 186, 200, 146, 5, 0.58%, 8, 0, 5, 1438.05
1639440267, 0, 186, 207, 153, 5, 0.61%, 8, 0, 5, 1453.99
1639440272, 0, 197, 215, 158, 8, 0.62%, 8, 0, 6, 1438.25
1639440277, 0, 202, 221, 162, 8, 0.63%, 8, 0, 6, 1449.71
1639440282, 0, 206, 232, 170, 12, 0.65%, 8, 0, 6, 1459.92
1639440287, 0, 210, 240, 176, 10, 0.65%, 9, 0, 6, 1424.70
1639440292, 0, 210, 243, 179, 10, 0.65%, 9, 0, 6, 1433.76
1639440297, 0, 213, 247, 181, 10, 0.65%, 9, 0, 7, 1409.78
1639440302, 0, 222, 251, 183, 8, 0.66%, 9, 0, 7, 1449.72
1639440307, 0, 231, 253, 181, 6, 0.66%, 9, 0, 7, 1441.04
1639440312, 0, 243, 255, 180, 4, 0.66%, 9, 0, 8, 1412.94
1639440317, 0, 246, 260, 184, 3, 0.69%, 9, 0, 8, 1445.75
1639440322, 0, 250, 260, 182, 4, 0.69%, 9, 0, 8, 1441.16
1639440327, 0, 252, 264, 185, 3, 0.69%, 9, 0, 8, 1460.67
1639440333, 0, 258, 274, 193, 8, 0.72%, 9, 0, 9, 1469.74
1639440338, 0, 264, 275, 192, 9, 0.72%, 9, 0, 9, 1466.15
1639440343, 0, 267, 275, 189, 6, 0.72%, 10, 0, 9, 1449.57
1639440348, 0, 271, 275, 186, 3, 0.72%, 10, 0, 9, 1451.82
1639440353, 1, 8, 275, 182, 0, 0.72%, 10, 0, 9, 1442.62
1639440358, 1, 28, 276, 181, 0, 0.72%, 11, 0, 9, 1396.15
1639440363, 1, 46, 276, 176, 0, 0.72%, 11, 0, 9, 1372.72
1639440368, 1, 69, 277, 174, 0, 0.72%, 11, 0, 9, 1351.30
1639440373, 1, 88, 277, 169, 0, 0.72%, 11, 0, 9, 1344.96
1639440378, 1, 115, 278, 165, 0, 0.72%, 11, 0, 9, 1372.80
1639440383, 1, 134, 279, 164, 0, 0.72%, 11, 0, 9, 1433.39
1639440388, 1, 162, 281, 161, 0, 0.72%, 11, 0, 9, 1427.45
1639440394, 1, 176, 281, 158, 0, 0.72%, 11, 0, 9, 1453.42
1639440399, 1, 197, 281, 155, 0, 0.72%, 11, 0, 9, 1425.25
1639440404, 1, 202, 282, 155, 0, 0.72%, 13, 0, 9, 1394.89
1639440409, 1, 209, 282, 155, 0, 0.72%, 13, 0, 9, 1405.51
1639440414, 1, 211, 284, 156, 0, 0.72%, 13, 0, 9, 1401.16
1639440419, 1, 222, 285, 156, 0, 0.72%, 13, 0, 9, 1409.85
1639440424, 1, 227, 285, 156, 0, 0.72%, 13, 0, 9, 1450.99
1639440429, 1, 241, 285, 153, 0, 0.72%, 14, 0, 9, 1438.58
1639440434, 1, 262, 287, 153, 1, 0.72%, 14, 0, 9, 1409.13
1639440439, 1, 286, 287, 152, 1, 0.72%, 14, 0, 9, 1431.38
1639440444, 2, 0, 288, 151, 0, 0.72%, 14, 0, 9, 1456.73
1639440449, 2, 29, 289, 150, 0, 0.72%, 14, 0, 9, 1453.86
1639440454, 2, 50, 289, 150, 0, 0.72%, 14, 0, 9, 1460.61
1639440459, 2, 75, 289, 144, 0, 0.72%, 14, 0, 9, 1454.72
1639440464, 2, 95, 290, 141, 0, 0.72%, 14, 0, 9, 1414.32
1639440470, 2, 120, 290, 134, 0, 0.72%, 14, 0, 9, 1433.13
1639440475, 2, 139, 291, 132, 0, 0.72%, 14, 0, 9, 1452.44
1639440480, 2, 170, 292, 129, 0, 0.72%, 14, 0, 9, 1937.52
1639440485, 2, 186, 293, 128, 0, 0.72%, 14, 0, 9, 1778.46
1639440490, 2, 195, 293, 126, 0, 0.72%, 14, 0, 9, 1484.77
1639440495, 3, 16, 294, 124, 0, 0.72%, 14, 0, 9, 1453.64
