# unix_time, cycles_done, cur_path, paths_total, pending_total, pending_favs, map_size, unique_crashes, unique_hangs, max_depth, execs_per_sec
1639474668, 0, 0, 525, 525, 84, 0.86%, 0, 0, 1, 1187.45
1639474673, 0, 49, 525, 518, 78, 0.86%, 7, 0, 1, 1266.88
1639474678, 0, 111, 525, 506, 66, 0.86%, 10, 0, 1, 1312.15
1639474683, 0, 202, 525, 496, 56, 0.86%, 17, 0, 1, 1331.92
1639474688, 0, 243, 525, 490, 51, 0.86%, 18, 0, 1, 1305.05
1639474693, 0, 273, 525, 482, 43, 0.86%, 19, 0, 1, 1291.63
1639474698, 0, 314, 525, 475, 36, 0.86%, 19, 0, 1, 1287.32
1639474703, 0, 404, 525, 463, 24, 0.86%, 19, 0, 1, 1259.32
1639474708, 0, 463, 525, 454, 15, 0.86%, 19, 0, 1, 1264.11
1639474714, 0, 505, 527, 446, 6, 0.86%, 19, 0, 2, 1311.67
1639474719, 1, 11, 527, 436, 0, 0.86%, 20, 0, 2, 1315.41
1639474724, 1, 29, 527, 430, 0, 0.86%, 23, 0, 2, 1293.79
1639474729, 1, 48, 527, 425, 0, 0.86%, 23, 0, 2, 1307.11
1639474734, 1, 74, 527, 422, 0, 0.86%, 23, 0, 2, 1269.87
1639474739, 1, 92, 527, 416, 0, 0.86%, 23, 0, 2, 1281.01
1639474744, 1, 116, 527, 410, 0, 0.86%, 23, 0, 2, 1279.63
1639474749, 1, 145, 527, 404, 0, 0.86%, 23, 0, 2, 1266.75
1639474754, 1, 170, 527, 398, 0, 0.86%, 24, 0, 2, 1292.39
1639474759, 1, 193, 527, 391, 0, 0.86%, 24, 0, 2, 1222.46
1639474765, 1, 220, 527, 386, 0, 0.86%, 24, 0, 2, 1258.95
1639474770, 1, 242, 528, 383, 0, 0.86%, 24, 0, 2, 1258.67
1639474775, 1, 270, 528, 380, 0, 0.86%, 24, 0, 2, 1285.90
1639474780, 1, 285, 528, 376, 0, 0.86%, 24, 0, 2, 1291.10
1639474785, 1, 297, 528, 370, 0, 0.86%, 24, 0, 2, 1293.59
1639474790, 1, 310, 528, 367, 0, 0.86%, 24, 0, 2, 1276.53
1639474795, 1, 342, 528, 363, 0, 0.86%, 24, 0, 2, 1273.94
1639474800, 1, 365, 528, 357, 0, 0.86%, 25, 0, 2, 1284.64
1639474805, 1, 385, 528, 350, 0, 0.86%, 25, 0, 2, 1347.47
1639474810, 1, 407, 528, 347, 0, 0.86%, 25, 0, 2, 1328.84
1639474815, 1, 423, 528, 341, 0, 0.86%, 26, 0, 2, 1288.97
1639474820, 1, 437, 528, 337, 0, 0.86%, 26, 0, 2, 1276.92
1639474825, 1, 460, 528, 331, 0, 0.86%, 30, 0, 2, 1298.46
1639474830, 1, 488, 528, 327, 0, 0.86%, 30, 0, 2, 1300.00
1639474835, 1, 503, 528, 323, 0, 0.86%, 31, 0, 2, 1270.14
1639474840, 1, 522, 529, 319, 0, 0.86%, 31, 0, 2, 1275.95
1639474845, 2, 13, 529, 315, 0, 0.86%, 31, 0, 2, 1315.60
1639474851, 2, 38, 529, 312, 0, 0.86%, 31, 0, 2, 1259.58
1639474856, 2, 61, 529, 310, 0, 0.86%, 31, 0, 2, 1262.30
1639474861, 2, 87, 529, 305, 0, 0.86%, 31, 0, 2, 1287.05
1639474866, 2, 119, 529, 300, 0, 0.86%, 31, 0, 2, 1339.87
1639474871, 2, 157, 529, 293, 0, 0.86%, 31, 0, 2, 1327.43
1639474876, 2, 197, 529, 289, 0, 0.86%, 32, 0, 2, 1299.88
1639474881, 2, 221, 529, 285, 0, 0.86%, 32, 0, 2, 1284.97
1639474887, 2, 243, 529, 280, 0, 0.86%, 32, 0, 2, 1268.82
1639474892, 2, 268, 529, 277, 0, 0.86%, 32, 0, 2, 1291.99
1639474897, 2, 301, 529, 276, 0, 0.86%, 32, 0, 2, 1286.28
1639474902, 2, 316, 529, 273, 0, 0.86%, 32, 0, 2, 1218.79
1639474907, 2, 348, 530, 270, 0, 0.86%, 32, 0, 2, 1251.79
1639474912, 2, 391, 530, 265, 0, 0.86%, 33, 0, 2, 1231.09
1639474917, 2, 411, 530, 261, 0, 0.86%, 33, 0, 2, 1226.74
1639474922, 2, 435, 530, 258, 0, 0.86%, 33, 0, 2, 1320.35
1639474927, 2, 463, 531, 255, 0, 0.86%, 33, 0, 2, 1364.26
1639474932, 2, 484, 534, 253, 0, 0.86%, 34, 0, 2, 1311.51
1639474937, 2, 503, 534, 249, 0, 0.86%, 34, 0, 2, 1289.80
1639474942, 3, 1, 534, 247, 0, 0.86%, 34, 0, 2, 1322.95
1639474947, 3, 33, 534, 244, 0, 0.86%, 34, 0, 2, 1321.26
1639474952, 3, 55, 534, 240, 0, 0.86%, 34, 0, 2, 1309.98
1639474957, 3, 76, 534, 236, 0, 0.86%, 34, 0, 2, 1301.69
1639474963, 3, 110, 534, 232, 0, 0.86%, 35, 0, 2, 1263.98
