# unix_time, cycles_done, cur_path, paths_total, pending_total, pending_favs, map_size, unique_crashes, unique_hangs, max_depth, execs_per_sec
1639514546, 0, 0, 1, 1, 1, 0.12%, 0, 0, 1, 2000.00
1639514551, 0, 0, 78, 78, 1, 0.46%, 4, 0, 2, 1521.17
1639514556, 0, 11, 103, 98, 37, 0.50%, 4, 0, 3, 1409.46
1639514561, 0, 25, 119, 108, 34, 0.51%, 4, 0, 3, 1295.00
1639514567, 0, 27, 124, 112, 35, 0.52%, 4, 0, 3, 1109.91
1639514572, 0, 43, 127, 108, 29, 0.52%, 4, 0, 3, 1051.31
1639514577, 0, 56, 133, 106, 22, 0.52%, 4, 0, 3, 982.03
1639514582, 0, 77, 141, 109, 18, 0.52%, 5, 0, 3, 888.04
1639514587, 0, 79, 154, 120, 17, 0.52%, 5, 0, 3, 840.71
1639514592, 0, 103, 155, 114, 11, 0.52%, 5, 0, 3, 866.52
1639514597, 0, 119, 159, 114, 8, 0.53%, 5, 0, 4, 933.19
1639514602, 0, 156, 165, 113, 3, 0.54%, 5, 0, 4, 1038.27
1639514607, 1, 4, 165, 110, 0, 0.54%, 5, 0, 4, 1115.56
1639514612, 1, 89, 169, 111, 1, 0.54%, 5, 0, 4, 1223.90
1639514617, 1, 167, 178, 119, 1, 0.56%, 5, 0, 4, 1320.61
1639514623, 1, 169, 182, 122, 6, 0.56%, 5, 0, 5, 1425.53
1639514628, 1, 170, 184, 123, 6, 0.56%, 5, 0, 5, 1459.33
1639514633, 1, 173, 185, 123, 6, 0.56%, 5, 0, 5, 1477.46
1639514638, 1, 175, 187, 124, 5, 0.56%, 5, 0, 5, 1482.87
1639514643, 1, 177, 190, 125, 4, 0.57%, 5, 0, 5, 1496.00
1639514648, 1, 179, 191, 125, 4, 0.57%, 5, 0, 6, 1489.83
1639514653, 1, 188, 195, 127, 4, 0.58%, 5, 0, 6, 1495.18
1639514663, 1, 189, 204, 135, 5, 0.62%, 5, 0, 6, 1482.91
1639514668, 1, 191, 207, 137, 9, 0.62%, 5, 0, 7, 1482.66
1639514673, 1, 195, 218, 146, 7, 0.63%, 5, 0, 7, 1483.90
1639514678, 1, 198, 224, 151, 13, 0.63%, 5, 0, 7, 1449.55
1639514683, 1, 200, 224, 149, 11, 0.63%, 5, 0, 7, 1470.18
1639514688, 1, 203, 224, 147, 9, 0.63%, 5, 0, 7, 1395.78
1639514693, 1, 210, 225, 146, 8, 0.63%, 5, 0, 8, 1411.34
1639514698, 1, 212, 228, 148, 7, 0.63%, 5, 0, 8, 1377.91
1639514703, 1, 214, 235, 153, 7, 0.64%, 7, 0, 8, 1379.93
1639514708, 1, 214, 236, 154, 7, 0.64%, 7, 0, 8, 1382.69
1639514714, 1, 223, 241, 156, 5, 0.65%, 9, 0, 8, 1979.28
1639514719, 1, 225, 241, 155, 5, 0.65%, 9, 0, 8, 1537.09
1639514724, 1, 225, 242, 156, 5, 0.65%, 10, 0, 9, 1326.04
1639514734, 1, 230, 243, 156, 4, 0.65%, 10, 0, 9, 1375.83
1639514739, 1, 238, 243, 155, 3, 0.65%, 10, 0, 9, 1457.41
1639514744, 1, 240, 245, 156, 2, 0.69%, 10, 0, 9, 1472.90
1639514749, 1, 244, 246, 156, 2, 0.69%, 12, 0, 10, 1445.37
1639514754, 1, 244, 248, 158, 2, 0.69%, 12, 0, 10, 1472.95
1639514759, 1, 247, 253, 162, 2, 0.70%, 12, 0, 11, 1472.82
1639514764, 1, 248, 254, 162, 4, 0.70%, 13, 0, 12, 1484.30
1639514769, 1, 248, 256, 164, 4, 0.71%, 13, 0, 12, 1497.74
1639514775, 1, 249, 257, 164, 5, 0.71%, 13, 0, 12, 1494.79
1639514780, 1, 251, 258, 164, 4, 0.71%, 13, 0, 12, 1472.57
1639514785, 1, 251, 259, 165, 4, 0.71%, 13, 0, 12, 1476.58
1639514790, 1, 253, 260, 165, 3, 0.72%, 14, 0, 13, 1482.67
1639514795, 1, 255, 260, 164, 3, 0.72%, 14, 0, 13, 1476.03
1639514800, 1, 259, 262, 165, 2, 0.72%, 14, 0, 13, 1472.50
1639514805, 1, 259, 264, 167, 2, 0.72%, 14, 0, 14, 1451.37
1639514810, 2, 54, 265, 164, 0, 0.72%, 14, 0, 14, 1398.48
1639514815, 2, 87, 266, 161, 0, 0.72%, 14, 0, 14, 1392.25
1639514820, 2, 105, 266, 156, 0, 0.72%, 14, 0, 14, 1403.48
1639514825, 2, 122, 266, 151, 0, 0.72%, 14, 0, 14, 1408.94
1639514830, 2, 139, 266, 147, 0, 0.72%, 14, 0, 14, 1406.32
1639514836, 2, 164, 267, 143, 0, 0.72%, 14, 0, 14, 1412.06
1639514841, 2, 171, 267, 142, 0, 0.72%, 14, 0, 14, 1401.42
1639514846, 2, 174, 267, 140, 0, 0.72%, 14, 0, 14, 1442.24
