# unix_time, cycles_done, cur_path, paths_total, pending_total, pending_favs, map_size, unique_crashes, unique_hangs, max_depth, execs_per_sec
1639511847, 0, 0, 538, 538, 90, 0.90%, 0, 0, 1, 1050.01
1639511852, 0, 72, 538, 531, 85, 0.90%, 3, 0, 1, 1289.84
1639511857, 0, 112, 538, 524, 78, 0.90%, 4, 0, 1, 1349.23
1639511862, 0, 164, 538, 515, 69, 0.90%, 4, 0, 1, 1387.36
1639511867, 0, 210, 538, 505, 59, 0.90%, 4, 0, 1, 1390.88
1639511872, 0, 263, 538, 496, 50, 0.90%, 4, 0, 1, 1389.16
1639511877, 0, 310, 539, 488, 41, 0.90%, 6, 0, 2, 1384.28
1639511883, 0, 375, 539, 478, 31, 0.90%, 6, 0, 2, 1395.29
1639511888, 0, 424, 539, 468, 22, 0.90%, 6, 0, 2, 1351.72
1639511893, 0, 452, 539, 462, 16, 0.90%, 6, 0, 2, 1331.90
1639511898, 0, 523, 539, 451, 5, 0.90%, 6, 0, 2, 1322.86
1639511903, 1, 8, 539, 445, 0, 0.90%, 6, 0, 2, 1366.09
1639511908, 1, 44, 539, 439, 0, 0.90%, 6, 0, 2, 1381.24
1639511913, 1, 63, 539, 435, 0, 0.90%, 6, 0, 2, 1360.38
1639511918, 1, 84, 539, 431, 0, 0.90%, 7, 0, 2, 1343.77
1639511923, 1, 112, 539, 425, 0, 0.90%, 7, 0, 2, 1334.38
1639511928, 1, 129, 539, 420, 0, 0.90%, 7, 0, 2, 1325.81
1639511933, 1, 147, 539, 416, 0, 0.90%, 7, 0, 2, 1325.21
1639511938, 1, 181, 539, 413, 0, 0.90%, 7, 0, 2, 1330.39
1639511943, 1, 199, 540, 409, 0, 0.90%, 7, 0, 2, 1363.23
1639511948, 1, 221, 540, 406, 0, 0.90%, 7, 0, 2, 1354.45
1639511953, 1, 240, 540, 402, 0, 0.90%, 10, 0, 2, 1331.12
1639511958, 1, 258, 540, 397, 0, 0.90%, 11, 0, 2, 1335.71
1639511963, 1, 284, 540, 393, 0, 0.90%, 11, 0, 2, 1332.72
1639511969, 1, 301, 541, 389, 0, 0.90%, 11, 0, 2, 1317.57
1639511974, 1, 313, 541, 386, 0, 0.90%, 12, 0, 2, 1326.27
1639511979, 1, 332, 541, 379, 0, 0.90%, 12, 0, 2, 1324.96
1639511984, 1, 354, 541, 372, 0, 0.90%, 12, 0, 2, 1417.34
1639511989, 1, 387, 541, 368, 0, 0.90%, 12, 0, 2, 1428.91
1639511994, 1, 413, 541, 361, 0, 0.90%, 12, 0, 2, 1441.20
1639511999, 1, 442, 541, 357, 0, 0.90%, 12, 0, 2, 1431.51
1639512004, 1, 467, 542, 356, 0, 0.90%, 12, 0, 2, 1445.25
1639512009, 1, 493, 542, 349, 0, 0.90%, 12, 0, 2, 1441.10
1639512014, 1, 524, 542, 346, 0, 0.90%, 12, 0, 2, 1290.19
1639512019, 2, 7, 543, 343, 0, 0.90%, 12, 0, 2, 1250.33
1639512024, 2, 31, 543, 337, 0, 0.90%, 12, 0, 2, 1247.42
1639512029, 2, 51, 543, 333, 0, 0.90%, 12, 0, 2, 1144.39
1639512035, 2, 82, 544, 330, 0, 0.90%, 12, 0, 2, 1158.04
1639512040, 2, 104, 544, 327, 0, 0.90%, 13, 0, 2, 1189.57
1639512045, 2, 112, 544, 324, 0, 0.90%, 13, 0, 2, 1313.06
1639512050, 2, 144, 544, 322, 0, 0.90%, 13, 0, 2, 1103.90
1639512055, 2, 156, 544, 319, 0, 0.90%, 13, 0, 2, 890.39
1639512060, 2, 171, 544, 317, 0, 0.90%, 13, 0, 2, 830.89
1639512065, 2, 190, 544, 313, 0, 0.90%, 13, 0, 2, 891.26
1639512070, 2, 209, 544, 311, 0, 0.90%, 13, 0, 2, 995.83
1639512075, 2, 234, 544, 308, 0, 0.90%, 13, 0, 2, 1085.57
1639512080, 2, 258, 544, 305, 0, 0.90%, 13, 0, 2, 1120.92
1639512085, 2, 273, 544, 303, 0, 0.90%, 13, 0, 2, 1170.70
1639512090, 2, 287, 544, 296, 0, 0.90%, 13, 0, 2, 1194.54
1639512096, 2, 302, 544, 291, 0, 0.90%, 13, 0, 2, 1227.63
1639512101, 2, 315, 544, 288, 0, 0.90%, 14, 0, 2, 1256.32
1639512106, 2, 354, 544, 283, 0, 0.90%, 14, 0, 2, 1283.72
1639512111, 2, 374, 544, 278, 0, 0.90%, 14, 0, 2, 1237.96
1639512116, 2, 398, 544, 277, 0, 0.90%, 14, 0, 2, 1191.42
1639512121, 2, 426, 544, 273, 0, 0.90%, 14, 0, 2, 1242.48
1639512126, 2, 443, 544, 270, 0, 0.90%, 14, 0, 2, 1222.74
1639512131, 2, 462, 544, 266, 0, 0.90%, 14, 0, 2, 1163.49
1639512136, 2, 498, 544, 260, 0, 0.90%, 14, 0, 2, 1329.04
1639512141, 2, 519, 544, 256, 0, 0.90%, 15, 0, 2, 1135.79
