# unix_time, cycles_done, cur_path, paths_total, pending_total, pending_favs, map_size, unique_crashes, unique_hangs, max_depth, execs_per_sec
1639441401, 0, 0, 872, 872, 81, 0.86%, 0, 0, 1, 1247.05
1639441406, 0, 272, 872, 856, 66, 0.86%, 2, 0, 1, 1527.93
1639441412, 0, 347, 872, 847, 57, 0.86%, 4, 0, 1, 1437.32
1639441417, 0, 438, 873, 839, 50, 0.86%, 4, 0, 2, 1432.30
1639441422, 0, 553, 873, 828, 41, 0.86%, 5, 0, 2, 1405.27
1639441427, 0, 607, 873, 821, 34, 0.86%, 5, 0, 2, 1412.62
1639441432, 0, 665, 873, 810, 25, 0.86%, 5, 0, 2, 1435.09
1639441437, 0, 730, 873, 802, 17, 0.86%, 5, 0, 2, 1420.82
1639441442, 0, 793, 873, 794, 9, 0.86%, 5, 0, 2, 1438.08
1639441448, 0, 870, 873, 784, 1, 0.86%, 7, 0, 2, 1430.53
1639441453, 1, 23, 873, 774, 0, 0.86%, 7, 0, 2, 1429.51
1639441458, 1, 55, 873, 765, 0, 0.86%, 7, 0, 2, 1406.36
1639441463, 1, 90, 873, 757, 0, 0.86%, 7, 0, 2, 1412.41
1639441468, 1, 154, 873, 750, 0, 0.86%, 7, 0, 2, 1428.77
1639441473, 1, 178, 873, 742, 0, 0.86%, 7, 0, 2, 1424.64
1639441478, 1, 217, 873, 738, 0, 0.86%, 7, 0, 2, 1424.97
1639441484, 1, 252, 873, 731, 0, 0.86%, 7, 0, 2, 1421.78
1639441489, 1, 291, 873, 725, 0, 0.86%, 8, 0, 2, 1413.60
1639441494, 1, 326, 873, 720, 0, 0.86%, 9, 0, 2, 1412.98
1639441499, 1, 347, 873, 714, 0, 0.86%, 9, 0, 2, 1443.35
1639441504, 1, 372, 873, 707, 0, 0.86%, 9, 0, 2, 1432.52
1639441509, 1, 403, 873, 700, 0, 0.86%, 10, 0, 2, 1428.88
1639441514, 1, 433, 873, 694, 0, 0.86%, 10, 0, 2, 1430.23
1639441519, 1, 442, 873, 689, 0, 0.86%, 10, 0, 2, 1405.20
1639441524, 1, 478, 873, 680, 0, 0.86%, 10, 0, 2, 1435.08
1639441530, 1, 518, 873, 673, 0, 0.86%, 10, 0, 2, 1433.40
1639441535, 1, 561, 873, 667, 0, 0.86%, 10, 0, 2, 1417.24
1639441540, 1, 593, 873, 663, 0, 0.86%, 10, 0, 2, 1424.36
1639441545, 1, 619, 873, 659, 0, 0.86%, 10, 0, 2, 1409.43
1639441550, 1, 644, 873, 652, 0, 0.86%, 10, 0, 2, 1418.70
1639441555, 1, 668, 873, 647, 0, 0.86%, 11, 0, 2, 1437.08
1639441560, 1, 706, 873, 639, 0, 0.86%, 11, 0, 2, 1423.23
1639441566, 1, 724, 873, 637, 0, 0.86%, 11, 0, 2, 1414.09
1639441571, 1, 748, 873, 630, 0, 0.86%, 11, 0, 2, 1409.34
1639441576, 1, 786, 873, 626, 0, 0.86%, 12, 0, 2, 1414.10
1639441581, 1, 801, 873, 623, 0, 0.86%, 12, 0, 2, 1404.60
1639441586, 1, 833, 873, 617, 0, 0.86%, 12, 0, 2, 1419.39
1639441591, 1, 862, 873, 610, 0, 0.86%, 12, 0, 2, 1420.67
1639441597, 2, 33, 873, 605, 0, 0.86%, 12, 0, 2, 1433.67
1639441602, 2, 56, 873, 598, 0, 0.86%, 12, 0, 2, 1443.83
1639441607, 2, 101, 873, 591, 0, 0.86%, 12, 0, 2, 1395.48
1639441612, 2, 128, 873, 582, 0, 0.86%, 12, 0, 2, 1352.63
1639441617, 2, 176, 873, 575, 0, 0.86%, 12, 0, 2, 1399.56
1639441622, 2, 216, 873, 571, 0, 0.86%, 12, 0, 2, 1434.00
1639441627, 2, 250, 873, 564, 0, 0.86%, 12, 0, 2, 1415.64
1639441632, 2, 281, 873, 558, 0, 0.86%, 12, 0, 2, 1424.53
1639441637, 2, 306, 873, 553, 0, 0.86%, 12, 0, 2, 1410.53
1639441642, 2, 335, 873, 548, 0, 0.86%, 12, 0, 2, 1429.12
1639441647, 2, 352, 873, 543, 0, 0.86%, 12, 0, 2, 1429.67
1639441652, 2, 394, 873, 540, 0, 0.86%, 12, 0, 2, 1413.91
1639441657, 2, 432, 873, 535, 0, 0.86%, 12, 0, 2, 1434.36
1639441663, 2, 462, 873, 531, 0, 0.86%, 12, 0, 2, 1427.01
1639441668, 2, 504, 873, 525, 0, 0.86%, 12, 0, 2, 1419.69
1639441673, 2, 530, 874, 521, 0, 0.86%, 13, 0, 2, 1418.70
1639441678, 2, 557, 874, 515, 0, 0.86%, 13, 0, 2, 1442.98
1639441683, 2, 581, 874, 510, 0, 0.86%, 13, 0, 2, 1434.80
1639441688, 2, 596, 874, 504, 0, 0.86%, 13, 0, 2, 1421.86
1639441693, 2, 636, 874, 497, 0, 0.86%, 13, 0, 2, 1426.17
