# unix_time, cycles_done, cur_path, paths_total, pending_total, pending_favs, map_size, unique_crashes, unique_hangs, max_depth, execs_per_sec
1639445021, 0, 0, 1, 1, 1, 0.12%, 0, 0, 1, 1600.00
1639445027, 0, 0, 76, 76, 1, 0.46%, 3, 0, 2, 1493.52
1639445032, 0, 9, 86, 82, 34, 0.46%, 3, 0, 3, 1488.37
1639445037, 0, 12, 109, 102, 36, 0.51%, 3, 0, 3, 1463.10
1639445042, 0, 32, 121, 107, 30, 0.51%, 3, 0, 3, 1416.50
1639445047, 0, 38, 130, 112, 27, 0.52%, 3, 0, 3, 1450.50
1639445052, 0, 53, 144, 118, 21, 0.52%, 6, 0, 3, 1994.11
1639445057, 0, 88, 154, 117, 11, 0.52%, 6, 0, 4, 1869.53
1639445062, 0, 126, 163, 123, 9, 0.54%, 6, 0, 4, 1525.20
1639445067, 0, 132, 168, 124, 7, 0.54%, 7, 0, 4, 1475.50
1639445072, 0, 160, 171, 123, 4, 0.54%, 7, 0, 5, 1483.03
1639445077, 0, 164, 177, 128, 3, 0.55%, 7, 0, 5, 1477.94
1639445082, 0, 173, 179, 127, 3, 0.55%, 7, 0, 6, 1449.37
1639445088, 0, 176, 194, 141, 2, 0.58%, 7, 0, 6, 1455.65
1639445093, 0, 184, 202, 146, 10, 0.60%, 7, 0, 7, 1465.15
1639445098, 0, 185, 206, 149, 10, 0.60%, 7, 0, 7, 1462.85
1639445103, 0, 186, 213, 155, 10, 0.60%, 7, 0, 7, 1457.48
1639445108, 0, 189, 216, 156, 9, 0.61%, 7, 0, 7, 1474.33
1639445113, 0, 196, 220, 157, 9, 0.62%, 7, 0, 8, 1471.12
1639445118, 0, 204, 224, 157, 9, 0.64%, 7, 0, 8, 1444.47
1639445123, 0, 210, 230, 161, 7, 0.64%, 7, 0, 8, 1468.26
1639445128, 0, 217, 231, 160, 6, 0.64%, 7, 0, 8, 1463.59
1639445133, 0, 219, 235, 162, 5, 0.64%, 7, 0, 9, 1442.24
1639445138, 0, 220, 237, 163, 4, 0.64%, 7, 0, 9, 1478.12
1639445143, 0, 223, 239, 163, 4, 0.65%, 8, 0, 9, 1489.14
1639445148, 0, 236, 240, 161, 3, 0.65%, 8, 0, 10, 1459.64
1639445153, 0, 237, 246, 166, 2, 0.65%, 8, 0, 10, 1457.47
1639445159, 0, 241, 248, 166, 2, 0.65%, 9, 0, 11, 1450.39
1639445164, 0, 241, 252, 170, 2, 0.65%, 9, 0, 11, 1472.20
1639445169, 0, 245, 253, 170, 1, 0.65%, 9, 0, 11, 1469.34
1639445174, 1, 7, 254, 168, 0, 0.65%, 9, 0, 12, 1467.15
1639445179, 1, 255, 257, 167, 1, 0.65%, 10, 0, 12, 1427.10
1639445184, 1, 258, 259, 167, 1, 0.67%, 10, 0, 12, 1485.44
1639445189, 2, 22, 261, 166, 0, 0.67%, 10, 0, 12, 1477.40
1639445194, 2, 53, 261, 164, 0, 0.67%, 10, 0, 12, 1490.46
1639445199, 2, 159, 264, 163, 1, 0.68%, 10, 0, 12, 1488.51
1639445204, 3, 3, 265, 159, 0, 0.68%, 10, 0, 12, 1477.45
1639445209, 3, 34, 265, 154, 0, 0.68%, 10, 0, 12, 1468.76
1639445214, 3, 59, 265, 151, 0, 0.68%, 10, 0, 12, 1477.86
1639445219, 3, 80, 266, 149, 0, 0.68%, 10, 0, 12, 1464.99
1639445225, 3, 123, 269, 146, 0, 0.68%, 10, 0, 12, 1474.91
1639445230, 3, 138, 269, 144, 0, 0.68%, 10, 0, 12, 1454.04
1639445235, 3, 155, 269, 138, 0, 0.68%, 10, 0, 12, 1459.05
1639445240, 3, 168, 269, 136, 0, 0.68%, 10, 0, 12, 1465.50
1639445245, 3, 177, 269, 134, 0, 0.68%, 10, 0, 12, 1463.32
1639445250, 3, 183, 269, 133, 0, 0.68%, 10, 0, 12, 1471.70
1639445255, 3, 194, 269, 130, 0, 0.68%, 10, 0, 12, 1461.04
1639445260, 3, 201, 269, 130, 0, 0.68%, 10, 0, 12, 1480.36
1639445265, 3, 209, 269, 128, 0, 0.68%, 10, 0, 12, 1474.53
1639445270, 3, 218, 269, 128, 0, 0.68%, 10, 0, 12, 1477.75
1639445275, 3, 223, 269, 128, 0, 0.68%, 10, 0, 12, 1504.30
1639445280, 3, 229, 270, 128, 0, 0.68%, 10, 0, 12, 1478.62
1639445285, 3, 236, 272, 129, 0, 0.68%, 10, 0, 12, 1457.78
1639445290, 3, 241, 272, 129, 0, 0.68%, 10, 0, 12, 1494.49
1639445295, 3, 245, 272, 128, 0, 0.68%, 10, 0, 12, 1481.54
1639445300, 3, 247, 272, 128, 0, 0.68%, 10, 0, 12, 1473.22
1639445305, 3, 258, 272, 126, 0, 0.68%, 10, 0, 12, 1493.56
1639445311, 3, 270, 274, 126, 0, 0.68%, 10, 0, 12, 1483.60
1639445321, 4, 17, 274, 125, 0, 0.68%, 10, 0, 12, 1473.29
