# unix_time, cycles_done, cur_path, paths_total, pending_total, pending_favs, map_size, unique_crashes, unique_hangs, max_depth, execs_per_sec
1639481258, 0, 0, 1, 1, 1, 0.11%, 0, 0, 1, 1600.00
1639481263, 0, 0, 72, 72, 1, 0.44%, 3, 0, 2, 1435.05
1639481268, 0, 12, 109, 105, 39, 0.50%, 3, 0, 3, 1420.67
1639481273, 0, 37, 137, 123, 34, 0.52%, 3, 0, 3, 1411.05
1639481278, 0, 49, 150, 127, 26, 0.52%, 3, 0, 3, 1428.43
1639481283, 0, 61, 153, 127, 23, 0.52%, 3, 0, 3, 1399.34
1639481288, 0, 92, 161, 127, 17, 0.53%, 4, 0, 4, 1404.10
1639481293, 0, 112, 169, 128, 12, 0.53%, 4, 0, 4, 1408.67
1639481298, 0, 139, 172, 125, 8, 0.54%, 4, 0, 4, 1431.71
1639481303, 0, 165, 173, 122, 4, 0.54%, 6, 0, 4, 1415.38
1639481309, 0, 170, 184, 130, 2, 0.54%, 6, 0, 5, 1419.66
1639481314, 0, 176, 193, 138, 6, 0.55%, 6, 0, 6, 1413.19
1639481319, 0, 181, 200, 143, 4, 0.56%, 7, 0, 6, 1433.62
1639481324, 0, 189, 207, 149, 7, 0.57%, 7, 0, 6, 1432.66
1639481329, 0, 193, 214, 154, 7, 0.58%, 8, 0, 7, 1429.13
1639481334, 0, 195, 220, 159, 9, 0.61%, 9, 0, 7, 1424.56
1639481339, 0, 207, 224, 160, 8, 0.61%, 9, 0, 7, 1432.19
1639481344, 0, 212, 228, 162, 7, 0.61%, 12, 0, 8, 1424.59
1639481349, 0, 217, 241, 173, 7, 0.64%, 13, 0, 8, 1441.45
1639481354, 0, 218, 245, 176, 15, 0.64%, 13, 0, 8, 1426.32
1639481359, 0, 223, 252, 180, 14, 0.67%, 13, 0, 8, 1419.38
1639481364, 0, 224, 254, 181, 13, 0.67%, 14, 0, 9, 1436.82
1639481370, 0, 225, 256, 182, 12, 0.67%, 14, 0, 9, 1421.36
1639481375, 0, 228, 261, 186, 12, 0.67%, 15, 0, 9, 1432.35
1639481380, 0, 229, 273, 197, 19, 0.69%, 15, 0, 9, 1427.79
1639481385, 0, 236, 275, 197, 20, 0.69%, 15, 0, 9, 1417.93
1639481390, 0, 238, 277, 197, 18, 0.69%, 15, 0, 9, 1414.23
1639481395, 0, 244, 277, 193, 15, 0.69%, 15, 0, 9, 1414.04
1639481400, 0, 255, 278, 192, 13, 0.69%, 15, 0, 9, 1411.03
1639481405, 0, 262, 280, 193, 12, 0.69%, 15, 0, 10, 1399.17
1639481410, 0, 266, 280, 190, 9, 0.69%, 15, 0, 10, 1419.56
1639481415, 0, 270, 280, 187, 6, 0.69%, 15, 0, 10, 1415.12
1639481420, 0, 271, 282, 188, 5, 0.69%, 15, 0, 10, 1403.98
1639481425, 0, 273, 283, 188, 4, 0.69%, 15, 0, 10, 1422.99
1639481430, 0, 279, 283, 185, 1, 0.69%, 15, 0, 10, 1434.53
1639481435, 1, 30, 283, 179, 0, 0.69%, 15, 0, 10, 1434.88
1639481440, 1, 284, 285, 178, 1, 0.70%, 16, 0, 10, 1442.18
1639481445, 2, 38, 288, 178, 0, 0.70%, 16, 0, 10, 1449.24
1639481450, 2, 64, 288, 176, 0, 0.70%, 16, 0, 10, 1430.69
1639481455, 2, 285, 291, 178, 1, 0.70%, 16, 0, 10, 1417.89
1639481461, 2, 290, 292, 177, 0, 0.70%, 16, 0, 10, 1424.94
1639481466, 3, 22, 292, 173, 0, 0.70%, 16, 0, 10, 1447.24
1639481471, 3, 61, 292, 170, 0, 0.70%, 16, 0, 10, 1438.49
1639481476, 3, 84, 292, 167, 0, 0.70%, 16, 0, 10, 1448.12
1639481481, 3, 108, 292, 162, 0, 0.70%, 16, 0, 10, 1424.72
1639481486, 3, 124, 292, 160, 0, 0.70%, 16, 0, 10, 1422.71
1639481491, 4, 13, 293, 159, 0, 0.70%, 16, 0, 10, 1424.68
1639481496, 4, 46, 293, 157, 0, 0.70%, 16, 0, 10, 1421.78
1639481502, 4, 65, 294, 154, 0, 0.70%, 17, 0, 10, 2195.17
1639481507, 4, 92, 294, 145, 0, 0.70%, 17, 0, 10, 1634.65
1639481512, 4, 110, 294, 142, 0, 0.70%, 17, 0, 10, 1433.65
1639481517, 4, 128, 294, 140, 0, 0.70%, 17, 0, 10, 1422.33
1639481522, 4, 151, 295, 136, 0, 0.70%, 17, 0, 10, 1420.20
1639481527, 4, 164, 295, 133, 0, 0.70%, 17, 0, 10, 1429.78
1639481532, 4, 169, 296, 134, 0, 0.70%, 17, 0, 10, 1413.33
1639481537, 4, 179, 296, 131, 0, 0.70%, 17, 0, 10, 1417.35
1639481542, 4, 198, 296, 128, 0, 0.70%, 17, 0, 10, 1406.11
1639481548, 4, 216, 296, 126, 0, 0.70%, 17, 0, 10, 1393.49
1639481553, 4, 223, 296, 125, 0, 0.70%, 18, 0, 10, 1350.69
1639481558, 4, 224, 296, 125, 0, 0.70%, 18, 0, 10, 1398.90
