# unix_time, cycles_done, cur_path, paths_total, pending_total, pending_favs, map_size, unique_crashes, unique_hangs, max_depth, execs_per_sec
1639448339, 0, 0, 1, 1, 1, 0.12%, 0, 0, 1, 1600.00
1639448344, 0, 0, 75, 75, 1, 0.45%, 6, 0, 2, 1463.22
1639448349, 0, 15, 110, 103, 40, 0.51%, 9, 0, 3, 1454.74
1639448354, 0, 19, 119, 110, 40, 0.51%, 10, 0, 3, 1464.16
1639448359, 0, 23, 134, 121, 38, 0.54%, 10, 0, 3, 1447.24
1639448364, 0, 33, 141, 124, 35, 0.54%, 10, 0, 3, 1474.13
1639448369, 0, 58, 150, 120, 23, 0.54%, 10, 0, 3, 1408.35
1639448374, 0, 85, 162, 126, 19, 0.55%, 10, 0, 4, 1441.92
1639448379, 0, 112, 175, 135, 18, 0.55%, 10, 0, 4, 1447.78
1639448384, 0, 121, 178, 133, 15, 0.55%, 10, 0, 4, 1423.93
1639448389, 0, 157, 182, 128, 8, 0.55%, 10, 0, 4, 1449.19
1639448394, 0, 158, 191, 136, 7, 0.56%, 11, 0, 4, 1463.01
1639448400, 0, 165, 197, 140, 12, 0.57%, 11, 0, 5, 1456.57
1639448405, 0, 178, 200, 140, 9, 0.59%, 11, 0, 5, 1450.63
1639448410, 0, 180, 202, 141, 10, 0.59%, 11, 0, 5, 1453.30
1639448415, 0, 188, 206, 144, 9, 0.61%, 12, 0, 5, 1427.54
1639448420, 0, 196, 214, 147, 9, 0.61%, 14, 0, 5, 2330.06
1639448425, 0, 202, 217, 147, 7, 0.63%, 14, 0, 6, 1664.16
1639448430, 0, 205, 228, 156, 10, 0.65%, 14, 0, 6, 1478.94
1639448435, 0, 207, 234, 160, 10, 0.66%, 14, 0, 6, 1467.82
1639448440, 0, 209, 237, 162, 11, 0.67%, 15, 0, 6, 1441.06
1639448445, 0, 216, 240, 162, 9, 0.67%, 16, 0, 7, 1452.68
1639448451, 0, 227, 244, 162, 6, 0.70%, 16, 0, 7, 1432.41
1639448456, 0, 232, 249, 165, 6, 0.70%, 16, 0, 7, 1442.41
1639448461, 0, 234, 261, 176, 13, 0.72%, 16, 0, 7, 1450.30
1639448466, 0, 240, 264, 177, 11, 0.72%, 16, 0, 8, 1459.29
1639448471, 0, 250, 265, 175, 10, 0.72%, 16, 0, 8, 1455.98
1639448476, 0, 256, 272, 178, 6, 0.73%, 16, 0, 8, 1441.14
1639448481, 0, 257, 273, 178, 9, 0.73%, 16, 0, 8, 1461.20
1639448486, 0, 263, 279, 181, 6, 0.73%, 16, 0, 9, 1457.88
1639448491, 0, 264, 283, 184, 6, 0.73%, 16, 0, 9, 1456.44
1639448496, 0, 269, 283, 181, 3, 0.73%, 16, 0, 9, 1457.98
1639448501, 0, 281, 286, 182, 1, 0.73%, 17, 0, 10, 1450.35
1639448506, 1, 12, 287, 179, 0, 0.73%, 17, 0, 10, 1452.43
1639448511, 1, 46, 287, 175, 0, 0.73%, 17, 0, 10, 1456.61
1639448516, 1, 74, 288, 173, 0, 0.73%, 17, 0, 10, 1461.96
1639448521, 1, 100, 290, 168, 0, 0.73%, 17, 0, 10, 1460.23
1639448526, 1, 198, 294, 167, 1, 0.77%, 17, 0, 10, 1468.75
1639448531, 1, 293, 299, 171, 2, 0.78%, 17, 0, 10, 1442.87
1639448536, 1, 294, 299, 170, 5, 0.78%, 17, 0, 10, 1436.85
1639448541, 1, 295, 299, 169, 4, 0.78%, 17, 0, 10, 1459.29
1639448547, 1, 296, 300, 169, 3, 0.78%, 17, 0, 10, 1457.44
1639448552, 1, 297, 301, 169, 4, 0.78%, 17, 0, 10, 1462.87
1639448557, 1, 299, 302, 168, 2, 0.79%, 17, 0, 10, 1454.63
1639448562, 1, 299, 303, 169, 2, 0.79%, 17, 0, 10, 1458.74
1639448567, 1, 301, 303, 167, 2, 0.79%, 17, 0, 10, 1458.74
1639448572, 1, 302, 309, 172, 1, 0.81%, 17, 0, 10, 1475.53
1639448582, 1, 304, 313, 175, 3, 0.81%, 17, 0, 11, 1471.30
1639448587, 1, 304, 315, 177, 3, 0.81%, 17, 0, 11, 1401.47
1639448592, 1, 306, 317, 178, 3, 0.81%, 17, 0, 11, 1389.89
1639448602, 1, 312, 317, 177, 3, 0.81%, 17, 0, 11, 1444.79
1639448608, 1, 313, 320, 179, 2, 0.81%, 17, 0, 12, 1449.54
1639448613, 1, 313, 324, 183, 2, 0.83%, 17, 0, 12, 1439.65
1639448618, 1, 316, 327, 185, 5, 0.83%, 17, 0, 12, 1465.28
1639448623, 1, 316, 330, 188, 5, 0.83%, 17, 0, 12, 1465.44
1639448628, 1, 320, 336, 193, 6, 0.84%, 17, 0, 13, 1424.74
1639448633, 1, 320, 338, 195, 6, 0.84%, 17, 0, 13, 1451.53
1639448639, 1, 321, 340, 196, 6, 0.84%, 17, 0, 13, 1429.99
