# unix_time, cycles_done, cur_path, paths_total, pending_total, pending_favs, map_size, unique_crashes, unique_hangs, max_depth, execs_per_sec
1639594432, 0, 0, 797, 797, 98, 0.91%, 0, 0, 1, 1132.30
1639594437, 0, 49, 797, 790, 92, 0.91%, 3, 0, 1, 1305.70
1639594443, 0, 156, 797, 782, 86, 0.91%, 5, 0, 1, 1348.19
1639594448, 0, 227, 797, 771, 76, 0.91%, 8, 0, 1, 1412.57
1639594453, 0, 342, 797, 760, 67, 0.91%, 9, 0, 1, 1436.02
1639594458, 0, 416, 797, 750, 57, 0.91%, 9, 0, 1, 1440.28
1639594463, 0, 520, 797, 742, 49, 0.91%, 9, 0, 1, 1426.11
1639594468, 0, 570, 797, 733, 41, 0.91%, 9, 0, 1, 1395.09
1639594473, 0, 612, 797, 723, 31, 0.91%, 10, 0, 1, 1395.74
1639594478, 0, 655, 797, 713, 22, 0.91%, 11, 0, 1, 1433.96
1639594484, 0, 717, 797, 705, 14, 0.91%, 11, 0, 1, 1434.18
1639594489, 0, 777, 797, 693, 4, 0.91%, 11, 0, 1, 1456.37
1639594494, 1, 23, 797, 683, 0, 0.91%, 11, 0, 1, 1410.35
1639594499, 1, 46, 797, 678, 0, 0.91%, 11, 0, 1, 1441.78
1639594504, 1, 71, 797, 674, 0, 0.91%, 12, 0, 1, 1420.15
1639594509, 1, 87, 797, 667, 0, 0.91%, 12, 0, 1, 1429.13
1639594514, 1, 120, 797, 659, 0, 0.91%, 12, 0, 1, 1426.14
1639594519, 1, 160, 797, 652, 0, 0.91%, 12, 0, 1, 1423.12
1639594524, 1, 183, 797, 646, 0, 0.91%, 12, 0, 1, 1390.34
1639594529, 1, 203, 797, 639, 0, 0.91%, 12, 0, 1, 1348.22
1639594534, 1, 243, 797, 634, 0, 0.91%, 12, 0, 1, 1342.53
1639594540, 1, 262, 797, 628, 0, 0.91%, 12, 0, 1, 1380.09
1639594545, 1, 301, 797, 620, 0, 0.91%, 12, 0, 1, 1419.34
1639594550, 1, 343, 797, 613, 0, 0.91%, 12, 0, 1, 1655.77
1639594555, 1, 381, 797, 607, 0, 0.91%, 14, 0, 1, 1470.02
1639594560, 1, 416, 797, 602, 0, 0.91%, 14, 0, 1, 1444.54
1639594565, 1, 455, 797, 595, 0, 0.91%, 14, 0, 1, 1423.07
1639594570, 1, 484, 797, 586, 0, 0.91%, 14, 0, 1, 1412.08
1639594575, 1, 508, 797, 578, 0, 0.91%, 14, 0, 1, 1425.67
1639594580, 1, 542, 797, 575, 0, 0.91%, 14, 0, 1, 1430.21
1639594585, 1, 560, 797, 569, 0, 0.91%, 14, 0, 1, 1425.63
1639594590, 1, 586, 797, 564, 0, 0.91%, 14, 0, 1, 1419.78
1639594595, 1, 608, 797, 560, 0, 0.91%, 15, 0, 1, 1385.42
1639594600, 1, 622, 797, 555, 0, 0.91%, 15, 0, 1, 1404.37
1639594606, 1, 646, 797, 550, 0, 0.91%, 15, 0, 1, 1420.96
1639594611, 1, 673, 799, 548, 0, 0.91%, 15, 0, 2, 1422.35
1639594616, 1, 693, 799, 542, 0, 0.91%, 15, 0, 2, 1438.02
1639594621, 1, 722, 799, 537, 0, 0.91%, 15, 0, 2, 1436.30
1639594626, 1, 763, 799, 532, 0, 0.91%, 16, 0, 2, 1409.78
1639594631, 1, 785, 799, 528, 0, 0.91%, 16, 0, 2, 1415.48
1639594637, 2, 10, 799, 521, 0, 0.91%, 16, 0, 2, 1431.22
1639594642, 2, 50, 799, 517, 0, 0.91%, 16, 0, 2, 1434.28
1639594647, 2, 84, 799, 513, 0, 0.91%, 16, 0, 2, 1434.45
1639594652, 2, 119, 799, 508, 0, 0.91%, 16, 0, 2, 1367.12
1639594657, 2, 150, 799, 500, 0, 0.91%, 16, 0, 2, 1405.52
1639594662, 2, 167, 799, 495, 0, 0.91%, 16, 0, 2, 1366.78
1639594667, 2, 195, 799, 491, 0, 0.91%, 16, 0, 2, 1357.85
1639594672, 2, 221, 799, 486, 0, 0.91%, 16, 0, 2, 1425.57
1639594677, 2, 247, 799, 480, 0, 0.91%, 16, 0, 2, 1431.98
1639594682, 2, 270, 799, 474, 0, 0.91%, 16, 0, 2, 1438.19
1639594688, 2, 303, 799, 467, 0, 0.91%, 16, 0, 2, 1433.71
1639594693, 2, 342, 799, 461, 0, 0.91%, 16, 0, 2, 1370.23
1639594698, 2, 376, 799, 457, 0, 0.91%, 16, 0, 2, 1366.57
1639594703, 2, 400, 799, 454, 0, 0.91%, 16, 0, 2, 1299.74
1639594708, 2, 432, 799, 450, 0, 0.91%, 17, 0, 2, 1139.26
1639594713, 2, 451, 799, 445, 0, 0.91%, 17, 0, 2, 1151.15
1639594718, 2, 494, 799, 441, 0, 0.91%, 17, 0, 2, 1184.38
1639594723, 2, 515, 799, 437, 0, 0.91%, 17, 0, 2, 1252.38
