# unix_time, cycles_done, cur_path, paths_total, pending_total, pending_favs, map_size, unique_crashes, unique_hangs, max_depth, execs_per_sec
1639557646, 0, 0, 855, 855, 99, 0.97%, 0, 0, 1, 1216.00
1639557651, 0, 79, 856, 848, 91, 0.97%, 1, 0, 2, 1186.99
1639557656, 0, 127, 856, 840, 84, 0.97%, 4, 0, 2, 1379.30
1639557661, 0, 244, 856, 831, 76, 0.97%, 5, 0, 2, 1407.10
1639557666, 0, 267, 856, 825, 71, 0.97%, 6, 0, 2, 1432.80
1639557671, 0, 387, 856, 812, 59, 0.97%, 6, 0, 2, 1440.32
1639557676, 0, 470, 856, 800, 47, 0.97%, 6, 0, 2, 1825.15
1639557681, 0, 585, 856, 790, 37, 0.97%, 6, 0, 2, 1534.89
1639557686, 0, 679, 856, 779, 28, 0.97%, 7, 0, 2, 1477.34
1639557691, 0, 716, 856, 773, 22, 0.97%, 7, 0, 2, 1422.91
1639557697, 0, 774, 856, 761, 10, 0.97%, 7, 0, 2, 1418.70
1639557702, 0, 836, 856, 752, 2, 0.97%, 8, 0, 2, 1422.16
1639557707, 1, 20, 856, 746, 0, 0.97%, 8, 0, 2, 1416.52
1639557712, 1, 782, 856, 739, 0, 0.97%, 8, 0, 2, 1429.69
1639557717, 1, 806, 856, 731, 0, 0.97%, 8, 0, 2, 1440.53
1639557722, 1, 825, 856, 725, 0, 0.97%, 8, 0, 2, 1418.58
1639557727, 1, 853, 856, 720, 0, 0.97%, 8, 0, 2, 1433.14
1639557732, 2, 20, 856, 713, 0, 0.97%, 8, 0, 2, 1456.36
1639557737, 2, 49, 856, 705, 0, 0.97%, 8, 0, 2, 1462.79
1639557742, 2, 72, 856, 699, 0, 0.97%, 8, 0, 2, 1448.71
1639557747, 2, 83, 856, 696, 0, 0.97%, 8, 0, 2, 1415.27
1639557752, 2, 106, 856, 690, 0, 0.97%, 8, 0, 2, 1422.88
1639557758, 2, 134, 856, 684, 0, 0.97%, 8, 0, 2, 1426.76
1639557763, 2, 174, 856, 676, 0, 0.97%, 8, 0, 2, 1431.93
1639557768, 2, 196, 856, 670, 0, 0.97%, 8, 0, 2, 1435.53
1639557773, 2, 217, 856, 663, 0, 0.97%, 9, 0, 2, 1420.16
1639557778, 2, 252, 856, 660, 0, 0.97%, 9, 0, 2, 1434.42
1639557783, 2, 265, 856, 654, 0, 0.97%, 9, 0, 2, 1416.59
1639557788, 2, 317, 856, 648, 0, 0.97%, 9, 0, 2, 1440.53
1639557793, 2, 354, 856, 643, 0, 0.97%, 9, 0, 2, 1444.63
1639557798, 2, 381, 856, 637, 0, 0.97%, 9, 0, 2, 1427.83
1639557803, 2, 397, 856, 632, 0, 0.97%, 9, 0, 2, 1445.25
1639557808, 2, 418, 856, 624, 0, 0.97%, 9, 0, 2, 1419.72
1639557813, 2, 439, 856, 618, 0, 0.97%, 10, 0, 2, 1439.73
1639557818, 2, 476, 856, 612, 0, 0.97%, 10, 0, 2, 1450.98
1639557823, 2, 521, 856, 603, 0, 0.97%, 10, 0, 2, 1451.96
1639557829, 2, 546, 856, 597, 0, 0.97%, 10, 0, 2, 1439.45
1639557834, 2, 570, 856, 592, 0, 0.97%, 10, 0, 2, 1442.46
1639557839, 2, 597, 856, 584, 0, 0.97%, 10, 0, 2, 1439.58
1639557844, 2, 627, 856, 578, 0, 0.97%, 10, 0, 2, 1441.78
1639557849, 2, 661, 856, 572, 0, 0.97%, 10, 0, 2, 1435.08
1639557854, 2, 679, 856, 567, 0, 0.97%, 10, 0, 2, 1426.69
1639557859, 2, 702, 856, 562, 0, 0.97%, 10, 0, 2, 1426.85
1639557864, 2, 715, 856, 559, 0, 0.97%, 10, 0, 2, 1409.24
1639557869, 2, 743, 856, 556, 0, 0.97%, 10, 0, 2, 1409.65
1639557874, 2, 767, 857, 553, 0, 0.97%, 10, 0, 2, 1431.83
1639557879, 2, 793, 857, 548, 0, 0.97%, 11, 0, 2, 1404.99
1639557884, 2, 813, 857, 546, 0, 0.97%, 11, 0, 2, 1390.62
1639557889, 2, 836, 857, 541, 0, 0.97%, 11, 0, 2, 1412.02
1639557894, 3, 20, 857, 538, 0, 0.97%, 11, 0, 2, 1430.56
1639557900, 3, 64, 857, 532, 0, 0.97%, 12, 0, 2, 1432.27
1639557905, 3, 477, 857, 527, 1, 0.97%, 12, 0, 2, 1409.05
1639557910, 3, 669, 857, 521, 0, 0.97%, 12, 0, 2, 1423.44
1639557915, 3, 695, 857, 516, 0, 0.97%, 12, 0, 2, 1428.79
1639557920, 3, 714, 857, 514, 0, 0.97%, 12, 0, 2, 1409.89
1639557925, 3, 747, 857, 510, 0, 0.97%, 12, 0, 2, 1435.05
1639557930, 3, 769, 857, 507, 0, 0.97%, 12, 0, 2, 1432.06
1639557935, 3, 817, 857, 505, 0, 0.97%, 12, 0, 2, 1429.21
