# unix_time, cycles_done, cur_path, paths_total, pending_total, pending_favs, map_size, unique_crashes, unique_hangs, max_depth, execs_per_sec
1639437751, 0, 0, 709, 709, 100, 0.91%, 0, 0, 1, 1143.09
1639437756, 0, 75, 709, 697, 88, 0.91%, 2, 0, 1, 1377.50
1639437761, 0, 131, 709, 688, 80, 0.91%, 4, 0, 1, 1403.10
1639437766, 0, 171, 709, 680, 72, 0.91%, 4, 0, 1, 1438.35
1639437772, 0, 243, 709, 672, 65, 0.91%, 5, 0, 1, 1444.86
1639437777, 0, 300, 709, 664, 57, 0.91%, 5, 0, 1, 1443.20
1639437782, 0, 407, 709, 650, 43, 0.91%, 6, 0, 1, 1838.30
1639437787, 0, 444, 709, 643, 37, 0.91%, 6, 0, 1, 1473.09
1639437792, 0, 516, 709, 636, 31, 0.91%, 6, 0, 1, 1369.50
1639437797, 0, 549, 709, 626, 21, 0.91%, 7, 0, 1, 1377.93
1639437802, 0, 608, 709, 617, 12, 0.91%, 7, 0, 1, 1397.24
1639437808, 0, 682, 709, 607, 4, 0.91%, 7, 0, 1, 1410.31
1639437813, 1, 27, 709, 598, 0, 0.91%, 7, 0, 1, 1398.53
1639437818, 1, 54, 709, 594, 0, 0.91%, 7, 0, 1, 1417.82
1639437823, 1, 78, 709, 588, 0, 0.91%, 7, 0, 1, 1411.77
1639437828, 1, 120, 709, 586, 0, 0.91%, 7, 0, 1, 1407.23
1639437833, 1, 147, 709, 580, 0, 0.91%, 7, 0, 1, 1415.14
1639437838, 1, 162, 709, 577, 0, 0.91%, 7, 0, 1, 1437.49
1639437843, 1, 183, 709, 572, 0, 0.91%, 7, 0, 1, 1451.91
1639437849, 1, 197, 709, 566, 0, 0.91%, 7, 0, 1, 1439.24
1639437854, 1, 223, 709, 558, 0, 0.91%, 7, 0, 1, 1424.14
1639437859, 1, 253, 709, 553, 0, 0.91%, 8, 0, 1, 1418.85
1639437864, 1, 278, 709, 548, 0, 0.91%, 10, 0, 1, 1431.66
1639437869, 1, 305, 709, 542, 0, 0.91%, 10, 0, 1, 1411.26
1639437874, 1, 333, 709, 535, 0, 0.91%, 10, 0, 1, 1430.30
1639437879, 1, 360, 709, 528, 0, 0.91%, 10, 0, 1, 1421.40
1639437884, 1, 375, 709, 525, 0, 0.91%, 10, 0, 1, 1421.77
1639437889, 1, 409, 709, 519, 0, 0.91%, 10, 0, 1, 1420.35
1639437894, 1, 431, 709, 514, 0, 0.91%, 10, 0, 1, 1420.31
1639437900, 1, 456, 710, 509, 0, 0.91%, 11, 0, 2, 1431.84
1639437905, 1, 490, 710, 502, 0, 0.91%, 11, 0, 2, 1438.50
1639437910, 1, 661, 710, 494, 1, 0.91%, 11, 0, 2, 1442.43
1639437915, 1, 702, 710, 486, 0, 0.91%, 11, 0, 2, 1445.02
1639437920, 2, 22, 711, 481, 0, 0.91%, 11, 0, 2, 1426.86
1639437925, 2, 66, 711, 476, 0, 0.91%, 11, 0, 2, 1448.15
1639437930, 2, 88, 711, 471, 0, 0.91%, 11, 0, 2, 1444.78
1639437935, 2, 112, 711, 465, 0, 0.91%, 11, 0, 2, 1443.90
1639437940, 2, 140, 711, 460, 0, 0.91%, 11, 0, 2, 1423.23
1639437945, 2, 171, 711, 457, 0, 0.91%, 11, 0, 2, 1438.94
1639437951, 2, 205, 711, 456, 0, 0.91%, 11, 0, 2, 1427.89
1639437956, 2, 246, 711, 449, 0, 0.91%, 11, 0, 2, 1437.19
1639437961, 2, 281, 711, 446, 0, 0.91%, 11, 0, 2, 1440.13
1639437966, 2, 312, 711, 441, 0, 0.91%, 11, 0, 2, 1426.37
1639437971, 2, 362, 711, 435, 0, 0.91%, 11, 0, 2, 1432.90
1639437976, 2, 407, 711, 431, 0, 0.91%, 11, 0, 2, 1441.66
1639437982, 2, 438, 711, 427, 0, 0.91%, 11, 0, 2, 1444.39
1639437987, 2, 463, 711, 422, 0, 0.91%, 11, 0, 2, 1428.67
1639437992, 2, 493, 711, 415, 0, 0.91%, 12, 0, 2, 1452.58
1639437997, 2, 515, 711, 411, 0, 0.91%, 13, 0, 2, 1408.37
1639438002, 2, 537, 711, 408, 0, 0.91%, 13, 0, 2, 1448.53
1639438007, 2, 555, 711, 404, 0, 0.91%, 13, 0, 2, 1438.57
1639438012, 2, 591, 711, 399, 0, 0.91%, 13, 0, 2, 1430.39
1639438017, 2, 612, 711, 393, 0, 0.91%, 13, 0, 2, 1442.15
1639438022, 2, 631, 711, 388, 0, 0.91%, 13, 0, 2, 1454.41
1639438027, 2, 650, 711, 380, 0, 0.91%, 13, 0, 2, 1427.38
1639438032, 2, 677, 711, 372, 0, 0.91%, 14, 0, 2, 1420.20
1639438037, 2, 708, 711, 364, 0, 0.91%, 14, 0, 2, 1434.13
1639438042, 3, 12, 713, 364, 0, 0.91%, 14, 0, 3, 1433.53
