# unix_time, cycles_done, cur_path, paths_total, pending_total, pending_favs, map_size, unique_crashes, unique_hangs, max_depth, execs_per_sec
1639591231, 0, 0, 1, 1, 1, 0.12%, 0, 0, 1, 571.43
1639591236, 0, 0, 80, 80, 1, 0.46%, 5, 0, 2, 1166.28
1639591241, 0, 23, 100, 93, 36, 0.49%, 5, 0, 3, 1324.50
1639591247, 0, 30, 118, 108, 36, 0.51%, 5, 0, 3, 1353.38
1639591252, 0, 35, 137, 124, 36, 0.51%, 5, 0, 3, 1410.46
1639591257, 0, 49, 152, 129, 27, 0.53%, 5, 0, 3, 1416.86
1639591262, 0, 58, 158, 130, 22, 0.53%, 6, 0, 3, 1412.36
1639591267, 0, 62, 161, 131, 21, 0.53%, 6, 0, 3, 1399.71
1639591272, 0, 100, 166, 128, 15, 0.54%, 7, 0, 4, 1419.01
1639591277, 0, 117, 171, 130, 13, 0.54%, 7, 0, 4, 1381.36
1639591282, 0, 144, 177, 131, 11, 0.55%, 9, 0, 4, 1343.81
1639591287, 0, 163, 183, 132, 6, 0.55%, 9, 0, 4, 1329.67
1639591292, 0, 174, 185, 131, 4, 0.55%, 10, 0, 4, 1287.97
1639591297, 0, 176, 188, 132, 3, 0.55%, 10, 0, 5, 1296.25
1639591303, 0, 184, 196, 138, 2, 0.57%, 12, 0, 5, 1266.12
1639591308, 0, 190, 206, 147, 7, 0.58%, 12, 0, 6, 1242.15
1639591313, 0, 193, 215, 155, 7, 0.61%, 12, 0, 6, 1188.89
1639591318, 0, 194, 220, 159, 12, 0.61%, 12, 0, 6, 1119.18
1639591323, 0, 197, 224, 162, 11, 0.61%, 12, 0, 6, 1008.77
1639591328, 0, 197, 229, 167, 11, 0.61%, 12, 0, 6, 987.10
1639591333, 0, 202, 230, 166, 11, 0.61%, 12, 0, 6, 980.09
1639591338, 0, 205, 233, 168, 10, 0.61%, 12, 0, 7, 993.31
1639591343, 0, 209, 234, 166, 7, 0.61%, 12, 0, 7, 1132.14
1639591348, 0, 214, 237, 166, 4, 0.61%, 12, 0, 7, 1191.43
1639591353, 0, 222, 247, 174, 9, 0.64%, 12, 0, 7, 1271.61
1639591358, 0, 238, 249, 173, 7, 0.64%, 12, 0, 8, 1360.76
1639591363, 0, 243, 256, 178, 4, 0.65%, 13, 0, 8, 1414.93
1639591368, 0, 247, 258, 179, 3, 0.65%, 13, 0, 9, 1437.71
1639591373, 0, 252, 260, 180, 2, 0.65%, 13, 0, 9, 1457.03
1639591379, 0, 255, 262, 181, 2, 0.65%, 13, 0, 9, 1432.71
1639591384, 0, 255, 266, 185, 2, 0.66%, 13, 0, 9, 1423.05
1639591389, 0, 263, 268, 185, 2, 0.66%, 13, 0, 10, 1867.61
1639591394, 1, 2, 269, 182, 0, 0.66%, 13, 0, 11, 1435.05
1639591399, 1, 31, 270, 176, 0, 0.66%, 13, 0, 11, 1376.02
1639591404, 2, 8, 271, 176, 0, 0.67%, 14, 0, 11, 1402.39
1639591409, 2, 42, 271, 176, 0, 0.67%, 14, 0, 11, 1423.32
1639591414, 2, 61, 272, 174, 0, 0.67%, 14, 0, 11, 1442.57
1639591419, 2, 227, 277, 178, 1, 0.67%, 14, 0, 11, 1455.02
1639591424, 2, 275, 282, 182, 2, 0.67%, 14, 0, 11, 1460.68
1639591429, 2, 278, 283, 182, 1, 0.67%, 14, 0, 11, 1429.48
1639591435, 3, 30, 283, 179, 0, 0.67%, 14, 0, 11, 1381.91
1639591440, 3, 49, 284, 179, 0, 0.67%, 14, 0, 11, 1385.44
1639591445, 3, 67, 284, 178, 0, 0.67%, 14, 0, 11, 1357.72
1639591450, 3, 97, 284, 174, 0, 0.67%, 14, 0, 11, 1344.52
1639591455, 3, 112, 285, 171, 0, 0.67%, 14, 0, 11, 1333.08
1639591460, 3, 130, 286, 168, 0, 0.67%, 14, 0, 11, 1332.29
1639591465, 3, 148, 287, 166, 0, 0.67%, 14, 0, 11, 1349.20
1639591470, 3, 160, 289, 163, 0, 0.67%, 14, 0, 11, 1359.06
1639591475, 3, 175, 289, 160, 0, 0.67%, 14, 0, 11, 1361.27
1639591480, 3, 184, 290, 159, 0, 0.67%, 14, 0, 11, 1377.60
1639591485, 3, 206, 290, 158, 0, 0.67%, 14, 0, 11, 1385.38
1639591490, 3, 211, 290, 158, 0, 0.67%, 14, 0, 11, 1400.51
1639591495, 3, 291, 294, 160, 1, 0.67%, 14, 0, 11, 1383.99
1639591506, 4, 34, 294, 157, 0, 0.67%, 14, 0, 11, 1419.47
1639591511, 4, 53, 294, 156, 0, 0.67%, 14, 0, 11, 1433.04
1639591516, 4, 70, 295, 155, 0, 0.67%, 14, 0, 11, 1440.80
1639591521, 4, 104, 295, 151, 0, 0.67%, 14, 0, 11, 1371.41
1639591526, 4, 122, 295, 149, 0, 0.67%, 14, 0, 11, 1347.89
1639591531, 4, 140, 295, 144, 0, 0.67%, 14, 0, 11, 1288.61
