# unix_time, cycles_done, cur_path, paths_total, pending_total, pending_favs, map_size, unique_crashes, unique_hangs, max_depth, execs_per_sec
1639486081, 0, 0, 1, 1, 1, 0.12%, 0, 0, 1, 1600.00
1639486086, 0, 0, 73, 73, 1, 0.43%, 4, 0, 2, 1404.23
1639486092, 0, 5, 92, 90, 39, 0.46%, 4, 0, 3, 1426.89
1639486097, 0, 19, 116, 110, 39, 0.49%, 4, 0, 3, 1418.92
1639486102, 0, 49, 139, 118, 25, 0.51%, 4, 0, 3, 1412.26
1639486107, 0, 72, 149, 120, 19, 0.52%, 6, 0, 3, 1406.59
1639486112, 0, 91, 161, 127, 15, 0.53%, 6, 0, 4, 1409.57
1639486117, 0, 122, 167, 128, 12, 0.54%, 6, 0, 4, 1419.16
1639486122, 0, 127, 173, 132, 13, 0.55%, 6, 0, 4, 1429.77
1639486127, 0, 148, 180, 134, 11, 0.60%, 7, 0, 4, 1391.07
1639486132, 0, 153, 184, 137, 10, 0.60%, 7, 0, 5, 1409.32
1639486137, 0, 157, 195, 147, 10, 0.62%, 8, 0, 5, 1435.55
1639486142, 0, 170, 201, 151, 15, 0.63%, 8, 0, 5, 1451.45
1639486147, 0, 172, 204, 152, 14, 0.63%, 8, 0, 5, 1425.18
1639486152, 0, 183, 210, 154, 10, 0.63%, 8, 0, 6, 1441.69
1639486157, 0, 185, 215, 158, 10, 0.63%, 8, 0, 6, 1440.27
1639486162, 0, 186, 220, 162, 9, 0.64%, 10, 0, 6, 1436.27
1639486167, 0, 191, 226, 166, 8, 0.64%, 11, 0, 6, 1441.78
1639486172, 0, 196, 234, 171, 12, 0.67%, 11, 0, 6, 1417.95
1639486177, 0, 201, 236, 171, 10, 0.67%, 11, 0, 6, 1455.96
1639486182, 0, 219, 239, 172, 8, 0.67%, 11, 0, 7, 1417.67
1639486187, 0, 223, 241, 172, 7, 0.67%, 11, 0, 7, 1436.65
1639486193, 0, 227, 244, 171, 5, 0.68%, 11, 0, 7, 1438.58
1639486198, 0, 228, 247, 173, 9, 0.69%, 11, 0, 7, 1448.23
1639486203, 0, 238, 253, 177, 8, 0.69%, 12, 0, 8, 1447.02
1639486208, 0, 240, 258, 181, 8, 0.69%, 12, 0, 8, 1436.69
1639486213, 0, 244, 261, 181, 6, 0.69%, 12, 0, 8, 1420.75
1639486218, 0, 245, 265, 184, 6, 0.71%, 12, 0, 8, 1402.64
1639486223, 0, 253, 266, 182, 3, 0.71%, 12, 0, 8, 1441.23
1639486228, 0, 261, 270, 183, 1, 0.73%, 12, 0, 9, 1457.66
1639486233, 0, 266, 278, 190, 12, 0.75%, 13, 0, 9, 1444.61
1639486238, 0, 267, 282, 193, 11, 0.75%, 13, 0, 10, 1463.19
1639486243, 0, 270, 283, 191, 9, 0.75%, 13, 0, 10, 1458.30
1639486248, 0, 274, 283, 187, 5, 0.75%, 13, 0, 10, 1442.09
1639486253, 0, 277, 284, 185, 2, 0.75%, 13, 0, 10, 1452.10
1639486258, 0, 281, 288, 188, 1, 0.75%, 13, 0, 11, 1448.43
1639486263, 0, 283, 291, 190, 1, 0.75%, 13, 0, 11, 1454.04
1639486268, 0, 286, 292, 190, 1, 0.75%, 13, 0, 11, 1439.35
1639486274, 1, 29, 292, 182, 0, 0.75%, 13, 0, 11, 1455.79
1639486279, 1, 58, 295, 180, 0, 0.76%, 13, 0, 11, 1458.12
1639486284, 2, 44, 298, 181, 1, 0.76%, 14, 0, 11, 1438.63
1639486289, 2, 76, 298, 179, 0, 0.76%, 14, 0, 11, 1443.35
1639486294, 2, 91, 299, 176, 0, 0.76%, 14, 0, 11, 1460.66
1639486299, 2, 108, 300, 172, 0, 0.76%, 15, 0, 11, 1450.24
1639486304, 2, 140, 301, 167, 0, 0.76%, 15, 0, 11, 1451.26
1639486309, 2, 154, 302, 167, 0, 0.76%, 15, 0, 11, 1436.38
1639486314, 2, 164, 304, 165, 0, 0.76%, 15, 0, 11, 1444.12
1639486319, 2, 176, 304, 164, 0, 0.76%, 16, 0, 11, 1445.01
1639486324, 2, 185, 306, 164, 0, 0.76%, 16, 0, 11, 1468.99
1639486329, 2, 195, 306, 162, 0, 0.76%, 16, 0, 11, 1453.00
1639486334, 2, 210, 306, 161, 0, 0.76%, 16, 0, 11, 1430.16
1639486340, 2, 228, 306, 159, 0, 0.76%, 16, 0, 11, 1441.52
1639486345, 2, 234, 307, 158, 0, 0.76%, 16, 0, 11, 1438.65
1639486350, 2, 241, 307, 156, 0, 0.76%, 16, 0, 11, 1428.25
1639486355, 2, 245, 309, 158, 0, 0.76%, 16, 0, 11, 1433.07
1639486360, 2, 249, 310, 159, 0, 0.76%, 16, 0, 11, 1419.10
1639486365, 2, 314, 315, 162, 1, 0.76%, 16, 0, 11, 1426.49
1639486370, 3, 33, 315, 158, 0, 0.76%, 16, 0, 11, 1416.72
1639486375, 3, 61, 315, 157, 0, 0.76%, 16, 0, 11, 1418.87
1639486380, 3, 85, 315, 154, 0, 0.76%, 16, 0, 11, 1934.08
