# unix_time, cycles_done, cur_path, paths_total, pending_total, pending_favs, map_size, unique_crashes, unique_hangs, max_depth, execs_per_sec
1639482420, 0, 0, 821, 821, 100, 0.89%, 0, 0, 1, 1306.03
1639482425, 0, 81, 821, 811, 93, 0.89%, 3, 0, 1, 1381.78
1639482430, 0, 154, 821, 798, 81, 0.89%, 6, 0, 1, 1418.53
1639482435, 0, 258, 821, 788, 71, 0.89%, 6, 0, 1, 1425.65
1639482440, 0, 320, 821, 776, 59, 0.89%, 6, 0, 1, 1417.24
1639482445, 0, 378, 821, 766, 50, 0.89%, 6, 0, 1, 1399.95
1639482450, 0, 463, 821, 758, 42, 0.89%, 6, 0, 1, 1411.09
1639482455, 0, 551, 821, 752, 36, 0.89%, 7, 0, 1, 1408.52
1639482460, 0, 587, 821, 744, 28, 0.89%, 7, 0, 1, 1417.18
1639482465, 0, 641, 821, 737, 21, 0.89%, 7, 0, 1, 1659.35
1639482471, 0, 690, 821, 730, 15, 0.89%, 7, 0, 1, 1480.29
1639482476, 0, 768, 821, 721, 7, 0.89%, 7, 0, 1, 1450.87
1639482481, 1, 3, 822, 712, 0, 0.89%, 7, 0, 2, 1430.30
1639482486, 1, 37, 822, 706, 0, 0.89%, 7, 0, 2, 1433.86
1639482491, 1, 69, 822, 697, 0, 0.89%, 7, 0, 2, 1430.11
1639482497, 1, 93, 822, 690, 0, 0.89%, 7, 0, 2, 1439.42
1639482502, 1, 114, 822, 685, 0, 0.89%, 7, 0, 2, 1441.07
1639482507, 1, 153, 822, 678, 0, 0.89%, 7, 0, 2, 1430.35
1639482512, 1, 180, 822, 674, 0, 0.89%, 7, 0, 2, 1436.38
1639482517, 1, 230, 822, 669, 0, 0.89%, 7, 0, 2, 1447.58
1639482522, 1, 265, 822, 664, 0, 0.89%, 8, 0, 2, 1453.81
1639482527, 1, 284, 822, 657, 0, 0.89%, 8, 0, 2, 1430.19
1639482532, 1, 311, 822, 651, 0, 0.89%, 8, 0, 2, 1432.96
1639482537, 1, 331, 822, 646, 0, 0.89%, 8, 0, 2, 1436.60
1639482542, 1, 352, 822, 642, 0, 0.89%, 8, 0, 2, 1421.61
1639482547, 1, 378, 822, 635, 0, 0.89%, 8, 0, 2, 1449.75
1639482553, 1, 405, 822, 629, 0, 0.89%, 8, 0, 2, 1436.52
1639482558, 1, 427, 822, 625, 0, 0.89%, 8, 0, 2, 1436.37
1639482563, 1, 463, 822, 618, 0, 0.89%, 9, 0, 2, 1416.73
1639482568, 1, 499, 822, 610, 0, 0.89%, 9, 0, 2, 1405.23
1639482573, 1, 527, 822, 605, 0, 0.89%, 9, 0, 2, 1410.55
1639482578, 1, 554, 822, 598, 0, 0.89%, 9, 0, 2, 1429.52
1639482583, 1, 571, 822, 595, 0, 0.89%, 9, 0, 2, 1423.55
1639482588, 2, 491, 822, 588, 0, 0.89%, 9, 0, 2, 1429.84
1639482593, 2, 519, 822, 583, 0, 0.89%, 9, 0, 2, 1435.92
1639482598, 2, 551, 822, 574, 0, 0.89%, 10, 0, 2, 1433.81
1639482603, 2, 569, 822, 572, 0, 0.89%, 10, 0, 2, 1419.06
1639482608, 2, 593, 822, 569, 0, 0.89%, 10, 0, 2, 1412.58
1639482613, 2, 611, 822, 565, 0, 0.89%, 10, 0, 2, 1402.10
1639482618, 2, 632, 822, 559, 0, 0.89%, 10, 0, 2, 1413.84
1639482623, 2, 658, 822, 554, 0, 0.89%, 10, 0, 2, 1429.74
1639482629, 2, 709, 822, 549, 0, 0.89%, 10, 0, 2, 1435.33
1639482634, 2, 747, 823, 547, 0, 0.89%, 10, 0, 2, 1436.79
1639482639, 2, 776, 823, 542, 0, 0.89%, 10, 0, 2, 1428.49
1639482644, 2, 806, 824, 535, 0, 0.89%, 10, 0, 2, 1377.53
1639482649, 2, 822, 827, 536, 0, 0.89%, 10, 0, 3, 1402.70
1639482654, 2, 828, 829, 537, 0, 0.89%, 10, 0, 3, 1412.80
1639482659, 3, 10, 829, 534, 0, 0.89%, 10, 0, 3, 1425.30
1639482664, 3, 51, 829, 529, 0, 0.89%, 10, 0, 3, 1384.80
1639482669, 3, 108, 829, 525, 0, 0.89%, 10, 0, 3, 1397.05
1639482674, 3, 137, 829, 518, 0, 0.89%, 10, 0, 3, 1443.65
1639482680, 3, 175, 829, 513, 0, 0.89%, 10, 0, 3, 1423.51
1639482685, 3, 208, 829, 507, 0, 0.89%, 10, 0, 3, 1439.24
1639482690, 3, 235, 829, 502, 0, 0.89%, 10, 0, 3, 1429.95
1639482695, 3, 270, 829, 496, 0, 0.89%, 10, 0, 3, 1450.90
1639482700, 3, 311, 829, 488, 0, 0.89%, 10, 0, 3, 1425.89
1639482705, 3, 337, 829, 486, 0, 0.89%, 10, 0, 3, 1444.73
1639482710, 3, 371, 829, 480, 0, 0.89%, 10, 0, 3, 1440.78
