# unix_time, cycles_done, cur_path, paths_total, pending_total, pending_favs, map_size, unique_crashes, unique_hangs, max_depth, execs_per_sec
1639510330, 0, 0, 422, 422, 79, 0.74%, 0, 0, 1, 1227.64
1639510335, 0, 66, 422, 414, 71, 0.74%, 3, 0, 1, 1358.91
1639510340, 0, 98, 422, 406, 64, 0.74%, 3, 0, 1, 1359.61
1639510345, 0, 129, 422, 398, 57, 0.74%, 3, 0, 1, 1336.08
1639510350, 0, 170, 422, 389, 49, 0.74%, 3, 0, 1, 1334.00
1639510355, 0, 203, 422, 378, 38, 0.74%, 3, 0, 1, 1341.50
1639510360, 0, 244, 423, 372, 32, 0.74%, 4, 0, 2, 1365.97
1639510365, 0, 281, 423, 362, 23, 0.74%, 4, 0, 2, 1373.18
1639510370, 0, 362, 423, 351, 13, 0.74%, 4, 0, 2, 1362.67
1639510375, 0, 405, 424, 343, 4, 0.74%, 4, 0, 2, 1363.40
1639510380, 1, 8, 424, 335, 0, 0.74%, 4, 0, 2, 1371.44
1639510386, 1, 38, 424, 329, 0, 0.74%, 4, 0, 2, 1345.75
1639510391, 1, 56, 425, 325, 0, 0.74%, 4, 0, 2, 1366.21
1639510396, 1, 86, 426, 321, 0, 0.74%, 6, 0, 2, 1371.63
1639510401, 1, 111, 426, 317, 0, 0.74%, 6, 0, 2, 1364.80
1639510406, 1, 139, 426, 316, 0, 0.74%, 7, 0, 2, 1353.76
1639510411, 1, 154, 426, 310, 0, 0.74%, 7, 0, 2, 1349.09
1639510416, 1, 167, 427, 306, 0, 0.74%, 7, 0, 2, 1333.15
1639510421, 1, 180, 428, 304, 0, 0.74%, 7, 0, 2, 1318.57
1639510426, 1, 200, 428, 299, 0, 0.74%, 7, 0, 2, 1355.85
1639510431, 1, 212, 428, 294, 0, 0.74%, 7, 0, 2, 1414.78
1639510436, 1, 342, 429, 288, 1, 0.76%, 7, 0, 2, 1443.54
1639510441, 2, 38, 429, 283, 0, 0.76%, 7, 0, 2, 1462.21
1639510447, 2, 73, 430, 282, 0, 0.76%, 8, 0, 2, 1444.64
1639510452, 2, 98, 430, 278, 0, 0.76%, 9, 0, 2, 1459.57
1639510457, 2, 125, 430, 275, 0, 0.76%, 9, 0, 2, 1476.94
1639510462, 2, 163, 430, 270, 0, 0.76%, 9, 0, 2, 1469.51
1639510467, 2, 172, 430, 268, 0, 0.76%, 9, 0, 2, 1466.11
1639510472, 2, 195, 430, 265, 0, 0.76%, 9, 0, 2, 1456.14
1639510477, 2, 213, 430, 262, 0, 0.76%, 9, 0, 2, 1474.48
1639510482, 2, 236, 431, 258, 0, 0.76%, 9, 0, 2, 1458.55
1639510487, 2, 261, 431, 252, 0, 0.76%, 9, 0, 2, 1427.99
1639510492, 2, 284, 431, 249, 0, 0.76%, 10, 0, 2, 1387.55
1639510497, 2, 314, 431, 243, 0, 0.76%, 10, 0, 2, 1370.48
1639510502, 2, 360, 431, 236, 0, 0.76%, 10, 0, 2, 1400.88
1639510508, 2, 384, 431, 232, 0, 0.76%, 10, 0, 2, 1431.03
1639510513, 2, 406, 431, 226, 0, 0.76%, 10, 0, 2, 1436.71
1639510518, 2, 424, 435, 224, 0, 0.79%, 12, 0, 3, 1404.51
1639510523, 2, 424, 436, 225, 0, 0.80%, 14, 0, 3, 1374.39
1639510528, 3, 1, 436, 221, 0, 0.80%, 14, 0, 3, 1391.74
1639510533, 3, 27, 436, 215, 0, 0.80%, 14, 0, 3, 1376.03
1639510538, 3, 48, 437, 214, 0, 0.80%, 14, 0, 3, 1388.92
1639510543, 3, 69, 437, 210, 0, 0.80%, 14, 0, 3, 1380.53
1639510548, 3, 437, 447, 216, 1, 0.82%, 14, 0, 3, 1410.57
1639510553, 3, 439, 451, 219, 6, 0.83%, 14, 0, 3, 1436.50
1639510558, 3, 441, 452, 219, 5, 0.83%, 14, 0, 4, 1467.31
1639510563, 3, 448, 455, 219, 4, 0.84%, 14, 0, 4, 1470.47
1639510569, 3, 448, 462, 226, 4, 0.85%, 14, 0, 4, 1441.92
1639510574, 3, 449, 465, 228, 6, 0.86%, 14, 0, 4, 1451.40
1639510579, 3, 452, 466, 228, 7, 0.86%, 14, 0, 4, 1443.75
1639510584, 3, 457, 470, 231, 6, 0.86%, 14, 0, 5, 1447.79
1639510589, 3, 461, 472, 232, 6, 0.86%, 14, 0, 5, 1459.83
1639510594, 3, 462, 472, 231, 5, 0.86%, 14, 0, 5, 1456.73
1639510599, 3, 463, 475, 233, 6, 0.86%, 14, 0, 5, 1441.59
1639510604, 3, 464, 475, 232, 5, 0.86%, 14, 0, 5, 1418.69
1639510609, 3, 466, 478, 234, 4, 0.86%, 14, 0, 6, 1402.57
1639510614, 3, 466, 481, 237, 4, 0.86%, 14, 0, 6, 1401.45
1639510619, 3, 469, 481, 236, 6, 0.86%, 14, 0, 6, 1353.10
1639510624, 3, 473, 482, 235, 4, 0.86%, 14, 0, 6, 1301.31
