# unix_time, cycles_done, cur_path, paths_total, pending_total, pending_favs, map_size, unique_crashes, unique_hangs, max_depth, execs_per_sec
1639589138, 0, 0, 474, 474, 92, 0.86%, 0, 0, 1, 1070.58
1639589143, 0, 38, 474, 466, 84, 0.86%, 3, 0, 1, 1227.32
1639589148, 0, 64, 475, 461, 78, 0.86%, 5, 0, 2, 1170.06
1639589153, 0, 126, 475, 451, 68, 0.86%, 5, 0, 2, 1178.84
1639589158, 0, 149, 475, 442, 60, 0.86%, 5, 0, 2, 1103.21
1639589163, 0, 197, 475, 435, 54, 0.86%, 5, 0, 2, 1060.35
1639589168, 0, 222, 476, 431, 50, 0.86%, 5, 0, 2, 1044.31
1639589173, 0, 250, 476, 423, 42, 0.86%, 5, 0, 2, 998.45
1639589179, 0, 271, 476, 415, 34, 0.86%, 6, 0, 2, 974.29
1639589184, 0, 286, 481, 416, 31, 0.86%, 6, 0, 2, 824.33
1639589194, 0, 292, 482, 415, 29, 0.86%, 6, 0, 2, 831.32
1639589199, 0, 321, 482, 409, 25, 0.86%, 6, 0, 2, 831.62
1639589204, 0, 343, 482, 405, 21, 0.86%, 7, 0, 2, 762.45
1639589210, 0, 380, 482, 398, 14, 0.86%, 7, 0, 2, 924.48
1639589215, 0, 427, 482, 390, 6, 0.86%, 7, 0, 2, 1141.49
1639589220, 0, 462, 482, 385, 2, 0.86%, 7, 0, 2, 1266.31
1639589225, 1, 11, 482, 378, 0, 0.86%, 7, 0, 2, 1323.11
1639589230, 1, 34, 482, 376, 0, 0.86%, 7, 0, 2, 1346.31
1639589235, 1, 48, 485, 377, 0, 0.86%, 7, 0, 2, 1388.83
1639589240, 1, 61, 485, 375, 0, 0.86%, 7, 0, 2, 1357.82
1639589245, 1, 91, 485, 370, 0, 0.86%, 7, 0, 2, 1399.43
1639589251, 1, 129, 485, 365, 0, 0.86%, 7, 0, 2, 1392.20
1639589256, 1, 156, 485, 363, 0, 0.86%, 8, 0, 2, 1391.30
1639589261, 1, 181, 485, 355, 0, 0.86%, 8, 0, 2, 1385.90
1639589266, 1, 197, 487, 351, 0, 0.86%, 8, 0, 2, 1344.60
1639589271, 1, 209, 487, 347, 0, 0.86%, 9, 0, 2, 1282.66
1639589276, 1, 222, 487, 343, 0, 0.86%, 10, 0, 2, 1330.83
1639589281, 1, 250, 487, 340, 0, 0.86%, 10, 0, 2, 1351.03
1639589286, 1, 271, 487, 335, 0, 0.86%, 12, 0, 2, 1306.90
1639589291, 1, 288, 488, 331, 0, 0.86%, 12, 0, 2, 1313.81
1639589296, 1, 310, 488, 329, 0, 0.86%, 12, 0, 2, 1349.44
1639589301, 1, 345, 488, 326, 0, 0.86%, 12, 0, 2, 1282.33
1639589306, 1, 368, 488, 321, 0, 0.86%, 12, 0, 2, 1319.96
1639589312, 1, 394, 488, 318, 0, 0.86%, 12, 0, 2, 1294.54
1639589317, 2, 11, 489, 314, 0, 0.87%, 12, 0, 2, 1283.68
1639589322, 2, 36, 489, 312, 0, 0.87%, 12, 0, 2, 1263.85
1639589327, 2, 49, 489, 309, 0, 0.87%, 12, 0, 2, 1273.41
1639589332, 2, 64, 490, 307, 0, 0.87%, 12, 0, 2, 1223.18
1639589337, 2, 490, 496, 310, 2, 0.88%, 12, 0, 4, 1250.47
1639589348, 2, 492, 498, 310, 4, 0.88%, 12, 0, 4, 1239.00
1639589353, 2, 493, 498, 309, 3, 0.88%, 12, 0, 4, 1261.50
1639589358, 2, 494, 498, 308, 2, 0.88%, 12, 0, 4, 1306.96
1639589363, 2, 495, 498, 307, 1, 0.88%, 12, 0, 4, 1308.18
1639589368, 2, 496, 498, 306, 0, 0.88%, 13, 0, 4, 1288.29
1639589373, 2, 497, 498, 305, 0, 0.88%, 13, 0, 4, 1281.20
1639589378, 3, 25, 498, 300, 0, 0.88%, 13, 0, 4, 1202.93
1639589383, 3, 38, 498, 299, 0, 0.88%, 13, 0, 4, 1179.09
1639589388, 3, 68, 498, 297, 0, 0.88%, 13, 0, 4, 1200.39
1639589393, 3, 97, 498, 290, 0, 0.88%, 13, 0, 4, 1280.69
1639589399, 3, 120, 498, 287, 0, 0.88%, 13, 0, 4, 1316.16
1639589404, 3, 146, 498, 283, 0, 0.88%, 13, 0, 4, 1275.03
1639589409, 3, 170, 498, 279, 0, 0.88%, 13, 0, 4, 1241.16
1639589414, 3, 193, 498, 275, 0, 0.88%, 13, 0, 4, 1216.24
1639589419, 3, 277, 499, 273, 1, 0.88%, 13, 0, 4, 1230.25
1639589424, 3, 498, 503, 274, 1, 0.88%, 13, 0, 4, 1415.07
1639589429, 3, 499, 503, 273, 1, 0.88%, 13, 0, 4, 1309.48
