# unix_time, cycles_done, cur_path, paths_total, pending_total, pending_favs, map_size, unique_crashes, unique_hangs, max_depth, execs_per_sec
1639589750, 0, 0, 513, 513, 92, 0.88%, 0, 0, 1, 600.88
1639589755, 0, 7, 513, 510, 89, 0.88%, 2, 0, 1, 386.64
1639589761, 0, 24, 513, 506, 85, 0.88%, 2, 0, 1, 606.17
1639589766, 0, 46, 513, 503, 82, 0.88%, 2, 0, 1, 685.68
1639589771, 0, 54, 513, 498, 77, 0.88%, 2, 0, 1, 752.23
1639589776, 0, 78, 513, 494, 73, 0.88%, 4, 0, 1, 821.16
1639589781, 0, 99, 513, 489, 68, 0.88%, 4, 0, 1, 872.04
1639589786, 0, 143, 513, 482, 61, 0.88%, 5, 0, 1, 938.72
1639589791, 0, 170, 514, 476, 55, 0.88%, 5, 0, 2, 1019.24
1639589796, 0, 246, 514, 469, 48, 0.88%, 6, 0, 2, 1098.31
1639589801, 0, 291, 514, 459, 39, 0.88%, 7, 0, 2, 1212.39
1639589807, 0, 329, 515, 449, 29, 0.88%, 7, 0, 2, 1272.69
1639589812, 0, 381, 515, 442, 22, 0.88%, 8, 0, 2, 1220.29
1639589817, 0, 437, 515, 430, 11, 0.88%, 8, 0, 2, 1311.79
1639589822, 0, 496, 515, 421, 2, 0.88%, 9, 0, 2, 1344.09
1639589827, 1, 8, 515, 416, 0, 0.88%, 9, 0, 2, 1354.38
1639589832, 1, 32, 515, 410, 0, 0.88%, 9, 0, 2, 1313.32
1639589837, 1, 46, 516, 407, 0, 0.88%, 10, 0, 2, 1221.00
1639589842, 2, 0, 516, 403, 0, 0.88%, 10, 0, 2, 1254.84
1639589847, 2, 17, 516, 401, 0, 0.88%, 10, 0, 2, 1304.29
1639589852, 2, 38, 516, 395, 0, 0.88%, 10, 0, 2, 1271.96
1639589857, 2, 289, 519, 396, 1, 0.89%, 10, 0, 2, 1302.32
1639589862, 2, 517, 521, 394, 1, 0.89%, 10, 0, 3, 1304.68
1639589867, 2, 521, 529, 400, 2, 0.90%, 10, 0, 4, 1341.45
1639589878, 2, 528, 529, 398, 0, 0.90%, 10, 0, 4, 1367.77
1639589883, 3, 9, 529, 397, 0, 0.90%, 10, 0, 4, 1392.69
1639589888, 3, 42, 529, 396, 0, 0.90%, 10, 0, 4, 1374.01
1639589893, 3, 63, 529, 396, 0, 0.90%, 10, 0, 4, 1393.38
1639589898, 3, 95, 529, 393, 0, 0.90%, 10, 0, 4, 1404.93
1639589903, 3, 115, 529, 389, 0, 0.90%, 11, 0, 4, 1342.42
1639589908, 3, 137, 529, 383, 0, 0.90%, 11, 0, 4, 1398.16
1639589913, 3, 160, 529, 381, 0, 0.90%, 11, 0, 4, 1365.55
1639589918, 3, 188, 529, 378, 0, 0.90%, 11, 0, 4, 1398.52
1639589924, 3, 215, 529, 370, 0, 0.90%, 11, 0, 4, 1415.86
1639589929, 3, 246, 529, 362, 0, 0.90%, 11, 0, 4, 1405.05
1639589934, 3, 278, 529, 356, 0, 0.90%, 11, 0, 4, 1418.58
1639589939, 3, 300, 529, 353, 0, 0.90%, 12, 0, 4, 1412.99
1639589944, 3, 337, 531, 352, 0, 0.90%, 12, 0, 4, 1362.29
1639589949, 3, 357, 531, 348, 0, 0.90%, 12, 0, 4, 1317.26
1639589954, 3, 390, 531, 341, 0, 0.90%, 13, 0, 4, 1337.35
1639589959, 3, 430, 531, 334, 0, 0.90%, 13, 0, 4, 1413.22
1639589964, 3, 445, 531, 331, 0, 0.90%, 13, 0, 4, 1376.79
1639589970, 3, 474, 531, 326, 0, 0.90%, 14, 0, 4, 1341.89
1639589975, 3, 496, 531, 321, 0, 0.90%, 14, 0, 4, 1370.08
1639589980, 3, 521, 531, 318, 0, 0.90%, 14, 0, 4, 1392.67
1639589985, 3, 523, 532, 318, 0, 0.90%, 14, 0, 5, 1386.08
1639589990, 3, 528, 532, 317, 0, 0.90%, 15, 0, 5, 1371.80
1639589995, 4, 1, 532, 317, 0, 0.90%, 15, 0, 5, 1382.11
1639590000, 4, 38, 532, 315, 0, 0.90%, 15, 0, 5, 1388.10
1639590005, 4, 58, 532, 312, 0, 0.90%, 15, 0, 5, 1395.17
1639590010, 4, 80, 532, 309, 0, 0.90%, 15, 0, 5, 1337.02
1639590015, 4, 97, 532, 306, 0, 0.90%, 15, 0, 5, 1314.08
1639590020, 4, 136, 532, 302, 0, 0.90%, 15, 0, 5, 1322.34
1639590025, 4, 155, 533, 298, 0, 0.90%, 15, 0, 5, 1670.48
1639590030, 4, 172, 533, 296, 0, 0.90%, 15, 0, 5, 1346.31
1639590036, 4, 216, 533, 290, 0, 0.90%, 15, 0, 5, 1354.35
1639590041, 4, 242, 533, 284, 0, 0.90%, 15, 0, 5, 1318.96
