# unix_time, cycles_done, cur_path, paths_total, pending_total, pending_favs, map_size, unique_crashes, unique_hangs, max_depth, execs_per_sec
1639519070, 0, 0, 1, 1, 1, 0.12%, 0, 0, 1, 1142.86
1639519075, 0, 0, 86, 86, 1, 0.46%, 3, 0, 2, 1359.98
1639519080, 0, 7, 117, 115, 39, 0.48%, 3, 0, 3, 1410.31
1639519086, 0, 15, 128, 121, 37, 0.48%, 3, 0, 3, 1433.26
1639519091, 0, 33, 143, 127, 31, 0.52%, 4, 0, 3, 1405.30
1639519096, 0, 66, 152, 123, 20, 0.52%, 4, 0, 3, 1408.46
1639519101, 0, 70, 160, 130, 19, 0.52%, 4, 0, 3, 1398.79
1639519106, 0, 104, 166, 128, 13, 0.53%, 4, 0, 3, 1447.04
1639519111, 0, 144, 174, 130, 10, 0.54%, 4, 0, 4, 1441.26
1639519116, 0, 172, 182, 131, 5, 0.55%, 5, 0, 5, 1434.81
1639519121, 0, 172, 183, 132, 5, 0.55%, 5, 0, 5, 1438.93
1639519126, 0, 173, 190, 138, 6, 0.55%, 5, 0, 5, 1444.37
1639519131, 0, 177, 193, 138, 6, 0.56%, 5, 0, 5, 1426.15
1639519137, 0, 186, 204, 146, 4, 0.58%, 5, 0, 6, 1436.63
1639519142, 0, 194, 214, 155, 8, 0.60%, 5, 0, 7, 1443.22
1639519147, 0, 200, 219, 158, 7, 0.60%, 5, 0, 7, 1456.06
1639519152, 0, 200, 225, 164, 7, 0.60%, 6, 0, 7, 1452.98
1639519157, 0, 210, 229, 165, 5, 0.61%, 6, 0, 7, 1440.20
1639519162, 0, 210, 230, 166, 5, 0.61%, 6, 0, 7, 1437.65
1639519167, 0, 211, 233, 168, 8, 0.61%, 6, 0, 7, 1463.66
1639519172, 0, 217, 238, 171, 7, 0.61%, 6, 0, 8, 1432.28
1639519177, 0, 220, 243, 175, 9, 0.61%, 6, 0, 8, 1438.95
1639519182, 0, 226, 251, 182, 9, 0.65%, 6, 0, 8, 1436.33
1639519187, 0, 232, 254, 181, 12, 0.65%, 6, 0, 8, 1435.15
1639519192, 0, 238, 255, 180, 10, 0.65%, 6, 0, 9, 1431.30
1639519197, 0, 247, 258, 179, 7, 0.65%, 6, 0, 9, 1430.11
1639519202, 0, 248, 262, 182, 8, 0.66%, 6, 0, 9, 1415.77
1639519208, 0, 251, 265, 182, 6, 0.67%, 6, 0, 9, 1438.37
1639519213, 0, 258, 269, 184, 4, 0.67%, 6, 0, 10, 1429.31
1639519218, 0, 258, 271, 186, 4, 0.67%, 6, 0, 10, 1433.14
1639519223, 0, 268, 275, 189, 3, 0.67%, 6, 0, 11, 1406.54
1639519228, 0, 270, 278, 191, 3, 0.67%, 6, 0, 11, 1379.30
1639519233, 0, 278, 281, 192, 2, 0.71%, 6, 0, 12, 1429.81
1639519238, 0, 279, 284, 194, 5, 0.71%, 6, 0, 12, 1440.65
1639519243, 0, 281, 293, 202, 4, 0.73%, 6, 0, 13, 1438.94
1639519248, 0, 285, 299, 205, 9, 0.74%, 7, 0, 14, 1436.91
1639519253, 0, 288, 302, 205, 8, 0.74%, 7, 0, 14, 1420.56
1639519258, 0, 294, 304, 204, 5, 0.74%, 7, 0, 14, 1440.99
1639519263, 0, 301, 304, 202, 3, 0.74%, 7, 0, 14, 1444.69
1639519268, 0, 303, 307, 204, 2, 0.74%, 7, 0, 15, 1435.85
1639519273, 1, 216, 307, 200, 0, 0.74%, 7, 0, 15, 1437.59
1639519278, 1, 227, 307, 200, 0, 0.74%, 7, 0, 15, 1390.73
1639519283, 1, 233, 309, 202, 0, 0.74%, 7, 0, 15, 1718.33
1639519288, 1, 309, 312, 203, 1, 0.74%, 7, 0, 15, 1819.32
1639519294, 1, 309, 313, 204, 1, 0.74%, 7, 0, 15, 1497.07
1639519299, 2, 18, 313, 198, 0, 0.74%, 7, 0, 15, 1413.80
1639519304, 2, 50, 313, 192, 0, 0.74%, 7, 0, 15, 1436.11
1639519309, 2, 73, 313, 188, 0, 0.74%, 7, 0, 15, 1417.23
1639519314, 2, 101, 313, 183, 0, 0.74%, 7, 0, 15, 1435.09
1639519319, 2, 124, 313, 177, 0, 0.74%, 7, 0, 15, 1434.45
1639519324, 2, 141, 314, 174, 0, 0.74%, 7, 0, 15, 1433.74
1639519329, 2, 160, 314, 170, 0, 0.74%, 7, 0, 15, 1431.14
1639519334, 2, 175, 314, 169, 0, 0.74%, 7, 0, 15, 1436.62
1639519339, 2, 187, 314, 168, 0, 0.74%, 7, 0, 15, 1428.20
1639519345, 2, 201, 316, 166, 0, 0.74%, 7, 0, 15, 1429.16
1639519350, 2, 221, 316, 164, 0, 0.74%, 7, 0, 15, 1446.29
1639519355, 2, 227, 317, 162, 0, 0.74%, 7, 0, 15, 1394.76
1639519360, 2, 242, 317, 162, 0, 0.74%, 7, 0, 15, 1370.82
1639519365, 2, 249, 318, 163, 0, 0.74%, 7, 0, 15, 1388.52
1639519370, 2, 254, 319, 164, 0, 0.74%, 8, 0, 15, 1424.22
