# unix_time, cycles_done, cur_path, paths_total, pending_total, pending_favs, map_size, unique_crashes, unique_hangs, max_depth, execs_per_sec
1639595041, 0, 0, 806, 806, 80, 0.85%, 0, 0, 1, 1082.79
1639595046, 0, 51, 806, 798, 72, 0.85%, 3, 0, 1, 1237.64
1639595052, 0, 98, 806, 792, 66, 0.85%, 3, 0, 1, 1253.53
1639595057, 0, 231, 806, 783, 58, 0.85%, 3, 0, 1, 1286.48
1639595062, 0, 317, 806, 775, 52, 0.85%, 4, 0, 1, 1317.53
1639595067, 0, 410, 806, 764, 41, 0.85%, 4, 0, 1, 1319.89
1639595072, 0, 558, 806, 754, 31, 0.85%, 4, 0, 1, 1312.12
1639595077, 0, 615, 806, 747, 25, 0.85%, 6, 0, 1, 1317.66
1639595082, 0, 648, 806, 736, 15, 0.85%, 8, 0, 1, 1309.75
1639595087, 0, 721, 807, 729, 7, 0.85%, 9, 0, 2, 1315.78
1639595092, 1, 19, 807, 721, 0, 0.85%, 9, 0, 2, 1322.93
1639595097, 1, 42, 808, 716, 0, 0.85%, 9, 0, 2, 1319.20
1639595102, 1, 57, 808, 711, 0, 0.85%, 10, 0, 2, 1276.78
1639595107, 1, 86, 808, 706, 0, 0.85%, 11, 0, 2, 1274.02
1639595112, 1, 96, 808, 702, 0, 0.85%, 11, 0, 2, 1203.84
1639595117, 1, 113, 808, 697, 0, 0.85%, 11, 0, 2, 1176.41
1639595123, 1, 146, 808, 690, 0, 0.85%, 11, 0, 2, 1207.42
1639595128, 1, 163, 808, 682, 0, 0.85%, 12, 0, 2, 1242.70
1639595133, 1, 196, 808, 675, 0, 0.85%, 12, 0, 2, 1256.45
1639595138, 1, 220, 808, 669, 0, 0.85%, 13, 0, 2, 1263.05
1639595143, 1, 258, 808, 662, 0, 0.85%, 13, 0, 2, 1270.52
1639595149, 1, 412, 808, 655, 0, 0.85%, 13, 0, 2, 1281.63
1639595154, 1, 443, 808, 648, 0, 0.85%, 14, 0, 2, 1560.19
1639595159, 1, 465, 808, 642, 0, 0.85%, 14, 0, 2, 1333.71
1639595164, 1, 494, 808, 636, 0, 0.85%, 14, 0, 2, 1302.34
1639595169, 1, 536, 808, 628, 0, 0.85%, 14, 0, 2, 1285.03
1639595174, 1, 556, 808, 622, 0, 0.85%, 14, 0, 2, 1291.11
1639595179, 1, 578, 808, 617, 0, 0.85%, 14, 0, 2, 1315.57
1639595184, 1, 622, 808, 610, 0, 0.85%, 14, 0, 2, 1354.12
1639595189, 1, 642, 808, 605, 0, 0.85%, 14, 0, 2, 1384.11
1639595194, 1, 677, 808, 600, 0, 0.85%, 14, 0, 2, 1374.07
1639595200, 1, 702, 808, 594, 0, 0.85%, 14, 0, 2, 1346.49
1639595205, 1, 721, 809, 590, 0, 0.85%, 14, 0, 2, 1342.20
1639595210, 1, 741, 809, 583, 0, 0.85%, 14, 0, 2, 1351.43
1639595215, 1, 759, 809, 575, 0, 0.85%, 14, 0, 2, 1356.88
1639595220, 1, 781, 809, 569, 0, 0.85%, 14, 0, 2, 1308.81
1639595225, 1, 807, 811, 565, 0, 0.85%, 14, 0, 3, 1279.25
1639595230, 2, 13, 811, 560, 0, 0.85%, 14, 0, 3, 1208.78
1639595235, 2, 31, 811, 556, 0, 0.85%, 15, 0, 3, 1222.84
1639595240, 2, 57, 811, 551, 0, 0.85%, 15, 0, 3, 1226.87
1639595245, 2, 87, 811, 546, 0, 0.85%, 15, 0, 3, 1219.17
1639595250, 2, 113, 811, 545, 0, 0.85%, 15, 0, 3, 1161.71
1639595255, 2, 127, 811, 541, 0, 0.85%, 15, 0, 3, 1119.71
1639595261, 2, 161, 811, 536, 0, 0.85%, 15, 0, 3, 1126.15
1639595266, 2, 182, 811, 529, 0, 0.85%, 15, 0, 3, 1216.81
1639595271, 2, 211, 811, 526, 0, 0.85%, 15, 0, 3, 1287.33
1639595276, 2, 251, 811, 519, 0, 0.85%, 15, 0, 3, 1292.16
1639595281, 2, 553, 811, 513, 1, 0.85%, 15, 0, 3, 1285.78
1639595286, 2, 778, 811, 506, 0, 0.85%, 15, 0, 3, 1310.75
1639595291, 3, 10, 811, 500, 0, 0.85%, 15, 0, 3, 1327.62
1639595297, 3, 45, 811, 496, 0, 0.85%, 16, 0, 3, 1341.61
1639595302, 3, 76, 811, 492, 0, 0.85%, 16, 0, 3, 1338.49
1639595307, 3, 88, 811, 488, 0, 0.85%, 16, 0, 3, 1333.33
1639595312, 3, 115, 811, 485, 0, 0.85%, 16, 0, 3, 1344.43
1639595317, 3, 159, 811, 481, 0, 0.85%, 16, 0, 3, 1343.98
1639595322, 3, 206, 812, 479, 0, 0.85%, 16, 0, 3, 1287.40
1639595327, 3, 233, 812, 475, 0, 0.85%, 16, 0, 3, 1211.02
1639595332, 3, 260, 812, 471, 0, 0.85%, 16, 0, 3, 1091.41
