# unix_time, cycles_done, cur_path, paths_total, pending_total, pending_favs, map_size, unique_crashes, unique_hangs, max_depth, execs_per_sec
1639510325, 0, 0, 1, 1, 1, 0.11%, 0, 0, 1, 2000.00
1639510330, 0, 0, 84, 84, 1, 0.41%, 2, 0, 2, 1753.11
1639510335, 0, 14, 103, 101, 33, 0.45%, 6, 0, 3, 1440.36
1639510340, 0, 27, 109, 100, 32, 0.45%, 6, 0, 3, 1364.69
1639510345, 0, 27, 126, 117, 32, 0.49%, 6, 0, 3, 1326.09
1639510350, 0, 50, 137, 116, 25, 0.49%, 7, 0, 3, 1321.24
1639510355, 0, 70, 146, 116, 18, 0.50%, 7, 0, 3, 1343.38
1639510360, 0, 72, 154, 123, 20, 0.51%, 7, 0, 3, 1366.67
1639510365, 0, 102, 176, 140, 18, 0.53%, 7, 0, 4, 1360.03
1639510371, 0, 148, 183, 137, 10, 0.54%, 7, 0, 4, 1353.87
1639510376, 0, 160, 194, 146, 14, 0.55%, 8, 0, 4, 1341.33
1639510381, 0, 174, 196, 144, 11, 0.55%, 9, 0, 5, 1355.37
1639510386, 0, 184, 201, 146, 9, 0.56%, 9, 0, 5, 1375.06
1639510391, 0, 189, 205, 148, 10, 0.56%, 9, 0, 5, 1376.17
1639510396, 0, 189, 209, 152, 10, 0.57%, 9, 0, 5, 1377.99
1639510401, 0, 197, 212, 152, 12, 0.58%, 9, 0, 5, 1358.40
1639510406, 0, 203, 216, 153, 10, 0.58%, 9, 0, 6, 1335.97
1639510411, 0, 206, 219, 154, 8, 0.58%, 9, 0, 6, 1334.59
1639510416, 0, 211, 221, 152, 5, 0.59%, 9, 0, 6, 1319.56
1639510421, 0, 211, 227, 158, 5, 0.61%, 9, 0, 6, 1301.32
1639510426, 0, 222, 228, 156, 5, 0.61%, 11, 0, 7, 1346.77
1639510432, 0, 223, 233, 160, 4, 0.62%, 11, 0, 7, 1394.76
1639510437, 0, 234, 244, 167, 4, 0.67%, 11, 0, 9, 1447.31
1639510442, 0, 235, 250, 172, 13, 0.68%, 11, 0, 9, 1443.09
1639510447, 0, 238, 251, 170, 11, 0.68%, 11, 0, 10, 1454.56
1639510452, 0, 242, 252, 168, 7, 0.68%, 11, 0, 10, 1465.93
1639510457, 0, 249, 255, 168, 4, 0.68%, 11, 0, 10, 1475.98
1639510462, 0, 249, 256, 169, 4, 0.68%, 11, 0, 10, 1472.91
1639510467, 1, 43, 257, 166, 0, 0.68%, 12, 0, 11, 1469.16
1639510472, 1, 65, 257, 161, 0, 0.68%, 12, 0, 11, 1437.70
1639510477, 1, 257, 260, 162, 1, 0.68%, 12, 0, 11, 1476.47
1639510482, 1, 258, 264, 165, 0, 0.68%, 12, 0, 11, 1457.94
1639510487, 2, 14, 264, 160, 0, 0.68%, 12, 0, 11, 1439.64
1639510492, 2, 36, 265, 157, 0, 0.68%, 12, 0, 11, 1393.50
1639510497, 2, 265, 267, 155, 1, 0.68%, 12, 0, 11, 1385.12
1639510502, 3, 31, 269, 153, 1, 0.68%, 12, 0, 11, 1411.50
1639510508, 3, 268, 270, 152, 1, 0.68%, 12, 0, 11, 1428.48
1639510513, 3, 272, 273, 153, 0, 0.68%, 12, 0, 11, 1431.48
1639510518, 4, 17, 273, 149, 0, 0.68%, 12, 0, 11, 1420.31
1639510523, 4, 45, 273, 147, 0, 0.68%, 12, 0, 11, 1374.86
1639510528, 4, 72, 274, 145, 0, 0.68%, 12, 0, 11, 1393.51
1639510533, 4, 117, 274, 142, 0, 0.68%, 12, 0, 11, 1391.19
1639510538, 4, 155, 274, 137, 0, 0.68%, 12, 0, 11, 1385.01
1639510544, 4, 260, 276, 137, 1, 0.69%, 12, 0, 11, 1382.34
1639510549, 5, 25, 276, 135, 0, 0.69%, 13, 0, 11, 1418.07
1639510554, 5, 61, 276, 135, 0, 0.69%, 13, 0, 11, 1449.34
1639510559, 5, 276, 277, 134, 1, 0.69%, 13, 0, 11, 1466.61
1639510564, 6, 28, 277, 130, 0, 0.69%, 13, 0, 11, 1473.42
1639510569, 6, 61, 279, 132, 0, 0.69%, 13, 0, 11, 1467.46
1639510574, 6, 93, 280, 131, 0, 0.69%, 13, 0, 11, 1449.32
1639510579, 6, 280, 281, 130, 1, 0.69%, 13, 0, 11, 1441.65
1639510584, 7, 17, 281, 129, 0, 0.69%, 13, 0, 11, 1446.97
1639510589, 7, 53, 282, 129, 0, 0.69%, 13, 0, 11, 1459.99
1639510594, 7, 75, 282, 128, 0, 0.69%, 13, 0, 11, 1460.78
1639510599, 7, 139, 283, 126, 0, 0.69%, 13, 0, 11, 1445.73
1639510604, 7, 161, 283, 121, 0, 0.69%, 13, 0, 11, 1436.62
1639510609, 7, 174, 284, 121, 0, 0.69%, 13, 0, 11, 1412.07
1639510615, 7, 188, 285, 120, 0, 0.69%, 13, 0, 11, 1388.32
1639510620, 7, 194, 285, 117, 0, 0.69%, 13, 0, 11, 1356.50
1639510625, 7, 205, 286, 116, 0, 0.69%, 13, 0, 11, 1301.13
