# unix_time, cycles_done, cur_path, paths_total, pending_total, pending_favs, map_size, unique_crashes, unique_hangs, max_depth, execs_per_sec
1639521431, 0, 0, 953, 953, 104, 0.96%, 0, 0, 1, 989.23
1639521436, 0, 61, 953, 945, 97, 0.96%, 3, 0, 1, 1161.23
1639521441, 0, 135, 953, 935, 87, 0.96%, 3, 0, 1, 1228.92
1639521446, 0, 239, 953, 927, 80, 0.96%, 3, 0, 1, 1237.10
1639521451, 0, 288, 953, 918, 71, 0.96%, 3, 0, 1, 1234.65
1639521456, 0, 348, 953, 909, 63, 0.96%, 3, 0, 1, 1237.96
1639521461, 0, 461, 953, 901, 56, 0.96%, 3, 0, 1, 1262.96
1639521466, 0, 512, 953, 893, 49, 0.96%, 3, 0, 1, 1321.73
1639521471, 0, 604, 953, 884, 42, 0.96%, 4, 0, 1, 1356.40
1639521476, 0, 695, 953, 873, 32, 0.96%, 5, 0, 1, 1391.15
1639521482, 0, 827, 953, 858, 17, 0.96%, 5, 0, 1, 1788.72
1639521487, 0, 905, 953, 847, 6, 0.96%, 5, 0, 1, 1519.23
1639521492, 1, 6, 953, 838, 0, 0.96%, 8, 0, 1, 1438.14
1639521497, 1, 35, 953, 833, 0, 0.96%, 11, 0, 1, 1443.57
1639521502, 1, 66, 953, 825, 0, 0.96%, 11, 0, 1, 1409.01
1639521507, 1, 95, 953, 816, 0, 0.96%, 11, 0, 1, 1393.22
1639521512, 1, 123, 953, 808, 0, 0.96%, 13, 0, 1, 1389.63
1639521517, 1, 152, 953, 802, 0, 0.96%, 13, 0, 1, 1360.28
1639521522, 1, 185, 953, 793, 0, 0.96%, 13, 0, 1, 1325.38
1639521528, 1, 208, 953, 787, 0, 0.96%, 13, 0, 1, 1300.54
1639521533, 1, 239, 953, 783, 0, 0.96%, 13, 0, 1, 1312.27
1639521538, 1, 260, 953, 779, 0, 0.96%, 13, 0, 1, 1314.02
1639521543, 1, 293, 953, 774, 0, 0.96%, 13, 0, 1, 1314.06
1639521548, 1, 324, 953, 770, 0, 0.96%, 13, 0, 1, 1316.32
1639521553, 1, 346, 953, 763, 0, 0.96%, 13, 0, 1, 1307.88
1639521558, 1, 399, 953, 758, 0, 0.96%, 13, 0, 1, 1316.50
1639521563, 1, 453, 953, 752, 0, 0.96%, 13, 0, 1, 1349.00
1639521568, 1, 484, 953, 748, 0, 0.96%, 13, 0, 1, 1323.26
1639521574, 1, 508, 953, 742, 0, 0.96%, 13, 0, 1, 1331.82
1639521579, 1, 543, 953, 736, 0, 0.96%, 13, 0, 1, 1348.51
1639521584, 1, 560, 953, 731, 0, 0.96%, 13, 0, 1, 1319.97
1639521589, 1, 597, 953, 723, 0, 0.96%, 13, 0, 1, 1310.24
1639521594, 1, 629, 953, 718, 0, 0.96%, 13, 0, 1, 1309.50
1639521599, 1, 646, 953, 709, 0, 0.96%, 13, 0, 1, 1311.40
1639521604, 1, 662, 953, 703, 0, 0.96%, 13, 0, 1, 1285.33
1639521609, 1, 678, 953, 697, 0, 0.96%, 13, 0, 1, 1316.02
1639521615, 1, 707, 953, 691, 0, 0.96%, 13, 0, 1, 1363.40
1639521620, 1, 730, 953, 683, 0, 0.96%, 13, 0, 1, 1373.81
1639521625, 1, 759, 953, 675, 0, 0.96%, 13, 0, 1, 1424.65
1639521630, 1, 783, 953, 670, 0, 0.96%, 14, 0, 1, 1417.53
1639521635, 1, 823, 953, 664, 0, 0.96%, 15, 0, 1, 1430.76
1639521640, 1, 844, 953, 657, 0, 0.96%, 15, 0, 1, 1423.51
1639521645, 1, 865, 953, 650, 0, 0.96%, 17, 0, 1, 1372.42
1639521650, 1, 884, 953, 646, 0, 0.96%, 18, 0, 1, 1351.89
1639521655, 1, 900, 953, 638, 0, 0.96%, 18, 0, 1, 1359.37
1639521661, 1, 935, 953, 631, 0, 0.96%, 18, 0, 1, 1299.02
1639521666, 2, 337, 953, 623, 0, 0.96%, 18, 0, 1, 1266.23
1639521671, 2, 375, 953, 618, 0, 0.96%, 18, 0, 1, 1250.47
1639521676, 2, 403, 953, 614, 0, 0.96%, 18, 0, 1, 1240.55
1639521681, 2, 428, 953, 611, 0, 0.96%, 18, 0, 1, 1152.40
1639521686, 2, 455, 953, 604, 0, 0.96%, 18, 0, 1, 80.00
1639521691, 3, 210, 953, 598, 0, 0.96%, 18, 0, 1, 1178.87
1639521696, 3, 246, 953, 594, 0, 0.96%, 18, 0, 1, 1226.07
1639521701, 3, 264, 953, 589, 0, 0.96%, 18, 0, 1, 1238.33
1639521706, 3, 293, 953, 585, 0, 0.96%, 18, 0, 1, 1236.87
1639521711, 3, 316, 953, 581, 0, 0.96%, 18, 0, 1, 1275.79
1639521716, 3, 375, 953, 574, 0, 0.96%, 18, 0, 1, 1315.66
1639521721, 3, 408, 953, 569, 0, 0.96%, 18, 0, 1, 1318.21
