# unix_time, cycles_done, cur_path, paths_total, pending_total, pending_favs, map_size, unique_crashes, unique_hangs, max_depth, execs_per_sec
1639486686, 0, 0, 1, 1, 1, 0.12%, 0, 0, 1, 1333.33
1639486691, 0, 11, 99, 95, 37, 0.44%, 4, 0, 3, 1868.28
1639486696, 0, 25, 122, 112, 35, 0.47%, 5, 0, 3, 1497.20
1639486701, 0, 26, 140, 129, 35, 0.52%, 6, 0, 3, 1405.60
1639486706, 0, 42, 155, 133, 30, 0.53%, 6, 0, 3, 1403.62
1639486711, 0, 67, 161, 129, 20, 0.53%, 7, 0, 3, 1425.14
1639486716, 0, 133, 165, 122, 10, 0.54%, 7, 0, 4, 1412.78
1639486722, 0, 163, 174, 124, 6, 0.54%, 7, 0, 4, 1425.08
1639486727, 0, 173, 177, 123, 2, 0.54%, 7, 0, 5, 1430.13
1639486732, 1, 28, 180, 120, 1, 0.55%, 7, 0, 5, 1422.01
1639486737, 1, 182, 187, 125, 1, 0.55%, 7, 0, 6, 1409.61
1639486742, 1, 186, 197, 134, 6, 0.57%, 7, 0, 7, 1423.00
1639486747, 1, 186, 199, 136, 6, 0.57%, 7, 0, 7, 1428.41
1639486752, 1, 189, 202, 137, 4, 0.57%, 7, 0, 7, 1453.88
1639486757, 1, 191, 209, 142, 2, 0.58%, 7, 0, 7, 1453.42
1639486762, 1, 194, 210, 142, 6, 0.61%, 7, 0, 7, 1413.13
1639486767, 1, 207, 211, 140, 3, 0.61%, 7, 0, 8, 1424.63
1639486772, 1, 209, 219, 146, 2, 0.62%, 7, 0, 8, 1425.70
1639486777, 1, 212, 220, 146, 7, 0.62%, 7, 0, 8, 1442.88
1639486783, 1, 213, 224, 149, 6, 0.62%, 7, 0, 9, 1442.94
1639486788, 1, 217, 225, 147, 5, 0.62%, 7, 0, 9, 1441.94
1639486793, 1, 218, 228, 149, 4, 0.63%, 7, 0, 9, 1442.33
1639486798, 1, 219, 231, 151, 4, 0.63%, 7, 0, 9, 1420.35
1639486803, 1, 220, 239, 158, 4, 0.64%, 7, 0, 10, 1264.55
1639486808, 1, 227, 241, 159, 6, 0.64%, 7, 0, 10, 1405.47
1639486813, 1, 229, 242, 159, 6, 0.64%, 7, 0, 10, 1441.34
1639486818, 1, 231, 246, 162, 5, 0.65%, 7, 0, 11, 1443.52
1639486823, 1, 233, 253, 168, 5, 0.65%, 7, 0, 11, 1433.51
1639486828, 1, 235, 257, 171, 6, 0.65%, 7, 0, 11, 1391.93
1639486833, 1, 235, 259, 173, 6, 0.65%, 7, 0, 11, 1422.19
1639486838, 1, 241, 260, 172, 6, 0.65%, 8, 0, 11, 1434.69
1639486843, 1, 245, 265, 176, 5, 0.65%, 8, 0, 12, 1444.25
1639486848, 1, 248, 268, 178, 4, 0.65%, 8, 0, 12, 1423.03
1639486853, 1, 249, 274, 183, 4, 0.65%, 8, 0, 12, 1409.86
1639486864, 1, 259, 276, 183, 2, 0.65%, 9, 0, 12, 1411.78
1639486874, 1, 267, 277, 183, 1, 0.65%, 10, 0, 13, 1395.77
1639486879, 2, 30, 278, 179, 0, 0.65%, 10, 0, 13, 1398.67
1639486884, 2, 281, 283, 181, 0, 0.66%, 10, 0, 13, 1416.37
1639486889, 3, 28, 283, 178, 0, 0.66%, 11, 0, 13, 1370.85
1639486894, 3, 49, 283, 175, 0, 0.66%, 11, 0, 13, 1367.75
1639486899, 3, 74, 283, 171, 0, 0.66%, 11, 0, 13, 1436.70
1639486904, 3, 104, 284, 163, 0, 0.66%, 11, 0, 13, 1439.49
1639486909, 3, 123, 284, 157, 0, 0.66%, 11, 0, 13, 1415.97
1639486914, 3, 147, 284, 150, 0, 0.66%, 11, 0, 13, 1432.71
1639486919, 3, 169, 284, 147, 0, 0.66%, 11, 0, 13, 1422.34
1639486924, 3, 178, 285, 147, 0, 0.66%, 11, 0, 13, 1422.69
1639486929, 3, 192, 285, 146, 0, 0.66%, 11, 0, 13, 1430.05
1639486935, 3, 207, 286, 145, 0, 0.66%, 11, 0, 13, 1448.35
1639486940, 3, 212, 287, 145, 0, 0.66%, 11, 0, 13, 1424.22
1639486945, 4, 20, 288, 144, 0, 0.66%, 11, 0, 13, 1434.83
1639486950, 4, 49, 289, 143, 0, 0.66%, 11, 0, 13, 1437.01
1639486955, 4, 80, 289, 140, 0, 0.66%, 11, 0, 13, 1421.75
1639486960, 4, 106, 289, 133, 0, 0.66%, 11, 0, 13, 1422.18
1639486965, 4, 142, 289, 128, 0, 0.66%, 11, 0, 13, 1438.61
1639486971, 4, 169, 289, 123, 0, 0.66%, 11, 0, 13, 1416.30
1639486976, 4, 181, 291, 124, 0, 0.66%, 11, 0, 13, 1439.83
1639486981, 4, 191, 292, 124, 0, 0.66%, 11, 0, 13, 1459.57
1639486986, 4, 204, 292, 122, 0, 0.66%, 11, 0, 13, 1442.41
