# unix_time, cycles_done, cur_path, paths_total, pending_total, pending_favs, map_size, unique_crashes, unique_hangs, max_depth, execs_per_sec
1639438055, 0, 0, 713, 713, 96, 0.91%, 0, 0, 1, 1203.38
1639438060, 0, 82, 713, 700, 85, 0.91%, 0, 0, 1, 1386.19
1639438065, 0, 138, 713, 691, 77, 0.91%, 2, 0, 1, 1453.79
1639438070, 0, 203, 713, 682, 68, 0.91%, 2, 0, 1, 1454.71
1639438075, 0, 279, 713, 673, 60, 0.91%, 3, 0, 1, 1451.05
1639438080, 0, 330, 713, 664, 51, 0.91%, 3, 0, 1, 1461.34
1639438086, 0, 416, 713, 652, 40, 0.91%, 4, 0, 1, 1635.31
1639438091, 0, 483, 713, 642, 30, 0.91%, 5, 0, 1, 1465.84
1639438096, 0, 523, 713, 635, 23, 0.91%, 5, 0, 1, 1446.29
1639438101, 0, 586, 714, 626, 14, 0.91%, 6, 0, 2, 1430.44
1639438106, 0, 649, 714, 616, 5, 0.91%, 8, 0, 2, 1404.67
1639438111, 1, 2, 714, 608, 0, 0.91%, 8, 0, 2, 1327.67
1639438116, 1, 23, 714, 601, 0, 0.91%, 8, 0, 2, 1304.58
1639438121, 1, 56, 714, 596, 0, 0.91%, 8, 0, 2, 1388.17
1639438126, 1, 75, 714, 589, 0, 0.91%, 8, 0, 2, 1411.12
1639438131, 1, 92, 714, 586, 0, 0.91%, 8, 0, 2, 811.06
1639438136, 1, 113, 714, 581, 0, 0.91%, 8, 0, 2, 663.12
1639438141, 1, 131, 714, 574, 0, 0.91%, 8, 0, 2, 1302.55
1639438146, 1, 162, 714, 571, 0, 0.91%, 8, 0, 2, 1163.69
1639438151, 1, 175, 714, 567, 0, 0.91%, 8, 0, 2, 1157.89
1639438156, 1, 180, 714, 565, 0, 0.91%, 8, 0, 2, 214.98
1639438162, 1, 187, 714, 563, 0, 0.91%, 8, 0, 2, 551.41
1639438167, 1, 205, 714, 557, 0, 0.91%, 8, 0, 2, 1205.79
1639438172, 1, 247, 714, 553, 0, 0.91%, 8, 0, 2, 1354.92
1639438177, 1, 279, 714, 546, 0, 0.91%, 8, 0, 2, 1388.56
1639438182, 1, 303, 714, 539, 0, 0.91%, 8, 0, 2, 1417.41
1639438188, 1, 330, 714, 536, 0, 0.91%, 8, 0, 2, 1404.52
1639438193, 1, 359, 714, 531, 0, 0.91%, 8, 0, 2, 1346.78
1639438198, 1, 380, 714, 527, 0, 0.91%, 8, 0, 2, 702.35
1639438203, 1, 402, 714, 524, 0, 0.91%, 11, 0, 2, 1053.30
1639438208, 1, 426, 714, 519, 0, 0.91%, 11, 0, 2, 474.57
1639438213, 1, 452, 714, 516, 0, 0.91%, 11, 0, 2, 923.22
1639438218, 1, 477, 714, 510, 0, 0.91%, 11, 0, 2, 1274.84
1639438223, 1, 497, 714, 505, 0, 0.91%, 11, 0, 2, 1404.21
1639438228, 1, 514, 714, 499, 0, 0.91%, 11, 0, 2, 1424.80
1639438233, 1, 539, 714, 495, 0, 0.91%, 11, 0, 2, 1411.28
1639438238, 1, 566, 714, 489, 0, 0.91%, 11, 0, 2, 1432.13
1639438243, 1, 588, 714, 486, 0, 0.91%, 11, 0, 2, 1437.55
1639438248, 1, 615, 714, 479, 0, 0.91%, 11, 0, 2, 1426.66
1639438254, 1, 632, 714, 470, 0, 0.91%, 11, 0, 2, 1437.45
1639438259, 1, 652, 714, 466, 0, 0.91%, 11, 0, 2, 1409.81
1639438264, 1, 690, 714, 459, 0, 0.91%, 12, 0, 2, 1423.85
1639438269, 2, 17, 714, 452, 0, 0.91%, 12, 0, 2, 1447.47
1639438274, 2, 57, 714, 446, 0, 0.91%, 12, 0, 2, 1443.13
1639438279, 2, 83, 714, 442, 0, 0.91%, 12, 0, 2, 1435.24
1639438284, 2, 124, 714, 436, 0, 0.91%, 12, 0, 2, 1439.53
1639438289, 2, 149, 714, 431, 0, 0.91%, 12, 0, 2, 1436.15
1639438294, 2, 172, 714, 426, 0, 0.91%, 12, 0, 2, 1430.28
1639438299, 2, 207, 714, 424, 0, 0.91%, 12, 0, 2, 1416.76
1639438305, 2, 234, 714, 418, 0, 0.91%, 13, 0, 2, 1423.77
1639438310, 2, 279, 714, 415, 0, 0.91%, 13, 0, 2, 1449.89
1639438315, 2, 315, 714, 413, 0, 0.91%, 13, 0, 2, 1436.40
1639438320, 2, 341, 714, 410, 0, 0.91%, 13, 0, 2, 1404.91
1639438325, 2, 365, 714, 405, 0, 0.91%, 13, 0, 2, 1432.34
1639438330, 2, 380, 714, 399, 0, 0.91%, 13, 0, 2, 1428.76
1639438335, 2, 415, 714, 396, 0, 0.91%, 13, 0, 2, 1431.79
1639438340, 2, 431, 714, 391, 0, 0.91%, 13, 0, 2, 1434.35
1639438345, 2, 466, 714, 386, 0, 0.91%, 13, 0, 2, 1422.62
1639438350, 2, 493, 714, 383, 0, 0.91%, 13, 0, 2, 1435.27
