# unix_time, cycles_done, cur_path, paths_total, pending_total, pending_favs, map_size, unique_crashes, unique_hangs, max_depth, execs_per_sec
1639561317, 0, 0, 775, 775, 95, 0.96%, 0, 0, 1, 1208.34
1639561322, 0, 66, 775, 767, 87, 0.96%, 4, 0, 1, 1327.18
1639561328, 0, 161, 775, 756, 78, 0.96%, 5, 0, 1, 1379.54
1639561333, 0, 246, 775, 747, 68, 0.96%, 6, 0, 1, 1370.56
1639561338, 0, 266, 782, 753, 67, 0.96%, 8, 0, 2, 1322.22
1639561343, 0, 313, 782, 745, 63, 0.96%, 8, 0, 2, 1372.55
1639561348, 0, 375, 782, 737, 55, 0.96%, 10, 0, 2, 1362.68
1639561353, 0, 467, 782, 726, 44, 0.96%, 12, 0, 2, 1331.17
1639561358, 0, 518, 782, 717, 36, 0.96%, 13, 0, 2, 1368.32
1639561363, 0, 583, 783, 710, 29, 0.96%, 13, 0, 2, 1375.36
1639561368, 0, 613, 783, 703, 22, 0.96%, 13, 0, 2, 1380.22
1639561373, 0, 718, 784, 695, 15, 0.97%, 13, 0, 2, 1398.40
1639561379, 0, 759, 785, 688, 9, 0.97%, 13, 0, 2, 1400.34
1639561384, 0, 781, 785, 681, 2, 0.97%, 13, 0, 2, 1372.71
1639561389, 0, 783, 792, 687, 1, 0.97%, 16, 0, 3, 837.50
1639561394, 0, 783, 796, 691, 1, 0.97%, 16, 0, 3, 681.67
1639561399, 0, 791, 797, 691, 1, 0.97%, 16, 0, 3, 144.49
1639561404, 1, 27, 797, 685, 0, 0.97%, 16, 0, 3, 1315.13
1639561409, 1, 47, 798, 681, 0, 0.97%, 16, 0, 3, 1271.81
1639561414, 1, 66, 798, 675, 0, 0.97%, 16, 0, 3, 1337.18
1639561419, 1, 95, 798, 667, 0, 0.97%, 16, 0, 3, 1388.25
1639561424, 1, 305, 798, 659, 1, 0.97%, 17, 0, 3, 1394.59
1639561430, 1, 590, 798, 652, 0, 0.97%, 17, 0, 3, 1369.51
1639561435, 1, 606, 798, 648, 0, 0.97%, 17, 0, 3, 1381.77
1639561440, 1, 633, 798, 644, 0, 0.97%, 17, 0, 3, 1394.77
1639561445, 1, 664, 798, 634, 0, 0.97%, 18, 0, 3, 1380.86
1639561450, 1, 704, 798, 627, 0, 0.97%, 18, 0, 3, 1364.89
1639561455, 1, 721, 799, 623, 0, 0.97%, 18, 0, 3, 1342.20
1639561460, 1, 799, 800, 621, 1, 0.97%, 18, 0, 3, 1340.07
1639561465, 2, 18, 800, 615, 0, 0.97%, 18, 0, 3, 1169.91
1639561470, 2, 53, 800, 612, 0, 0.97%, 18, 0, 3, 1298.39
1639561476, 2, 96, 800, 607, 0, 0.97%, 18, 0, 3, 1338.96
1639561481, 2, 124, 801, 601, 0, 0.97%, 18, 0, 3, 1307.57
1639561486, 2, 142, 801, 595, 0, 0.97%, 18, 0, 3, 1367.70
1639561491, 2, 167, 801, 590, 0, 0.97%, 18, 0, 3, 1383.79
1639561496, 2, 183, 801, 582, 0, 0.97%, 18, 0, 3, 1352.47
1639561501, 2, 208, 801, 575, 0, 0.97%, 18, 0, 3, 1356.29
1639561506, 2, 246, 801, 568, 0, 0.97%, 18, 0, 3, 1385.05
1639561512, 2, 272, 802, 564, 0, 0.97%, 18, 0, 3, 1345.73
1639561517, 2, 297, 802, 561, 0, 0.97%, 18, 0, 3, 1352.95
1639561522, 2, 316, 803, 557, 0, 0.97%, 18, 0, 3, 1288.58
1639561527, 2, 342, 803, 551, 0, 0.97%, 18, 0, 3, 1375.04
1639561532, 2, 367, 803, 545, 0, 0.97%, 18, 0, 3, 1385.60
1639561537, 2, 394, 803, 540, 0, 0.97%, 18, 0, 3, 1389.16
1639561542, 2, 415, 803, 535, 0, 0.97%, 18, 0, 3, 1352.23
1639561547, 2, 442, 803, 527, 0, 0.97%, 18, 0, 3, 1372.88
1639561552, 2, 578, 804, 520, 1, 0.97%, 18, 0, 3, 1350.18
1639561557, 2, 803, 806, 518, 1, 0.97%, 18, 0, 3, 1353.40
1639561563, 2, 805, 806, 516, 0, 0.97%, 18, 0, 3, 1343.76
1639561568, 3, 40, 807, 513, 0, 0.97%, 18, 0, 3, 1350.03
1639561573, 3, 67, 807, 509, 0, 0.97%, 18, 0, 3, 1366.29
1639561578, 3, 132, 807, 502, 0, 0.97%, 18, 0, 3, 1379.67
1639561583, 3, 161, 807, 497, 0, 0.97%, 18, 0, 3, 1374.93
1639561588, 3, 195, 807, 493, 0, 0.97%, 18, 0, 3, 1281.57
1639561593, 3, 217, 807, 489, 0, 0.97%, 18, 0, 3, 1318.09
1639561598, 3, 279, 807, 480, 0, 0.97%, 18, 0, 3, 1894.71
1639561603, 3, 292, 807, 476, 0, 0.97%, 19, 0, 3, 1443.11
1639561608, 3, 318, 807, 473, 0, 0.97%, 19, 0, 3, 1396.27
