# unix_time, cycles_done, cur_path, paths_total, pending_total, pending_favs, map_size, unique_crashes, unique_hangs, max_depth, execs_per_sec
1639558279, 0, 0, 1, 1, 1, 0.12%, 0, 0, 1, 1600.00
1639558284, 0, 0, 96, 96, 1, 0.50%, 5, 0, 2, 1439.57
1639558289, 0, 10, 121, 118, 46, 0.51%, 5, 0, 3, 1397.39
1639558294, 0, 25, 137, 127, 43, 0.52%, 6, 0, 3, 1437.44
1639558299, 0, 41, 147, 127, 37, 0.55%, 6, 0, 3, 1419.22
1639558304, 0, 57, 173, 145, 34, 0.58%, 6, 0, 3, 1447.05
1639558309, 0, 80, 187, 149, 24, 0.63%, 7, 0, 3, 1418.78
1639558314, 0, 142, 192, 142, 12, 0.63%, 7, 0, 4, 1458.71
1639558320, 0, 175, 197, 139, 4, 0.64%, 7, 0, 4, 1454.43
1639558325, 0, 186, 201, 141, 5, 0.64%, 7, 0, 4, 1457.08
1639558330, 0, 202, 206, 141, 1, 0.65%, 7, 0, 5, 1450.61
1639558335, 0, 205, 221, 155, 8, 0.66%, 8, 0, 6, 1454.31
1639558340, 0, 208, 226, 159, 8, 0.67%, 9, 0, 6, 1431.96
1639558345, 0, 209, 230, 162, 10, 0.68%, 9, 0, 6, 1444.48
1639558350, 0, 211, 235, 166, 9, 0.68%, 10, 0, 6, 1430.46
1639558355, 0, 214, 239, 169, 9, 0.68%, 10, 0, 6, 1424.87
1639558360, 0, 222, 244, 173, 9, 0.68%, 10, 0, 7, 1431.94
1639558366, 0, 226, 248, 174, 8, 0.69%, 10, 0, 7, 1442.52
1639558371, 0, 226, 256, 182, 8, 0.74%, 10, 0, 7, 1422.78
1639558376, 0, 231, 264, 188, 18, 0.74%, 11, 0, 7, 1448.00
1639558381, 0, 246, 266, 187, 15, 0.74%, 11, 0, 7, 1429.37
1639558386, 0, 248, 268, 187, 13, 0.74%, 11, 0, 8, 1435.18
1639558391, 0, 255, 270, 183, 7, 0.75%, 11, 0, 8, 1455.10
1639558396, 0, 268, 273, 182, 3, 0.75%, 11, 0, 9, 1453.86
1639558401, 0, 270, 276, 184, 4, 0.76%, 11, 0, 10, 1453.67
1639558406, 0, 273, 281, 188, 3, 0.76%, 11, 0, 10, 1406.69
1639558411, 0, 280, 285, 191, 3, 0.76%, 12, 0, 11, 1446.22
1639558417, 1, 89, 287, 189, 1, 0.76%, 12, 0, 12, 1463.70
1639558422, 1, 279, 291, 190, 1, 0.76%, 12, 0, 12, 1449.20
1639558427, 2, 22, 291, 186, 0, 0.76%, 12, 0, 12, 1471.54
1639558432, 2, 42, 292, 183, 0, 0.76%, 12, 0, 12, 1466.61
1639558437, 2, 60, 295, 184, 0, 0.76%, 12, 0, 12, 1486.59
1639558442, 2, 84, 297, 182, 0, 0.76%, 12, 0, 12, 1457.16
1639558447, 2, 113, 298, 175, 0, 0.76%, 12, 0, 12, 1442.67
1639558452, 2, 142, 299, 169, 0, 0.76%, 13, 0, 12, 1455.82
1639558457, 2, 174, 299, 167, 0, 0.76%, 13, 0, 12, 1418.33
1639558462, 2, 195, 299, 166, 0, 0.76%, 13, 0, 12, 1440.62
1639558467, 2, 205, 301, 165, 0, 0.76%, 13, 0, 12, 1445.78
1639558472, 2, 211, 301, 165, 0, 0.76%, 14, 0, 12, 1416.83
1639558477, 2, 226, 303, 165, 0, 0.76%, 14, 0, 12, 1439.49
1639558483, 2, 241, 306, 167, 0, 0.76%, 14, 0, 12, 1424.38
1639558488, 2, 247, 308, 168, 0, 0.76%, 14, 0, 12, 1439.40
1639558493, 2, 253, 308, 168, 0, 0.76%, 14, 0, 12, 1465.03
1639558498, 2, 263, 309, 169, 0, 0.76%, 14, 0, 12, 1450.91
1639558503, 2, 293, 310, 168, 1, 0.76%, 14, 0, 12, 1461.11
1639558508, 3, 9, 311, 166, 0, 0.76%, 14, 0, 12, 1468.06
1639558513, 3, 41, 311, 163, 0, 0.76%, 14, 0, 12, 1476.28
1639558518, 3, 65, 311, 163, 0, 0.76%, 14, 0, 12, 1479.84
1639558523, 3, 91, 312, 161, 0, 0.76%, 14, 0, 12, 1443.23
1639558528, 3, 313, 318, 164, 1, 0.77%, 14, 0, 12, 1467.28
1639558533, 3, 313, 319, 165, 1, 0.77%, 14, 0, 12, 1459.49
1639558538, 3, 317, 321, 164, 0, 0.77%, 14, 0, 12, 1480.33
1639558544, 4, 22, 321, 160, 0, 0.77%, 14, 0, 12, 1468.90
1639558549, 4, 48, 323, 161, 0, 0.77%, 14, 0, 12, 1472.98
1639558554, 4, 92, 324, 161, 0, 0.77%, 14, 0, 12, 2326.31
1639558559, 4, 158, 324, 154, 0, 0.77%, 14, 0, 12, 1683.63
1639558564, 4, 170, 324, 150, 0, 0.77%, 14, 0, 12, 1467.07
1639558569, 4, 191, 324, 147, 0, 0.77%, 14, 0, 12, 1446.68
1639558574, 4, 205, 324, 146, 0, 0.77%, 14, 0, 12, 1334.43
1639558579, 4, 211, 325, 147, 0, 0.77%, 14, 0, 12, 1289.54
