# unix_time, cycles_done, cur_path, paths_total, pending_total, pending_favs, map_size, unique_crashes, unique_hangs, max_depth, execs_per_sec
1639526046, 0, 0, 1331, 1331, 89, 0.76%, 0, 0, 1, 1262.21
1639526051, 0, 106, 1331, 1322, 80, 0.76%, 2, 0, 1, 1372.44
1639526056, 0, 245, 1331, 1311, 69, 0.76%, 5, 0, 1, 1365.72
1639526061, 0, 313, 1331, 1304, 63, 0.76%, 5, 0, 1, 1349.14
1639526066, 0, 451, 1331, 1293, 54, 0.76%, 6, 0, 1, 1332.73
1639526071, 0, 536, 1331, 1285, 47, 0.76%, 7, 0, 1, 1360.84
1639526076, 0, 699, 1331, 1274, 37, 0.76%, 8, 0, 1, 1423.30
1639526081, 0, 869, 1331, 1266, 29, 0.76%, 8, 0, 1, 1452.09
1639526087, 0, 1021, 1331, 1257, 22, 0.76%, 9, 0, 1, 1448.12
1639526092, 0, 1163, 1331, 1247, 14, 0.76%, 10, 0, 1, 1452.14
1639526097, 0, 1273, 1331, 1238, 5, 0.76%, 10, 0, 1, 1457.90
1639526102, 1, 23, 1331, 1228, 0, 0.76%, 10, 0, 1, 1442.96
1639526107, 1, 58, 1331, 1221, 0, 0.76%, 10, 0, 1, 1448.12
1639526112, 1, 92, 1331, 1216, 0, 0.76%, 10, 0, 1, 1452.77
1639526117, 1, 119, 1331, 1211, 0, 0.76%, 10, 0, 1, 1445.36
1639526123, 1, 149, 1331, 1204, 0, 0.76%, 11, 0, 1, 1454.12
1639526128, 1, 166, 1331, 1196, 0, 0.76%, 11, 0, 1, 1464.13
1639526133, 1, 205, 1331, 1188, 0, 0.76%, 11, 0, 1, 1444.42
1639526138, 1, 245, 1331, 1183, 0, 0.76%, 11, 0, 1, 1464.55
1639526143, 1, 284, 1331, 1178, 0, 0.76%, 12, 0, 1, 1462.37
1639526148, 1, 326, 1331, 1173, 0, 0.76%, 12, 0, 1, 1446.68
1639526153, 1, 356, 1331, 1167, 0, 0.76%, 12, 0, 1, 1450.89
1639526158, 1, 386, 1331, 1157, 0, 0.76%, 12, 0, 1, 1449.08
1639526163, 1, 415, 1331, 1150, 0, 0.76%, 12, 0, 1, 1413.85
1639526168, 1, 458, 1331, 1145, 0, 0.76%, 12, 0, 1, 1456.86
1639526173, 1, 493, 1331, 1138, 0, 0.76%, 12, 0, 1, 1455.36
1639526179, 1, 525, 1331, 1129, 0, 0.76%, 12, 0, 1, 1456.18
1639526184, 1, 551, 1331, 1124, 0, 0.76%, 12, 0, 1, 1454.18
1639526189, 1, 638, 1332, 1118, 1, 0.76%, 12, 0, 2, 1448.43
1639526194, 1, 1163, 1332, 1111, 1, 0.76%, 12, 0, 2, 1444.11
1639526199, 2, 20, 1332, 1105, 0, 0.76%, 12, 0, 2, 1449.57
1639526204, 2, 52, 1332, 1097, 0, 0.76%, 12, 0, 2, 1455.22
1639526209, 2, 86, 1332, 1090, 0, 0.76%, 12, 0, 2, 1437.87
1639526214, 2, 106, 1332, 1087, 0, 0.76%, 12, 0, 2, 1397.99
1639526219, 2, 132, 1332, 1080, 0, 0.76%, 12, 0, 2, 1369.37
1639526224, 2, 163, 1332, 1075, 0, 0.76%, 12, 0, 2, 1385.91
1639526229, 2, 197, 1332, 1069, 0, 0.76%, 12, 0, 2, 1426.40
1639526234, 2, 240, 1332, 1063, 0, 0.76%, 12, 0, 2, 1449.41
1639526240, 2, 274, 1332, 1057, 0, 0.76%, 12, 0, 2, 1449.98
1639526245, 2, 311, 1332, 1050, 0, 0.76%, 12, 0, 2, 1444.53
1639526250, 2, 364, 1332, 1045, 0, 0.76%, 12, 0, 2, 1448.82
1639526255, 2, 397, 1332, 1038, 0, 0.76%, 12, 0, 2, 1452.27
1639526260, 2, 444, 1332, 1031, 0, 0.76%, 12, 0, 2, 1453.98
1639526265, 2, 459, 1332, 1026, 0, 0.76%, 12, 0, 2, 1464.30
1639526270, 2, 489, 1332, 1018, 0, 0.76%, 12, 0, 2, 1453.92
1639526275, 2, 532, 1332, 1012, 0, 0.76%, 12, 0, 2, 1454.05
1639526280, 2, 549, 1332, 1007, 0, 0.76%, 12, 0, 2, 1440.91
1639526285, 2, 577, 1332, 1003, 0, 0.76%, 12, 0, 2, 1439.15
1639526290, 2, 614, 1332, 994, 0, 0.76%, 12, 0, 2, 1438.27
1639526295, 2, 681, 1332, 985, 0, 0.76%, 12, 0, 2, 1445.76
1639526300, 2, 704, 1332, 977, 0, 0.76%, 12, 0, 2, 1449.12
1639526305, 2, 756, 1332, 968, 0, 0.76%, 12, 0, 2, 1846.77
1639526310, 2, 798, 1332, 961, 0, 0.76%, 12, 0, 2, 1527.92
1639526316, 2, 829, 1332, 951, 0, 0.76%, 12, 0, 2, 1467.55
1639526321, 2, 870, 1332, 944, 0, 0.76%, 12, 0, 2, 1452.61
1639526326, 2, 900, 1332, 934, 0, 0.76%, 12, 0, 2, 1455.29
1639526331, 2, 933, 1332, 927, 0, 0.76%, 12, 0, 2, 1449.61
1639526336, 2, 972, 1332, 921, 0, 0.76%, 12, 0, 2, 1469.64
