# unix_time, cycles_done, cur_path, paths_total, pending_total, pending_favs, map_size, unique_crashes, unique_hangs, max_depth, execs_per_sec
1639597791, 0, 0, 874, 874, 87, 0.91%, 0, 0, 1, 1125.02
1639597797, 0, 114, 874, 864, 78, 0.91%, 4, 0, 1, 1381.44
1639597802, 0, 193, 874, 853, 67, 0.91%, 4, 0, 1, 1454.68
1639597807, 0, 331, 874, 844, 58, 0.91%, 4, 0, 1, 1478.27
1639597812, 0, 441, 874, 834, 49, 0.91%, 5, 0, 1, 1478.92
1639597817, 0, 535, 875, 825, 40, 0.91%, 5, 0, 2, 1470.85
1639597822, 0, 660, 875, 813, 28, 0.91%, 6, 0, 2, 1461.70
1639597827, 0, 744, 875, 803, 18, 0.91%, 6, 0, 2, 1484.89
1639597832, 0, 822, 875, 793, 8, 0.91%, 8, 0, 2, 1485.90
1639597837, 1, 14, 875, 782, 0, 0.91%, 8, 0, 2, 1481.24
1639597843, 1, 46, 875, 775, 0, 0.91%, 8, 0, 2, 1471.39
1639597848, 1, 85, 875, 766, 0, 0.91%, 9, 0, 2, 1449.67
1639597853, 1, 126, 875, 762, 0, 0.91%, 9, 0, 2, 1370.80
1639597858, 1, 144, 875, 758, 0, 0.91%, 9, 0, 2, 1436.04
1639597863, 1, 221, 876, 751, 1, 0.91%, 9, 0, 2, 1473.16
1639597868, 2, 179, 876, 742, 0, 0.91%, 9, 0, 2, 1913.47
1639597873, 2, 204, 876, 739, 0, 0.91%, 9, 0, 2, 1541.25
1639597878, 2, 222, 876, 734, 0, 0.91%, 9, 0, 2, 1397.49
1639597883, 2, 248, 876, 729, 0, 0.91%, 9, 0, 2, 1435.21
1639597888, 2, 264, 876, 721, 0, 0.91%, 9, 0, 2, 1448.11
1639597894, 2, 311, 876, 713, 0, 0.91%, 9, 0, 2, 1449.43
1639597899, 2, 348, 876, 706, 0, 0.91%, 9, 0, 2, 1451.33
1639597904, 2, 372, 876, 700, 0, 0.91%, 10, 0, 2, 1454.10
1639597909, 2, 395, 876, 691, 0, 0.91%, 10, 0, 2, 1454.38
1639597914, 2, 436, 876, 682, 0, 0.91%, 11, 0, 2, 1446.09
1639597919, 2, 462, 876, 678, 0, 0.91%, 12, 0, 2, 1447.36
1639597924, 2, 475, 876, 672, 0, 0.91%, 12, 0, 2, 1443.20
1639597929, 2, 507, 876, 666, 0, 0.91%, 12, 0, 2, 1466.38
1639597935, 2, 524, 876, 657, 0, 0.91%, 12, 0, 2, 1454.38
1639597940, 2, 541, 876, 650, 0, 0.91%, 12, 0, 2, 1415.63
1639597945, 2, 567, 876, 644, 0, 0.91%, 12, 0, 2, 1403.71
1639597950, 2, 597, 876, 637, 0, 0.91%, 12, 0, 2, 1420.65
1639597955, 2, 630, 876, 627, 0, 0.91%, 13, 0, 2, 1441.98
1639597960, 2, 666, 876, 617, 0, 0.91%, 14, 0, 2, 1450.88
1639597965, 2, 709, 876, 609, 0, 0.91%, 14, 0, 2, 1457.62
1639597970, 2, 737, 876, 606, 0, 0.91%, 14, 0, 2, 1427.99
1639597975, 2, 749, 876, 601, 0, 0.91%, 14, 0, 2, 1448.79
1639597980, 2, 790, 876, 593, 0, 0.91%, 14, 0, 2, 1452.01
1639597986, 2, 804, 876, 589, 0, 0.91%, 15, 0, 2, 1459.12
1639597991, 2, 830, 876, 582, 0, 0.91%, 15, 0, 2, 1459.46
1639597996, 2, 850, 876, 575, 0, 0.91%, 16, 0, 2, 1449.86
1639598001, 3, 13, 876, 568, 0, 0.91%, 16, 0, 2, 1433.79
1639598006, 3, 51, 876, 561, 0, 0.91%, 16, 0, 2, 1450.87
1639598011, 3, 86, 876, 554, 0, 0.91%, 16, 0, 2, 1439.20
1639598016, 3, 111, 876, 548, 0, 0.91%, 16, 0, 2, 1454.29
1639598021, 3, 135, 876, 544, 0, 0.91%, 16, 0, 2, 1451.10
1639598027, 3, 168, 876, 539, 0, 0.91%, 16, 0, 2, 1441.67
1639598032, 3, 187, 876, 535, 0, 0.91%, 16, 0, 2, 1439.01
1639598037, 3, 212, 877, 531, 0, 0.91%, 16, 0, 2, 1439.12
1639598042, 3, 229, 877, 526, 0, 0.91%, 16, 0, 2, 1453.64
1639598047, 3, 246, 877, 520, 0, 0.91%, 16, 0, 2, 1454.35
1639598052, 3, 301, 877, 512, 0, 0.91%, 16, 0, 2, 1448.37
1639598057, 3, 351, 877, 507, 0, 0.91%, 16, 0, 2, 1441.84
1639598062, 3, 392, 877, 499, 0, 0.91%, 16, 0, 2, 1449.50
1639598067, 3, 436, 877, 493, 0, 0.91%, 16, 0, 2, 1455.61
1639598072, 3, 470, 877, 491, 0, 0.91%, 16, 0, 2, 1453.43
1639598077, 3, 511, 877, 486, 0, 0.91%, 16, 0, 2, 1459.19
1639598082, 3, 544, 877, 480, 0, 0.91%, 16, 0, 2, 1464.74
