# unix_time, cycles_done, cur_path, paths_total, pending_total, pending_favs, map_size, unique_crashes, unique_hangs, max_depth, execs_per_sec
1639525738, 0, 0, 940, 940, 100, 0.95%, 0, 0, 1, 1126.93
1639525744, 0, 108, 940, 930, 91, 0.95%, 2, 0, 1, 1351.15
1639525749, 0, 136, 940, 922, 84, 0.95%, 3, 0, 1, 1434.24
1639525754, 0, 186, 940, 913, 76, 0.95%, 7, 0, 1, 1446.66
1639525759, 0, 282, 940, 905, 69, 0.95%, 9, 0, 1, 1421.87
1639525764, 0, 344, 940, 895, 60, 0.95%, 9, 0, 1, 1458.13
1639525769, 0, 452, 940, 883, 50, 0.95%, 10, 0, 1, 1402.66
1639525774, 0, 573, 940, 871, 40, 0.95%, 10, 0, 1, 1412.83
1639525779, 0, 666, 940, 863, 32, 0.95%, 10, 0, 1, 1404.00
1639525785, 0, 757, 940, 851, 22, 0.95%, 12, 0, 1, 1409.44
1639525790, 0, 838, 940, 841, 14, 0.95%, 13, 0, 1, 1446.08
1639525795, 0, 893, 940, 831, 5, 0.95%, 13, 0, 1, 1447.67
1639525800, 1, 10, 940, 821, 0, 0.95%, 14, 0, 1, 1415.71
1639525805, 1, 24, 940, 815, 0, 0.95%, 15, 0, 1, 1442.77
1639525810, 1, 74, 940, 810, 0, 0.95%, 15, 0, 1, 1445.46
1639525815, 1, 95, 940, 802, 0, 0.95%, 15, 0, 1, 1456.17
1639525820, 1, 112, 940, 798, 0, 0.95%, 15, 0, 1, 1448.01
1639525825, 1, 142, 940, 793, 0, 0.95%, 15, 0, 1, 1457.82
1639525830, 1, 169, 940, 790, 0, 0.95%, 15, 0, 1, 1441.26
1639525835, 1, 203, 940, 784, 0, 0.95%, 16, 0, 1, 1417.59
1639525840, 1, 225, 940, 780, 0, 0.95%, 17, 0, 1, 1376.33
1639525845, 1, 248, 940, 773, 0, 0.95%, 17, 0, 1, 1365.47
1639525850, 1, 282, 940, 764, 0, 0.95%, 17, 0, 1, 1265.22
1639525856, 1, 314, 940, 760, 0, 0.95%, 17, 0, 1, 1378.53
1639525861, 1, 327, 940, 754, 0, 0.95%, 17, 0, 1, 1400.94
1639525866, 1, 345, 940, 749, 0, 0.95%, 17, 0, 1, 1411.01
1639525871, 1, 397, 940, 741, 0, 0.95%, 17, 0, 1, 1423.83
1639525876, 1, 421, 940, 736, 0, 0.95%, 18, 0, 1, 1421.57
1639525881, 1, 446, 940, 728, 0, 0.95%, 18, 0, 1, 1420.48
1639525886, 1, 621, 940, 719, 2, 0.95%, 19, 0, 1, 1447.10
1639525891, 2, 385, 940, 711, 1, 0.95%, 19, 0, 1, 1427.70
1639525896, 2, 402, 940, 707, 0, 0.95%, 19, 0, 1, 1445.82
1639525901, 2, 442, 940, 702, 0, 0.95%, 19, 0, 1, 1457.96
1639525906, 2, 466, 940, 694, 0, 0.95%, 19, 0, 1, 1463.04
1639525912, 2, 502, 940, 686, 0, 0.95%, 19, 0, 1, 1455.95
1639525917, 2, 529, 940, 680, 0, 0.95%, 19, 0, 1, 1452.41
1639525922, 2, 573, 940, 673, 0, 0.95%, 19, 0, 1, 1461.34
1639525927, 2, 854, 941, 669, 1, 0.96%, 19, 0, 2, 1442.39
1639525932, 3, 13, 941, 661, 0, 0.96%, 19, 0, 2, 1478.05
1639525937, 3, 39, 941, 654, 0, 0.96%, 20, 0, 2, 1460.05
1639525942, 3, 68, 941, 648, 0, 0.96%, 21, 0, 2, 1463.28
1639525947, 3, 104, 941, 641, 0, 0.96%, 21, 0, 2, 1467.26
1639525952, 3, 125, 941, 637, 0, 0.96%, 21, 0, 2, 1449.30
1639525957, 3, 163, 941, 634, 0, 0.96%, 21, 0, 2, 1456.71
1639525963, 3, 192, 941, 630, 0, 0.96%, 21, 0, 2, 1467.13
1639525968, 3, 238, 941, 626, 0, 0.96%, 21, 0, 2, 1456.01
1639525973, 3, 289, 941, 619, 0, 0.96%, 21, 0, 2, 1459.78
1639525978, 3, 319, 941, 613, 0, 0.96%, 21, 0, 2, 1459.46
1639525983, 3, 344, 941, 611, 0, 0.96%, 21, 0, 2, 1461.65
1639525988, 3, 360, 941, 605, 0, 0.96%, 21, 0, 2, 1456.78
1639525993, 3, 397, 941, 599, 0, 0.96%, 21, 0, 2, 1414.09
1639525998, 3, 447, 941, 594, 0, 0.96%, 21, 0, 2, 1420.52
1639526003, 3, 512, 941, 589, 0, 0.96%, 21, 0, 2, 1549.21
1639526008, 3, 530, 941, 584, 0, 0.96%, 21, 0, 2, 1526.29
1639526013, 3, 581, 941, 576, 0, 0.96%, 21, 0, 2, 1405.23
1639526019, 3, 616, 941, 573, 0, 0.96%, 21, 0, 2, 1406.47
1639526024, 3, 644, 941, 564, 0, 0.96%, 21, 0, 2, 1406.90
1639526029, 3, 666, 941, 557, 0, 0.96%, 21, 0, 2, 1427.97
