# unix_time, cycles_done, cur_path, paths_total, pending_total, pending_favs, map_size, unique_crashes, unique_hangs, max_depth, execs_per_sec
1639440184, 0, 0, 823, 823, 98, 0.91%, 0, 0, 1, 1214.98
1639440189, 0, 126, 823, 810, 86, 0.91%, 2, 0, 1, 1374.82
1639440194, 0, 178, 823, 801, 78, 0.91%, 4, 0, 1, 1427.12
1639440199, 0, 253, 823, 789, 67, 0.91%, 4, 0, 1, 1555.56
1639440204, 0, 303, 823, 781, 59, 0.91%, 5, 0, 1, 1421.29
1639440209, 0, 394, 823, 772, 51, 0.91%, 6, 0, 1, 1438.30
1639440214, 0, 474, 823, 763, 42, 0.91%, 6, 0, 1, 1429.08
1639440219, 0, 548, 823, 756, 35, 0.91%, 6, 0, 1, 1430.51
1639440224, 0, 639, 823, 747, 26, 0.91%, 7, 0, 1, 1411.81
1639440230, 0, 694, 823, 737, 16, 0.91%, 8, 0, 1, 1417.33
1639440235, 0, 747, 823, 728, 10, 0.91%, 8, 0, 1, 1387.89
1639440240, 1, 2, 823, 715, 0, 0.91%, 9, 0, 1, 1433.84
1639440245, 1, 27, 823, 707, 0, 0.91%, 9, 0, 1, 1431.69
1639440250, 1, 601, 823, 696, 1, 0.91%, 9, 0, 1, 1421.79
1639440255, 1, 623, 823, 687, 0, 0.91%, 9, 0, 1, 1416.61
1639440260, 1, 647, 823, 681, 0, 0.91%, 10, 0, 1, 1422.48
1639440266, 1, 672, 823, 677, 0, 0.91%, 10, 0, 1, 1438.26
1639440271, 1, 696, 823, 673, 0, 0.91%, 10, 0, 1, 1423.46
1639440276, 1, 727, 823, 666, 0, 0.91%, 10, 0, 1, 1417.96
1639440281, 1, 756, 823, 662, 0, 0.91%, 10, 0, 1, 1431.48
1639440286, 1, 784, 823, 657, 0, 0.91%, 11, 0, 1, 1425.15
1639440291, 2, 16, 823, 649, 0, 0.91%, 11, 0, 1, 1427.16
1639440296, 2, 53, 823, 640, 0, 0.91%, 11, 0, 1, 1428.63
1639440301, 2, 76, 823, 634, 0, 0.91%, 12, 0, 1, 1442.67
1639440306, 2, 106, 823, 627, 0, 0.91%, 12, 0, 1, 1412.91
1639440311, 2, 142, 823, 620, 0, 0.91%, 12, 0, 1, 1420.93
1639440316, 2, 164, 823, 614, 0, 0.91%, 12, 0, 1, 1419.80
1639440322, 2, 191, 823, 607, 0, 0.91%, 12, 0, 1, 1435.47
1639440327, 2, 219, 823, 602, 0, 0.91%, 12, 0, 1, 1447.70
1639440332, 2, 247, 823, 596, 0, 0.91%, 12, 0, 1, 1448.28
1639440337, 2, 273, 823, 593, 0, 0.91%, 12, 0, 1, 1453.27
1639440342, 2, 295, 823, 586, 0, 0.91%, 12, 0, 1, 1438.32
1639440347, 2, 330, 823, 580, 0, 0.91%, 12, 0, 1, 1426.16
1639440352, 2, 354, 823, 575, 0, 0.91%, 13, 0, 1, 1424.80
1639440357, 2, 383, 823, 567, 0, 0.91%, 13, 0, 1, 1392.28
1639440363, 2, 405, 823, 561, 0, 0.91%, 13, 0, 1, 1366.39
1639440368, 2, 425, 823, 554, 0, 0.91%, 13, 0, 1, 1332.68
1639440373, 2, 443, 823, 550, 0, 0.91%, 13, 0, 1, 1315.19
1639440378, 2, 460, 823, 543, 0, 0.91%, 13, 0, 1, 1377.38
1639440383, 2, 496, 823, 539, 0, 0.91%, 13, 0, 1, 1414.26
1639440388, 2, 532, 823, 530, 0, 0.91%, 13, 0, 1, 1430.34
1639440393, 2, 544, 823, 523, 0, 0.91%, 13, 0, 1, 1450.90
1639440398, 2, 569, 823, 516, 0, 0.91%, 13, 0, 1, 1429.43
1639440403, 2, 588, 825, 515, 0, 0.91%, 13, 0, 2, 1375.73
1639440408, 2, 602, 825, 511, 0, 0.91%, 13, 0, 2, 1395.88
1639440414, 2, 635, 825, 506, 0, 0.91%, 13, 0, 2, 1414.05
1639440419, 2, 659, 826, 502, 0, 0.91%, 13, 0, 2, 1365.00
1639440424, 2, 683, 828, 501, 0, 0.91%, 13, 0, 2, 1412.77
1639440429, 2, 720, 828, 497, 0, 0.91%, 13, 0, 2, 1432.28
1639440434, 2, 747, 828, 492, 0, 0.91%, 13, 0, 2, 1413.29
1639440439, 2, 777, 828, 485, 0, 0.91%, 13, 0, 2, 1424.71
1639440444, 2, 818, 828, 479, 0, 0.91%, 13, 0, 2, 1439.58
1639440449, 2, 825, 829, 478, 0, 0.91%, 13, 0, 3, 1329.15
1639440454, 3, 17, 830, 474, 0, 0.91%, 13, 0, 4, 1418.99
1639440460, 3, 56, 830, 466, 0, 0.91%, 13, 0, 4, 1433.10
1639440465, 3, 98, 830, 459, 0, 0.91%, 13, 0, 4, 1423.89
1639440470, 3, 134, 830, 451, 0, 0.91%, 13, 0, 4, 1420.80
1639440475, 3, 162, 830, 446, 0, 0.91%, 13, 0, 4, 1441.05
