# unix_time, cycles_done, cur_path, paths_total, pending_total, pending_favs, map_size, unique_crashes, unique_hangs, max_depth, execs_per_sec
1639436576, 0, 0, 1, 1, 1, 0.12%, 0, 0, 1, 2000.00
1639436581, 0, 0, 84, 84, 1, 0.44%, 3, 0, 2, 1547.91
1639436586, 0, 13, 103, 99, 35, 0.47%, 3, 0, 3, 1472.32
1639436591, 0, 35, 115, 102, 30, 0.49%, 3, 0, 3, 1462.46
1639436596, 0, 35, 127, 114, 30, 0.52%, 3, 0, 3, 1463.22
1639436601, 0, 52, 145, 125, 28, 0.52%, 3, 0, 3, 1448.63
1639436606, 0, 62, 154, 129, 24, 0.53%, 3, 0, 3, 1467.11
1639436611, 0, 89, 168, 137, 22, 0.54%, 3, 0, 3, 1457.25
1639436616, 0, 94, 170, 138, 21, 0.54%, 3, 0, 3, 1350.85
1639436621, 0, 118, 185, 145, 13, 0.56%, 4, 0, 4, 1396.60
1639436626, 0, 143, 198, 154, 14, 0.57%, 4, 0, 4, 1444.56
1639436631, 0, 161, 208, 161, 18, 0.61%, 4, 0, 4, 1911.09
1639436636, 0, 184, 222, 168, 19, 0.63%, 5, 0, 5, 2447.31
1639436642, 0, 201, 232, 173, 17, 0.64%, 5, 0, 5, 2500.01
1639436647, 0, 212, 241, 176, 11, 0.64%, 5, 0, 6, 2503.58
1639436652, 0, 217, 242, 173, 7, 0.64%, 5, 0, 6, 2565.75
1639436657, 0, 228, 249, 176, 2, 0.64%, 5, 0, 6, 2549.86
1639436662, 0, 249, 261, 186, 4, 0.65%, 5, 0, 7, 2539.13
1639436667, 0, 255, 265, 187, 2, 0.65%, 5, 0, 7, 2563.06
1639436672, 1, 33, 268, 182, 0, 0.65%, 5, 0, 8, 2520.49
1639436677, 1, 71, 270, 176, 0, 0.65%, 5, 0, 8, 2530.72
1639436682, 1, 128, 270, 168, 0, 0.65%, 5, 0, 8, 2558.94
1639436687, 1, 176, 271, 159, 0, 0.65%, 5, 0, 8, 2551.20
1639436692, 2, 4, 274, 158, 0, 0.65%, 5, 0, 8, 2558.85
1639436698, 2, 66, 277, 157, 0, 0.65%, 5, 0, 8, 2584.38
1639436703, 2, 129, 278, 149, 0, 0.65%, 5, 0, 8, 2586.84
1639436708, 2, 188, 280, 142, 0, 0.65%, 5, 0, 8, 2564.85
1639436713, 2, 209, 280, 139, 0, 0.65%, 5, 0, 8, 2571.83
1639436718, 2, 220, 280, 137, 0, 0.65%, 7, 0, 8, 2563.93
1639436723, 2, 240, 280, 133, 0, 0.65%, 7, 0, 8, 2513.80
1639436728, 3, 29, 283, 127, 0, 0.65%, 7, 0, 8, 2541.45
1639436734, 3, 81, 283, 122, 0, 0.65%, 7, 0, 8, 2523.77
1639436739, 3, 147, 284, 115, 0, 0.65%, 7, 0, 8, 2533.46
1639436744, 3, 201, 284, 113, 0, 0.65%, 7, 0, 8, 2557.79
1639436749, 3, 216, 284, 111, 0, 0.65%, 7, 0, 8, 2545.57
1639436754, 3, 228, 285, 109, 0, 0.65%, 7, 0, 8, 2559.73
1639436759, 3, 255, 285, 104, 0, 0.65%, 8, 0, 8, 2572.12
1639436764, 3, 271, 287, 104, 0, 0.65%, 8, 0, 8, 2585.62
1639436770, 3, 284, 289, 103, 0, 0.65%, 8, 0, 8, 2583.60
1639436775, 4, 58, 290, 100, 0, 0.66%, 8, 0, 8, 2562.58
1639436780, 4, 126, 290, 98, 0, 0.66%, 9, 0, 8, 2549.84
1639436785, 4, 183, 290, 90, 0, 0.66%, 9, 0, 8, 2561.58
1639436790, 4, 290, 292, 90, 1, 0.67%, 9, 0, 8, 2555.25
1639436795, 4, 291, 293, 90, 2, 0.67%, 9, 0, 8, 2588.20
1639436800, 5, 47, 293, 84, 0, 0.67%, 9, 0, 8, 2573.64
1639436805, 5, 147, 297, 85, 1, 0.71%, 9, 0, 8, 2571.17
1639436810, 5, 295, 300, 88, 1, 0.72%, 9, 0, 8, 2579.78
1639436815, 5, 297, 300, 87, 3, 0.72%, 9, 0, 8, 2568.82
1639436820, 5, 299, 302, 87, 2, 0.72%, 10, 0, 8, 2529.30
1639436825, 5, 301, 302, 85, 1, 0.72%, 10, 0, 8, 2565.60
1639436831, 6, 0, 304, 85, 0, 0.73%, 10, 0, 8, 2523.88
1639436836, 6, 76, 304, 80, 0, 0.73%, 10, 0, 8, 2238.94
1639436841, 6, 119, 304, 77, 0, 0.73%, 10, 0, 8, 1606.39
1639436846, 6, 172, 304, 73, 0, 0.73%, 10, 0, 8, 1499.91
1639436851, 6, 198, 304, 71, 0, 0.73%, 11, 0, 8, 1416.84
1639436856, 6, 203, 304, 71, 0, 0.73%, 11, 0, 8, 1414.23
1639436861, 6, 215, 304, 71, 0, 0.73%, 11, 0, 8, 1436.21
1639436866, 6, 227, 304, 71, 0, 0.73%, 11, 0, 8, 1455.86
1639436871, 6, 251, 304, 69, 0, 0.73%, 11, 0, 8, 1437.46
