# unix_time, cycles_done, cur_path, paths_total, pending_total, pending_favs, map_size, unique_crashes, unique_hangs, max_depth, execs_per_sec
1639437480, 0, 0, 1, 1, 1, 0.12%, 0, 0, 1, 2000.00
1639437485, 0, 0, 74, 74, 1, 0.45%, 2, 0, 2, 1575.47
1639437490, 0, 6, 98, 97, 38, 0.50%, 2, 0, 3, 1479.70
1639437495, 0, 20, 125, 117, 38, 0.51%, 2, 0, 3, 1463.28
1639437500, 0, 44, 151, 131, 26, 0.52%, 2, 0, 3, 1445.65
1639437505, 0, 62, 161, 133, 21, 0.53%, 3, 0, 3, 1445.92
1639437510, 0, 74, 167, 133, 16, 0.53%, 4, 0, 3, 1441.92
1639437516, 0, 93, 173, 131, 11, 0.54%, 4, 0, 4, 1448.66
1639437521, 0, 134, 181, 134, 9, 0.54%, 5, 0, 4, 1423.86
1639437526, 0, 176, 183, 130, 4, 0.54%, 6, 0, 5, 1456.11
1639437531, 0, 181, 184, 128, 1, 0.54%, 6, 0, 5, 1470.02
1639437536, 1, 32, 184, 122, 0, 0.54%, 6, 0, 5, 1411.69
1639437541, 1, 186, 195, 131, 1, 0.57%, 6, 0, 5, 1450.42
1639437546, 1, 187, 203, 138, 7, 0.60%, 6, 0, 5, 1467.14
1639437551, 1, 188, 205, 139, 10, 0.60%, 6, 0, 5, 1452.40
1639437556, 1, 189, 209, 142, 9, 0.60%, 6, 0, 5, 1458.64
1639437562, 1, 191, 209, 140, 7, 0.60%, 6, 0, 5, 1455.74
1639437567, 1, 195, 221, 150, 5, 0.62%, 6, 0, 5, 1461.37
1639437572, 1, 197, 226, 154, 9, 0.62%, 6, 0, 6, 1464.96
1639437582, 1, 202, 230, 156, 7, 0.62%, 6, 0, 6, 1455.85
1639437587, 1, 205, 230, 154, 5, 0.62%, 6, 0, 6, 1474.66
1639437592, 1, 216, 233, 155, 5, 0.62%, 6, 0, 6, 1462.40
1639437597, 1, 223, 235, 155, 3, 0.62%, 6, 0, 6, 1467.83
1639437602, 1, 231, 240, 159, 3, 0.63%, 6, 0, 7, 1460.40
1639437612, 1, 237, 245, 162, 2, 0.63%, 6, 0, 8, 1466.55
1639437618, 1, 240, 246, 162, 3, 0.63%, 6, 0, 8, 1448.78
1639437623, 1, 242, 249, 164, 1, 0.63%, 6, 0, 9, 1450.69
1639437628, 1, 247, 250, 163, 1, 0.64%, 6, 0, 10, 1457.04
1639437633, 1, 251, 252, 163, 1, 0.64%, 6, 0, 11, 1472.20
1639437638, 2, 20, 252, 160, 0, 0.64%, 6, 0, 11, 1460.33
1639437643, 2, 45, 252, 158, 0, 0.64%, 7, 0, 11, 1453.63
1639437648, 2, 58, 253, 154, 0, 0.64%, 7, 0, 11, 1429.92
1639437653, 2, 69, 253, 152, 0, 0.64%, 8, 0, 11, 1443.97
1639437658, 2, 89, 253, 149, 0, 0.64%, 8, 0, 11, 1458.88
1639437663, 2, 123, 253, 144, 0, 0.64%, 8, 0, 11, 1471.49
1639437668, 2, 241, 255, 142, 1, 0.65%, 9, 0, 11, 1447.76
1639437673, 2, 254, 258, 144, 1, 0.65%, 9, 0, 11, 1417.85
1639437679, 2, 256, 260, 145, 1, 0.65%, 9, 0, 11, 1392.07
1639437684, 2, 257, 262, 146, 0, 0.65%, 9, 0, 11, 1452.86
1639437689, 3, 20, 262, 141, 0, 0.65%, 9, 0, 11, 1458.42
1639437694, 3, 45, 263, 140, 0, 0.65%, 9, 0, 11, 1467.28
1639437699, 3, 67, 263, 140, 0, 0.65%, 9, 0, 11, 1431.74
1639437704, 3, 85, 263, 138, 0, 0.65%, 9, 0, 11, 1454.80
1639437709, 3, 105, 264, 135, 0, 0.65%, 9, 0, 11, 1453.91
1639437714, 3, 142, 264, 129, 0, 0.65%, 9, 0, 11, 1454.30
1639437719, 3, 165, 265, 124, 0, 0.65%, 9, 0, 11, 1454.08
1639437724, 3, 176, 267, 122, 0, 0.65%, 9, 0, 11, 1449.95
1639437729, 3, 267, 268, 123, 1, 0.65%, 10, 0, 11, 1435.05
1639437735, 4, 31, 268, 120, 0, 0.65%, 10, 0, 11, 1449.78
1639437740, 4, 49, 270, 122, 0, 0.65%, 10, 0, 11, 1283.37
1639437745, 4, 71, 270, 121, 0, 0.65%, 10, 0, 11, 1740.79
1639437750, 4, 99, 270, 119, 0, 0.65%, 10, 0, 11, 1551.64
1639437755, 4, 127, 270, 114, 0, 0.65%, 10, 0, 11, 1443.18
1639437760, 4, 157, 270, 110, 0, 0.65%, 10, 0, 11, 1418.08
1639437765, 4, 178, 270, 109, 0, 0.65%, 10, 0, 11, 1441.02
1639437770, 4, 183, 270, 107, 0, 0.65%, 10, 0, 11, 1451.99
1639437775, 4, 189, 270, 106, 0, 0.65%, 10, 0, 11, 1463.04
