# unix_time, cycles_done, cur_path, paths_total, pending_total, pending_favs, map_size, unique_crashes, unique_hangs, max_depth, execs_per_sec
1639476129, 0, 0, 1, 1, 1, 0.12%, 0, 0, 1, 1600.00
1639476134, 0, 0, 72, 72, 1, 0.44%, 4, 0, 2, 1378.30
1639476139, 0, 4, 90, 89, 37, 0.47%, 5, 0, 3, 1377.84
1639476144, 0, 22, 111, 105, 34, 0.48%, 5, 0, 3, 1360.55
1639476149, 0, 43, 126, 106, 22, 0.49%, 5, 0, 3, 1342.42
1639476154, 0, 56, 134, 110, 18, 0.51%, 5, 0, 3, 1389.26
1639476159, 0, 66, 148, 120, 19, 0.53%, 5, 0, 3, 1349.12
1639476165, 0, 76, 159, 128, 19, 0.54%, 6, 0, 3, 1344.96
1639476170, 0, 87, 160, 125, 16, 0.54%, 6, 0, 4, 1360.21
1639476175, 0, 103, 169, 131, 14, 0.54%, 7, 0, 4, 1354.87
1639476180, 0, 134, 174, 132, 14, 0.59%, 7, 0, 4, 1369.89
1639476185, 0, 156, 179, 129, 7, 0.60%, 7, 0, 4, 1366.51
1639476190, 0, 171, 181, 128, 5, 0.60%, 8, 0, 5, 1377.58
1639476195, 0, 179, 184, 127, 1, 0.60%, 8, 0, 5, 1381.52
1639476200, 0, 179, 195, 138, 1, 0.63%, 8, 0, 5, 1147.78
1639476205, 0, 184, 199, 140, 9, 0.63%, 8, 0, 6, 1315.52
1639476210, 0, 188, 205, 144, 7, 0.63%, 9, 0, 6, 1356.53
1639476215, 0, 189, 212, 150, 7, 0.64%, 9, 0, 6, 1355.21
1639476220, 0, 192, 218, 155, 9, 0.64%, 10, 0, 6, 1395.54
1639476225, 0, 202, 227, 160, 8, 0.65%, 10, 0, 7, 1406.30
1639476231, 0, 207, 227, 159, 8, 0.65%, 10, 0, 7, 1400.20
1639476236, 0, 209, 234, 165, 7, 0.65%, 11, 0, 7, 1397.52
1639476241, 0, 212, 239, 168, 6, 0.65%, 13, 0, 7, 1401.98
1639476246, 0, 218, 244, 171, 5, 0.66%, 13, 0, 7, 1382.92
1639476251, 0, 218, 249, 176, 5, 0.69%, 13, 0, 7, 1418.75
1639476256, 0, 223, 251, 175, 8, 0.69%, 14, 0, 7, 1425.92
1639476261, 0, 240, 254, 177, 7, 0.69%, 14, 0, 8, 1421.91
1639476266, 0, 246, 257, 177, 4, 0.70%, 14, 0, 8, 1422.72
1639476271, 0, 255, 263, 179, 4, 0.71%, 14, 0, 8, 1411.33
1639476276, 0, 258, 266, 181, 4, 0.71%, 14, 0, 9, 1410.64
1639476281, 0, 260, 268, 182, 3, 0.71%, 14, 0, 9, 1417.87
1639476286, 0, 265, 273, 185, 2, 0.74%, 14, 0, 10, 1403.42
1639476291, 0, 269, 276, 187, 1, 0.75%, 14, 0, 11, 1421.33
1639476296, 0, 274, 287, 197, 11, 0.77%, 14, 0, 11, 1440.27
1639476301, 0, 278, 290, 197, 9, 0.77%, 14, 0, 12, 1438.30
1639476306, 0, 281, 291, 195, 7, 0.77%, 14, 0, 12, 1431.06
1639476312, 0, 285, 293, 194, 4, 0.77%, 14, 0, 12, 1439.27
1639476317, 0, 289, 298, 196, 1, 0.78%, 14, 0, 13, 1438.36
1639476322, 0, 298, 307, 204, 1, 0.78%, 14, 0, 14, 1441.50
1639476327, 0, 303, 309, 205, 1, 0.78%, 14, 0, 15, 1909.04
1639476332, 1, 21, 310, 200, 0, 0.78%, 14, 0, 15, 1655.80
1639476337, 1, 310, 311, 196, 1, 0.78%, 15, 0, 15, 1439.17
1639476342, 2, 229, 313, 193, 1, 0.78%, 15, 0, 15, 1411.22
1639476347, 3, 14, 314, 191, 0, 0.78%, 15, 0, 15, 1443.37
1639476352, 3, 45, 315, 189, 0, 0.78%, 15, 0, 15, 1441.30
1639476357, 3, 80, 316, 187, 0, 0.78%, 15, 0, 15, 1423.35
1639476362, 3, 91, 317, 185, 0, 0.78%, 15, 0, 15, 1448.74
1639476367, 3, 111, 320, 182, 0, 0.78%, 15, 0, 15, 1427.57
1639476373, 3, 139, 321, 179, 0, 0.78%, 15, 0, 15, 1437.76
1639476378, 3, 155, 322, 177, 0, 0.78%, 15, 0, 15, 1433.76
1639476383, 3, 171, 324, 176, 0, 0.78%, 15, 0, 15, 1424.37
1639476388, 3, 323, 325, 177, 1, 0.78%, 16, 0, 15, 1420.29
1639476393, 4, 30, 325, 175, 0, 0.78%, 16, 0, 15, 1445.12
1639476398, 4, 62, 326, 174, 0, 0.78%, 16, 0, 15, 1439.37
1639476403, 4, 86, 327, 172, 0, 0.78%, 16, 0, 15, 1434.43
1639476408, 4, 111, 327, 170, 0, 0.78%, 17, 0, 15, 1437.85
1639476414, 4, 140, 329, 167, 0, 0.78%, 17, 0, 15, 1433.40
1639476419, 4, 208, 330, 167, 1, 0.78%, 17, 0, 15, 1426.34
1639476424, 4, 329, 334, 170, 1, 0.78%, 17, 0, 15, 1444.94
1639476429, 4, 330, 334, 169, 0, 0.78%, 17, 0, 15, 1447.58
