# unix_time, cycles_done, cur_path, paths_total, pending_total, pending_favs, map_size, unique_crashes, unique_hangs, max_depth, execs_per_sec
1639482162, 0, 0, 1, 1, 1, 0.12%, 0, 0, 1, 2000.00
1639482167, 0, 0, 77, 77, 1, 0.44%, 5, 0, 2, 1543.10
1639482172, 0, 22, 107, 100, 37, 0.51%, 6, 0, 3, 1451.85
1639482177, 0, 35, 134, 118, 30, 0.53%, 6, 0, 3, 1401.86
1639482182, 0, 59, 143, 118, 27, 0.53%, 6, 0, 3, 1417.42
1639482187, 0, 74, 158, 128, 23, 0.54%, 6, 0, 3, 1412.06
1639482193, 0, 86, 162, 127, 20, 0.54%, 7, 0, 3, 1408.48
1639482198, 0, 100, 166, 125, 14, 0.54%, 7, 0, 4, 1415.99
1639482203, 0, 137, 172, 126, 9, 0.54%, 9, 0, 4, 1408.15
1639482208, 0, 148, 182, 134, 13, 0.56%, 9, 0, 4, 1413.20
1639482213, 0, 156, 187, 134, 8, 0.56%, 9, 0, 4, 1424.40
1639482218, 0, 171, 191, 135, 6, 0.56%, 12, 0, 5, 1423.45
1639482223, 0, 175, 193, 134, 4, 0.56%, 12, 0, 5, 1444.78
1639482228, 0, 178, 198, 137, 3, 0.57%, 12, 0, 5, 1425.90
1639482233, 0, 196, 206, 142, 1, 0.58%, 12, 0, 6, 1416.14
1639482238, 0, 208, 213, 145, 4, 0.62%, 13, 0, 8, 1403.39
1639482243, 0, 212, 220, 148, 0, 0.62%, 13, 0, 9, 1426.64
1639482249, 0, 217, 223, 150, 3, 0.63%, 13, 0, 10, 1427.17
1639482254, 0, 221, 226, 151, 4, 0.63%, 13, 0, 10, 1430.97
1639482259, 0, 222, 231, 155, 4, 0.63%, 13, 0, 11, 1421.34
1639482264, 0, 225, 235, 157, 2, 0.63%, 13, 0, 11, 1428.23
1639482269, 1, 2, 237, 156, 0, 0.63%, 13, 0, 12, 1411.29
1639482274, 1, 237, 255, 170, 1, 0.65%, 13, 0, 12, 1401.48
1639482279, 1, 238, 258, 172, 5, 0.65%, 13, 0, 12, 1381.00
1639482284, 1, 247, 260, 173, 4, 0.65%, 13, 0, 12, 1386.72
1639482289, 1, 250, 261, 173, 4, 0.65%, 13, 0, 12, 1398.65
1639482294, 1, 252, 266, 177, 4, 0.65%, 14, 0, 12, 1424.16
1639482299, 1, 257, 268, 178, 3, 0.65%, 14, 0, 12, 1437.53
1639482304, 1, 265, 271, 179, 1, 0.65%, 15, 0, 12, 1435.61
1639482309, 1, 265, 273, 181, 1, 0.65%, 15, 0, 12, 1427.11
1639482314, 2, 4, 273, 179, 0, 0.65%, 16, 0, 12, 1414.83
1639482319, 2, 35, 275, 175, 0, 0.65%, 16, 0, 12, 1430.40
1639482325, 2, 275, 277, 171, 1, 0.66%, 16, 0, 12, 1431.96
1639482330, 2, 276, 279, 172, 1, 0.66%, 16, 0, 12, 1431.58
1639482335, 3, 24, 282, 170, 0, 0.66%, 16, 0, 12, 1430.33
1639482340, 3, 50, 282, 166, 0, 0.66%, 16, 0, 12, 1446.23
1639482345, 3, 76, 282, 163, 0, 0.66%, 16, 0, 12, 1442.18
1639482350, 3, 93, 283, 163, 0, 0.66%, 16, 0, 12, 1423.02
1639482355, 3, 110, 283, 159, 0, 0.66%, 16, 0, 12, 1439.25
1639482360, 3, 137, 283, 153, 0, 0.66%, 16, 0, 12, 1425.25
1639482366, 3, 157, 284, 154, 0, 0.66%, 16, 0, 12, 1347.99
1639482371, 3, 167, 288, 154, 0, 0.66%, 16, 0, 12, 1406.44
1639482376, 3, 173, 288, 152, 0, 0.66%, 16, 0, 12, 1412.75
1639482381, 3, 196, 288, 150, 0, 0.66%, 16, 0, 12, 1423.66
1639482386, 3, 207, 288, 148, 0, 0.66%, 16, 0, 12, 1427.11
1639482391, 3, 216, 288, 148, 0, 0.66%, 16, 0, 12, 1406.17
1639482396, 3, 220, 290, 149, 0, 0.66%, 16, 0, 12, 1427.71
1639482401, 3, 222, 290, 148, 0, 0.66%, 16, 0, 12, 1431.56
1639482406, 3, 226, 290, 148, 0, 0.66%, 16, 0, 12, 1430.07
1639482411, 3, 238, 290, 145, 0, 0.66%, 16, 0, 12, 1775.24
1639482416, 3, 247, 290, 143, 0, 0.66%, 16, 0, 12, 1908.41
1639482422, 3, 251, 290, 143, 0, 0.66%, 16, 0, 12, 1516.87
1639482427, 3, 258, 290, 142, 0, 0.66%, 16, 0, 12, 1430.08
1639482432, 3, 260, 291, 142, 0, 0.66%, 16, 0, 12, 1397.41
1639482437, 3, 261, 293, 144, 0, 0.66%, 16, 0, 12, 1414.92
1639482442, 3, 266, 293, 143, 0, 0.66%, 16, 0, 12, 1406.96
1639482447, 3, 268, 296, 145, 0, 0.67%, 16, 0, 12, 1382.25
1639482452, 3, 294, 299, 147, 2, 0.67%, 16, 0, 12, 1376.34
1639482457, 3, 296, 300, 147, 2, 0.67%, 16, 0, 12, 1394.91
1639482462, 3, 298, 300, 146, 2, 0.67%, 17, 0, 12, 1378.19
