# unix_time, cycles_done, cur_path, paths_total, pending_total, pending_favs, map_size, unique_crashes, unique_hangs, max_depth, execs_per_sec
1639515937, 0, 0, 803, 803, 96, 0.92%, 0, 0, 1, 1274.35
1639515942, 0, 37, 803, 794, 88, 0.92%, 4, 0, 1, 1346.22
1639515947, 0, 121, 803, 786, 80, 0.92%, 5, 0, 1, 1344.98
1639515952, 0, 150, 803, 778, 73, 0.92%, 5, 0, 1, 1333.08
1639515957, 0, 237, 803, 772, 67, 0.92%, 5, 0, 1, 1322.88
1639515962, 0, 277, 803, 765, 61, 0.92%, 5, 0, 1, 1386.85
1639515968, 0, 379, 803, 753, 49, 0.92%, 5, 0, 1, 1418.04
1639515973, 0, 428, 803, 745, 41, 0.92%, 5, 0, 1, 1431.82
1639515978, 0, 506, 803, 736, 33, 0.92%, 5, 0, 1, 1436.80
1639515983, 0, 596, 804, 727, 23, 0.92%, 5, 0, 2, 1445.20
1639515988, 0, 618, 804, 719, 15, 0.92%, 5, 0, 2, 1448.70
1639515993, 0, 709, 804, 709, 7, 0.92%, 6, 0, 2, 1442.49
1639515998, 0, 801, 804, 700, 0, 0.92%, 7, 0, 2, 1422.41
1639516003, 1, 14, 804, 693, 0, 0.92%, 8, 0, 2, 1436.37
1639516008, 1, 27, 804, 689, 0, 0.92%, 8, 0, 2, 1434.92
1639516013, 1, 45, 804, 684, 0, 0.92%, 8, 0, 2, 1431.46
1639516018, 1, 65, 804, 678, 0, 0.92%, 8, 0, 2, 1436.67
1639516023, 1, 98, 804, 672, 0, 0.92%, 8, 0, 2, 1433.71
1639516028, 1, 138, 804, 667, 0, 0.92%, 10, 0, 2, 1413.05
1639516033, 1, 153, 804, 662, 0, 0.92%, 10, 0, 2, 1444.65
1639516039, 1, 184, 804, 654, 0, 0.92%, 10, 0, 2, 1429.23
1639516044, 1, 210, 805, 646, 0, 0.92%, 11, 0, 2, 1443.43
1639516049, 1, 232, 806, 643, 0, 0.92%, 11, 0, 2, 1433.97
1639516054, 1, 260, 806, 637, 0, 0.92%, 12, 0, 2, 1770.64
1639516059, 1, 271, 806, 632, 0, 0.92%, 12, 0, 2, 1498.45
1639516064, 1, 296, 806, 628, 0, 0.92%, 13, 0, 2, 1409.50
1639516069, 1, 334, 806, 620, 0, 0.92%, 13, 0, 2, 1388.92
1639516074, 1, 362, 806, 614, 0, 0.92%, 13, 0, 2, 1384.14
1639516080, 1, 388, 806, 608, 0, 0.92%, 13, 0, 2, 1381.86
1639516085, 1, 417, 806, 604, 0, 0.92%, 14, 0, 2, 1371.47
1639516090, 1, 442, 806, 600, 0, 0.92%, 14, 0, 2, 1340.32
1639516095, 1, 463, 806, 594, 0, 0.92%, 14, 0, 2, 1384.90
1639516100, 1, 502, 806, 587, 0, 0.92%, 14, 0, 2, 1416.97
1639516105, 1, 533, 806, 582, 0, 0.92%, 14, 0, 2, 1405.67
1639516110, 1, 564, 806, 577, 0, 0.92%, 14, 0, 2, 1385.18
1639516115, 1, 597, 806, 572, 0, 0.92%, 14, 0, 2, 1316.57
1639516120, 1, 618, 806, 571, 0, 0.92%, 15, 0, 2, 1318.57
1639516125, 1, 653, 806, 564, 0, 0.92%, 15, 0, 2, 1389.00
1639516130, 1, 680, 806, 559, 0, 0.92%, 15, 0, 2, 1407.16
1639516135, 1, 730, 806, 549, 0, 0.92%, 15, 0, 2, 1435.35
1639516140, 1, 771, 806, 540, 0, 0.92%, 15, 0, 2, 1422.76
1639516145, 1, 782, 806, 535, 0, 0.92%, 15, 0, 2, 1361.12
1639516151, 2, 6, 806, 531, 0, 0.92%, 15, 0, 2, 1231.61
1639516156, 2, 24, 806, 528, 0, 0.92%, 15, 0, 2, 1175.72
1639516161, 2, 46, 806, 526, 0, 0.92%, 15, 0, 2, 1164.94
1639516166, 2, 68, 806, 520, 0, 0.92%, 15, 0, 2, 1210.02
1639516171, 2, 96, 806, 513, 0, 0.92%, 15, 0, 2, 1309.74
1639516176, 2, 127, 806, 507, 0, 0.92%, 15, 0, 2, 1374.96
1639516181, 2, 150, 806, 504, 0, 0.92%, 15, 0, 2, 1423.04
1639516187, 2, 175, 806, 496, 0, 0.92%, 15, 0, 2, 1428.93
1639516192, 2, 209, 806, 490, 0, 0.92%, 15, 0, 2, 1434.29
1639516197, 2, 230, 806, 487, 0, 0.92%, 15, 0, 2, 1436.04
1639516202, 2, 263, 806, 482, 0, 0.92%, 15, 0, 2, 1412.61
1639516207, 2, 292, 806, 478, 0, 0.92%, 15, 0, 2, 1437.45
1639516212, 2, 320, 806, 469, 0, 0.92%, 15, 0, 2, 1435.34
1639516217, 2, 351, 806, 465, 0, 0.92%, 16, 0, 2, 1420.07
1639516223, 2, 386, 806, 459, 0, 0.92%, 16, 0, 2, 1424.76
1639516228, 2, 413, 806, 454, 0, 0.92%, 16, 0, 2, 1420.50
