# unix_time, cycles_done, cur_path, paths_total, pending_total, pending_favs, map_size, unique_crashes, unique_hangs, max_depth, execs_per_sec
1639516850, 0, 0, 841, 841, 99, 0.92%, 0, 0, 1, 1227.07
1639516855, 0, 135, 841, 829, 87, 0.92%, 3, 0, 1, 1357.03
1639516860, 0, 276, 841, 820, 78, 0.92%, 5, 0, 1, 1406.74
1639516865, 0, 362, 841, 811, 70, 0.92%, 5, 0, 1, 1437.86
1639516870, 0, 404, 841, 801, 60, 0.92%, 9, 0, 1, 1437.63
1639516875, 0, 493, 841, 790, 51, 0.92%, 9, 0, 1, 1430.83
1639516881, 0, 529, 841, 783, 45, 0.92%, 9, 0, 1, 1436.69
1639516886, 0, 570, 841, 774, 38, 0.92%, 10, 0, 1, 1435.34
1639516891, 0, 643, 841, 762, 28, 0.92%, 10, 0, 1, 1458.51
1639516896, 0, 686, 841, 754, 20, 0.92%, 11, 0, 1, 1444.24
1639516901, 0, 747, 841, 745, 11, 0.92%, 12, 0, 1, 1460.92
1639516906, 0, 821, 841, 735, 3, 0.92%, 13, 0, 1, 1448.85
1639516911, 1, 16, 841, 728, 0, 0.92%, 13, 0, 1, 1440.63
1639516916, 1, 36, 841, 721, 0, 0.92%, 13, 0, 1, 1406.33
1639516921, 1, 66, 841, 716, 0, 0.92%, 13, 0, 1, 1447.21
1639516926, 1, 99, 841, 709, 0, 0.92%, 13, 0, 1, 1459.49
1639516931, 1, 114, 841, 703, 0, 0.92%, 13, 0, 1, 1454.17
1639516936, 1, 136, 841, 694, 0, 0.92%, 13, 0, 1, 1403.03
1639516941, 1, 164, 841, 688, 0, 0.92%, 15, 0, 1, 1391.95
1639516947, 1, 182, 841, 681, 0, 0.92%, 16, 0, 1, 1375.43
1639516952, 1, 198, 841, 675, 0, 0.92%, 16, 0, 1, 1367.22
1639516957, 1, 223, 841, 667, 0, 0.92%, 16, 0, 1, 1543.97
1639516962, 1, 271, 841, 655, 0, 0.92%, 16, 0, 1, 1714.39
1639516967, 1, 291, 841, 651, 0, 0.92%, 16, 0, 1, 1416.21
1639516972, 1, 318, 841, 644, 0, 0.92%, 18, 0, 1, 1393.77
1639516977, 1, 336, 841, 638, 0, 0.92%, 18, 0, 1, 1406.79
1639516982, 1, 366, 841, 632, 0, 0.92%, 18, 0, 1, 1419.54
1639516987, 1, 384, 841, 628, 0, 0.92%, 19, 0, 1, 1416.58
1639516993, 1, 419, 841, 622, 0, 0.92%, 19, 0, 1, 1432.30
1639516998, 1, 447, 841, 615, 0, 0.92%, 19, 0, 1, 1431.40
1639517003, 1, 480, 841, 609, 0, 0.92%, 19, 0, 1, 1438.30
1639517008, 1, 506, 841, 604, 0, 0.92%, 19, 0, 1, 1401.73
1639517013, 1, 524, 841, 599, 0, 0.92%, 19, 0, 1, 1322.42
1639517018, 1, 543, 841, 596, 0, 0.92%, 19, 0, 1, 1263.23
1639517023, 1, 555, 841, 591, 0, 0.92%, 19, 0, 1, 1258.01
1639517028, 1, 579, 841, 587, 0, 0.92%, 19, 0, 1, 1235.30
1639517040, 1, 595, 841, 582, 0, 0.92%, 19, 0, 1, 17.17
1639517046, 1, 615, 841, 576, 0, 0.92%, 19, 0, 1, 1336.36
1639517051, 1, 648, 841, 571, 0, 0.92%, 19, 0, 1, 1404.79
1639517056, 1, 673, 841, 566, 0, 0.92%, 19, 0, 1, 1406.93
1639517061, 1, 700, 841, 560, 0, 0.92%, 20, 0, 1, 1373.03
1639517066, 1, 732, 841, 554, 0, 0.92%, 20, 0, 1, 1404.84
1639517071, 1, 752, 841, 548, 0, 0.92%, 20, 0, 1, 1423.47
1639517076, 1, 793, 841, 543, 0, 0.92%, 20, 0, 1, 1460.02
1639517081, 1, 821, 841, 537, 0, 0.92%, 20, 0, 1, 1438.14
1639517086, 1, 838, 842, 534, 0, 0.92%, 20, 0, 2, 1420.12
1639517092, 2, 37, 842, 528, 0, 0.92%, 20, 0, 2, 1465.30
1639517097, 2, 67, 842, 519, 0, 0.92%, 20, 0, 2, 1467.58
1639517102, 2, 101, 842, 514, 0, 0.92%, 20, 0, 2, 1472.14
1639517107, 2, 126, 843, 509, 0, 0.92%, 20, 0, 2, 1454.60
1639517112, 2, 164, 843, 505, 0, 0.92%, 20, 0, 2, 1481.49
1639517117, 2, 198, 843, 501, 0, 0.92%, 21, 0, 2, 1460.94
1639517122, 2, 236, 843, 492, 0, 0.92%, 21, 0, 2, 1465.82
1639517127, 2, 251, 843, 485, 0, 0.92%, 21, 0, 2, 1463.83
1639517132, 2, 276, 843, 479, 0, 0.92%, 21, 0, 2, 1466.16
1639517137, 2, 296, 843, 474, 0, 0.92%, 21, 0, 2, 1476.99
1639517142, 2, 344, 843, 469, 0, 0.92%, 21, 0, 2, 1480.37
