# unix_time, cycles_done, cur_path, paths_total, pending_total, pending_favs, map_size, unique_crashes, unique_hangs, max_depth, execs_per_sec
1639471909, 0, 0, 1, 1, 1, 0.12%, 0, 0, 1, 2000.00
1639471914, 0, 0, 67, 67, 1, 0.32%, 9, 0, 2, 1537.59
1639471919, 0, 6, 86, 84, 30, 0.34%, 12, 0, 3, 1459.48
1639471924, 0, 19, 108, 101, 31, 0.35%, 13, 0, 3, 1406.01
1639471929, 0, 44, 131, 115, 27, 0.37%, 14, 0, 3, 1416.10
1639471934, 0, 62, 139, 114, 20, 0.38%, 15, 0, 3, 1399.80
1639471939, 0, 83, 155, 121, 15, 0.39%, 15, 0, 4, 1816.15
1639471944, 0, 127, 165, 123, 10, 0.40%, 16, 0, 4, 1497.93
1639471949, 0, 145, 174, 129, 8, 0.40%, 16, 0, 5, 1426.75
1639471954, 0, 151, 179, 133, 9, 0.40%, 16, 0, 5, 1414.62
1639471959, 0, 160, 182, 133, 7, 0.42%, 16, 0, 5, 1402.01
1639471964, 0, 172, 183, 130, 5, 0.42%, 17, 0, 5, 1403.15
1639471969, 0, 176, 184, 129, 3, 0.42%, 18, 0, 6, 1402.29
1639471975, 0, 181, 186, 128, 1, 0.43%, 18, 0, 6, 1401.58
1639471980, 0, 185, 190, 130, 1, 0.45%, 18, 0, 7, 1438.10
1639471985, 0, 186, 190, 129, 4, 0.45%, 18, 0, 7, 1410.73
1639471990, 0, 192, 195, 130, 2, 0.46%, 19, 0, 9, 1408.95
1639471995, 0, 193, 198, 132, 2, 0.46%, 19, 0, 9, 1271.28
1639472000, 0, 194, 200, 133, 1, 0.46%, 19, 0, 10, 1344.94
1639472005, 0, 199, 205, 137, 1, 0.46%, 20, 0, 11, 1369.27
1639472010, 1, 11, 206, 133, 0, 0.46%, 22, 0, 12, 1387.53
1639472015, 1, 47, 208, 132, 0, 0.46%, 22, 0, 12, 1399.51
1639472020, 1, 68, 211, 132, 0, 0.46%, 22, 0, 12, 1410.39
1639472025, 1, 83, 211, 130, 0, 0.46%, 22, 0, 12, 1399.64
1639472030, 1, 123, 214, 128, 0, 0.46%, 22, 0, 12, 1380.13
1639472036, 1, 144, 214, 123, 0, 0.46%, 22, 0, 12, 1407.82
1639472041, 1, 152, 219, 127, 0, 0.46%, 23, 0, 12, 1437.65
1639472046, 1, 162, 219, 124, 0, 0.46%, 23, 0, 12, 1432.58
1639472051, 1, 173, 222, 127, 0, 0.46%, 23, 0, 12, 1418.18
1639472056, 2, 10, 223, 126, 0, 0.46%, 24, 0, 12, 1380.03
1639472061, 2, 40, 223, 123, 0, 0.46%, 24, 0, 12, 1386.04
1639472066, 2, 62, 223, 119, 0, 0.46%, 24, 0, 12, 1444.27
1639472071, 2, 81, 224, 119, 0, 0.46%, 24, 0, 12, 1427.53
1639472076, 2, 109, 225, 116, 0, 0.46%, 24, 0, 12, 1431.77
1639472081, 2, 131, 225, 112, 0, 0.46%, 24, 0, 12, 1433.31
1639472086, 2, 159, 226, 110, 0, 0.46%, 24, 0, 12, 1436.79
1639472091, 2, 172, 226, 107, 0, 0.46%, 24, 0, 12, 1429.64
1639472096, 2, 179, 226, 106, 0, 0.46%, 24, 0, 12, 1463.35
1639472101, 2, 186, 226, 106, 0, 0.46%, 24, 0, 12, 1445.11
1639472106, 2, 193, 226, 106, 0, 0.46%, 24, 0, 12, 1440.58
1639472111, 2, 203, 228, 107, 0, 0.46%, 24, 0, 12, 1446.17
1639472116, 2, 215, 230, 106, 0, 0.46%, 24, 0, 12, 1428.76
1639472122, 2, 217, 235, 110, 0, 0.46%, 24, 0, 12, 1399.84
1639472127, 2, 219, 238, 112, 0, 0.46%, 24, 0, 12, 1438.65
1639472132, 2, 221, 238, 111, 0, 0.46%, 24, 0, 12, 1427.62
1639472137, 2, 232, 239, 110, 0, 0.46%, 24, 0, 12, 1411.13
1639472142, 2, 234, 242, 112, 0, 0.46%, 25, 0, 12, 1415.80
1639472147, 2, 235, 243, 112, 0, 0.46%, 25, 0, 12, 1401.89
1639472152, 2, 237, 245, 113, 0, 0.47%, 25, 0, 12, 1402.59
1639472157, 2, 244, 249, 115, 0, 0.47%, 25, 0, 12, 1407.48
1639472162, 3, 28, 249, 112, 0, 0.47%, 25, 0, 12, 1413.49
1639472167, 3, 52, 249, 110, 0, 0.47%, 25, 0, 12, 1420.29
1639472172, 3, 69, 250, 110, 0, 0.47%, 25, 0, 12, 1435.27
1639472177, 3, 251, 252, 110, 1, 0.47%, 26, 0, 12, 1399.87
1639472182, 4, 33, 252, 104, 0, 0.47%, 26, 0, 12, 1429.44
1639472187, 4, 59, 252, 103, 0, 0.47%, 26, 0, 12, 1445.92
1639472192, 4, 79, 252, 100, 0, 0.47%, 26, 0, 12, 1445.19
1639472197, 4, 109, 253, 98, 0, 0.47%, 26, 0, 12, 1431.95
1639472203, 4, 128, 254, 95, 0, 0.47%, 26, 0, 12, 1445.14
1639472208, 4, 154, 254, 93, 0, 0.47%, 26, 0, 12, 1420.11
