# unix_time, cycles_done, cur_path, paths_total, pending_total, pending_favs, map_size, unique_crashes, unique_hangs, max_depth, execs_per_sec
1639510928, 0, 0, 1, 1, 1, 0.12%, 0, 0, 1, 1600.00
1639510933, 0, 3, 94, 93, 41, 0.46%, 4, 0, 3, 2025.31
1639510938, 0, 24, 117, 105, 33, 0.50%, 4, 0, 3, 1440.29
1639510943, 0, 35, 128, 113, 30, 0.51%, 4, 0, 3, 1311.14
1639510948, 0, 54, 139, 115, 24, 0.51%, 4, 0, 3, 1301.09
1639510953, 0, 62, 149, 121, 22, 0.52%, 4, 0, 3, 1303.39
1639510958, 0, 84, 159, 122, 12, 0.52%, 4, 0, 3, 1307.21
1639510963, 0, 129, 171, 128, 9, 0.54%, 4, 0, 4, 1294.89
1639510968, 0, 157, 179, 132, 6, 0.54%, 6, 0, 4, 1295.01
1639510973, 0, 165, 181, 132, 7, 0.55%, 6, 0, 4, 1274.65
1639510978, 0, 177, 187, 135, 5, 0.56%, 7, 0, 5, 1264.64
1639510983, 0, 180, 188, 133, 2, 0.56%, 7, 0, 5, 1282.56
1639510988, 0, 185, 200, 144, 1, 0.58%, 9, 0, 6, 1295.78
1639510993, 0, 189, 211, 154, 9, 0.59%, 9, 0, 7, 1315.71
1639510998, 0, 191, 217, 158, 7, 0.60%, 9, 0, 7, 1263.44
1639511003, 0, 192, 222, 162, 12, 0.64%, 9, 0, 7, 1252.45
1639511008, 0, 199, 228, 166, 11, 0.64%, 10, 0, 7, 1257.58
1639511013, 0, 213, 230, 165, 8, 0.64%, 10, 0, 8, 1239.81
1639511018, 0, 217, 234, 166, 7, 0.65%, 11, 0, 8, 1190.09
1639511023, 0, 229, 235, 162, 5, 0.66%, 11, 0, 8, 1203.47
1639511028, 0, 233, 236, 160, 2, 0.66%, 11, 0, 9, 1235.76
1639511033, 0, 234, 240, 163, 2, 0.66%, 11, 0, 9, 1275.60
1639511038, 1, 7, 241, 160, 0, 0.66%, 11, 0, 9, 1298.98
1639511044, 1, 36, 243, 158, 0, 0.66%, 11, 0, 9, 1307.33
1639511049, 1, 59, 244, 155, 0, 0.66%, 11, 0, 9, 1332.66
1639511054, 1, 78, 245, 153, 0, 0.66%, 11, 0, 9, 1310.91
1639511059, 1, 247, 248, 153, 1, 0.67%, 11, 0, 9, 1326.09
1639511064, 2, 223, 249, 152, 1, 0.67%, 11, 0, 9, 1369.34
1639511069, 2, 248, 252, 154, 1, 0.67%, 11, 0, 9, 1413.98
1639511074, 3, 7, 252, 152, 0, 0.67%, 13, 0, 9, 1425.81
1639511079, 3, 46, 253, 151, 0, 0.67%, 13, 0, 9, 1448.81
1639511084, 3, 66, 254, 148, 0, 0.67%, 13, 0, 9, 1412.07
1639511089, 3, 87, 256, 148, 0, 0.67%, 13, 0, 9, 1308.60
1639511094, 3, 106, 256, 145, 0, 0.67%, 13, 0, 9, 1102.99
1639511100, 3, 140, 258, 142, 0, 0.67%, 14, 0, 9, 1061.19
1639511105, 3, 159, 260, 139, 0, 0.67%, 14, 0, 9, 1039.20
1639511110, 3, 177, 260, 138, 0, 0.67%, 14, 0, 9, 1090.03
1639511115, 3, 179, 260, 138, 0, 0.67%, 14, 0, 9, 1138.55
1639511120, 3, 185, 260, 136, 0, 0.67%, 14, 0, 9, 1209.25
1639511125, 3, 190, 260, 134, 0, 0.67%, 14, 0, 9, 1229.33
1639511130, 3, 198, 260, 133, 0, 0.67%, 14, 0, 9, 1270.81
1639511135, 3, 204, 263, 135, 0, 0.67%, 14, 0, 9, 1235.45
1639511140, 3, 211, 265, 136, 0, 0.67%, 15, 0, 9, 1223.52
1639511145, 3, 216, 265, 134, 0, 0.67%, 15, 0, 9, 1243.69
1639511150, 3, 229, 266, 135, 0, 0.67%, 15, 0, 9, 1269.73
1639511155, 3, 233, 266, 135, 0, 0.67%, 15, 0, 9, 1226.10
1639511160, 3, 235, 267, 136, 0, 0.67%, 15, 0, 9, 1153.83
1639511165, 3, 243, 269, 137, 0, 0.67%, 15, 0, 10, 1120.10
1639511170, 3, 255, 270, 137, 0, 0.67%, 15, 0, 10, 1148.31
1639511175, 3, 262, 274, 139, 0, 0.67%, 16, 0, 10, 1203.07
1639511180, 3, 262, 274, 139, 0, 0.67%, 17, 0, 10, 1226.36
1639511186, 3, 267, 277, 140, 0, 0.67%, 17, 0, 11, 1252.44
1639511191, 3, 271, 278, 140, 0, 0.67%, 17, 0, 11, 1257.30
1639511196, 3, 274, 278, 139, 0, 0.67%, 17, 0, 11, 1300.46
1639511201, 3, 276, 279, 139, 0, 0.67%, 17, 0, 12, 1270.21
1639511206, 4, 9, 279, 137, 0, 0.67%, 17, 0, 12, 1320.60
1639511211, 4, 44, 282, 136, 0, 0.67%, 17, 0, 12, 1374.26
1639511216, 4, 281, 283, 136, 1, 0.67%, 17, 0, 12, 1331.52
1639511221, 5, 27, 283, 134, 0, 0.67%, 18, 0, 12, 1371.33
1639511226, 5, 50, 283, 130, 0, 0.67%, 18, 0, 12, 1355.22
