# unix_time, cycles_done, cur_path, paths_total, pending_total, pending_favs, map_size, unique_crashes, unique_hangs, max_depth, execs_per_sec
1639545614, 0, 0, 1, 1, 1, 0.12%, 0, 0, 1, 888.89
1639545619, 0, 20, 106, 97, 35, 0.48%, 5, 0, 3, 2371.37
1639545624, 0, 54, 124, 98, 19, 0.49%, 6, 0, 3, 2036.65
1639545630, 0, 73, 135, 102, 14, 0.50%, 7, 0, 3, 1580.88
1639545635, 0, 87, 161, 124, 11, 0.52%, 7, 0, 3, 1471.42
1639545640, 0, 158, 174, 127, 6, 0.53%, 8, 0, 4, 1466.98
1639545645, 0, 176, 177, 124, 1, 0.54%, 8, 0, 5, 1477.18
1639545650, 1, 29, 180, 121, 0, 0.54%, 8, 0, 6, 1477.78
1639545655, 1, 181, 194, 134, 8, 0.57%, 8, 0, 6, 1468.42
1639545660, 1, 181, 204, 144, 8, 0.57%, 8, 0, 6, 1435.71
1639545665, 1, 185, 211, 150, 8, 0.58%, 8, 0, 6, 1471.76
1639545670, 1, 199, 226, 161, 7, 0.58%, 8, 0, 6, 1436.30
1639545675, 1, 203, 233, 166, 6, 0.60%, 8, 0, 6, 1434.41
1639545680, 1, 203, 236, 169, 6, 0.60%, 8, 0, 6, 1435.52
1639545685, 1, 223, 237, 167, 4, 0.60%, 8, 0, 6, 1463.15
1639545690, 1, 225, 240, 169, 3, 0.60%, 9, 0, 6, 1445.91
1639545695, 1, 229, 250, 178, 3, 0.63%, 9, 0, 6, 1464.78
1639545700, 1, 232, 251, 178, 12, 0.63%, 9, 0, 6, 1442.04
1639545705, 1, 240, 254, 179, 12, 0.64%, 9, 0, 7, 1449.88
1639545711, 1, 243, 255, 178, 11, 0.64%, 9, 0, 7, 1438.71
1639545716, 1, 246, 257, 177, 8, 0.64%, 10, 0, 7, 1461.87
1639545721, 1, 250, 261, 178, 8, 0.68%, 10, 0, 7, 1429.24
1639545726, 1, 252, 263, 178, 7, 0.68%, 10, 0, 7, 1459.99
1639545731, 1, 257, 269, 181, 4, 0.69%, 10, 0, 8, 1472.44
1639545736, 1, 257, 277, 189, 4, 0.70%, 10, 0, 8, 1445.47
1639545741, 1, 260, 279, 189, 14, 0.70%, 10, 0, 8, 1428.73
1639545746, 1, 264, 282, 190, 12, 0.70%, 10, 0, 8, 1451.13
1639545751, 1, 267, 284, 190, 9, 0.71%, 10, 0, 9, 1418.33
1639545756, 1, 269, 285, 189, 8, 0.71%, 10, 0, 9, 1394.98
1639545761, 1, 270, 286, 189, 7, 0.71%, 10, 0, 9, 1424.72
1639545766, 1, 272, 286, 187, 5, 0.71%, 10, 0, 9, 1435.84
1639545771, 1, 275, 286, 185, 3, 0.71%, 10, 0, 9, 1437.30
1639545776, 1, 287, 290, 186, 1, 0.71%, 10, 0, 11, 1464.21
1639545781, 1, 287, 291, 187, 1, 0.71%, 11, 0, 11, 1452.69
1639545787, 1, 288, 293, 188, 1, 0.71%, 11, 0, 12, 1458.81
1639545792, 1, 290, 295, 189, 0, 0.72%, 11, 0, 12, 1452.95
1639545797, 1, 293, 298, 191, 1, 0.72%, 11, 0, 13, 1444.09
1639545802, 1, 297, 303, 195, 2, 0.72%, 11, 0, 14, 1447.03
1639545807, 1, 300, 303, 193, 1, 0.72%, 11, 0, 14, 1451.73
1639545812, 1, 301, 308, 197, 0, 0.72%, 11, 0, 15, 1436.51
1639545822, 1, 302, 310, 198, 0, 0.73%, 12, 0, 15, 1445.96
1639545827, 1, 308, 312, 199, 2, 0.73%, 12, 0, 16, 1466.00
1639545832, 1, 309, 313, 199, 2, 0.74%, 12, 0, 16, 1459.34
1639545837, 1, 310, 315, 200, 2, 0.74%, 12, 0, 17, 1471.54
1639545842, 1, 311, 318, 202, 2, 0.74%, 12, 0, 17, 1426.47
1639545852, 1, 319, 321, 202, 1, 0.74%, 12, 0, 18, 1410.73
1639545858, 1, 319, 324, 205, 1, 0.74%, 12, 0, 18, 1394.11
1639545863, 1, 323, 328, 208, 1, 0.74%, 12, 0, 19, 1405.89
1639545868, 1, 324, 328, 207, 0, 0.74%, 12, 0, 19, 1409.96
1639545873, 2, 14, 329, 206, 0, 0.74%, 12, 0, 19, 1434.45
1639545878, 2, 53, 330, 206, 0, 0.74%, 12, 0, 19, 1468.66
1639545883, 2, 83, 330, 202, 0, 0.74%, 12, 0, 19, 1488.02
1639545888, 2, 126, 330, 195, 0, 0.74%, 12, 0, 19, 1483.82
1639545893, 2, 159, 331, 188, 0, 0.74%, 12, 0, 19, 1436.77
1639545898, 2, 176, 333, 188, 0, 0.78%, 12, 0, 19, 1440.80
1639545903, 2, 331, 338, 193, 4, 0.79%, 13, 0, 19, 1438.19
1639545908, 2, 332, 339, 193, 5, 0.79%, 13, 0, 19, 1437.22
1639545913, 2, 333, 341, 194, 4, 0.80%, 13, 0, 19, 1450.34
