# unix_time, cycles_done, cur_path, paths_total, pending_total, pending_favs, map_size, unique_crashes, unique_hangs, max_depth, execs_per_sec
1639552247, 0, 0, 1, 1, 1, 0.12%, 0, 0, 1, 2000.00
1639552252, 0, 0, 76, 76, 1, 0.43%, 4, 0, 2, 1540.54
1639552257, 0, 4, 125, 122, 46, 0.51%, 5, 0, 3, 1476.01
1639552262, 0, 37, 129, 112, 32, 0.51%, 5, 0, 3, 1489.27
1639552267, 0, 59, 150, 122, 22, 0.52%, 5, 0, 3, 1471.85
1639552272, 0, 75, 160, 129, 19, 0.53%, 5, 0, 3, 1464.67
1639552277, 0, 101, 168, 129, 15, 0.54%, 6, 0, 4, 1455.43
1639552283, 0, 124, 175, 131, 9, 0.54%, 7, 0, 4, 1443.74
1639552288, 0, 158, 188, 139, 5, 0.56%, 7, 0, 4, 1453.97
1639552293, 0, 159, 195, 145, 10, 0.58%, 7, 0, 4, 1450.19
1639552298, 0, 175, 201, 149, 11, 0.59%, 7, 0, 4, 1455.08
1639552303, 0, 184, 205, 151, 9, 0.60%, 7, 0, 5, 1479.85
1639552308, 0, 185, 211, 156, 12, 0.63%, 7, 0, 5, 1459.11
1639552313, 0, 190, 218, 161, 11, 0.63%, 8, 0, 5, 1415.80
1639552318, 0, 192, 222, 164, 12, 0.63%, 8, 0, 5, 1467.96
1639552323, 0, 197, 226, 166, 11, 0.63%, 8, 0, 5, 1446.24
1639552328, 0, 202, 229, 166, 8, 0.63%, 8, 0, 6, 1440.45
1639552333, 0, 205, 235, 169, 7, 0.65%, 8, 0, 6, 1443.10
1639552338, 0, 221, 237, 167, 6, 0.65%, 9, 0, 6, 1406.35
1639552343, 0, 229, 240, 169, 5, 0.65%, 9, 0, 7, 1450.67
1639552348, 0, 233, 244, 170, 3, 0.66%, 9, 0, 7, 1444.42
1639552354, 0, 240, 245, 169, 3, 0.66%, 9, 0, 7, 1453.12
1639552359, 0, 242, 251, 174, 2, 0.67%, 9, 0, 8, 1421.70
1639552364, 0, 244, 257, 179, 4, 0.67%, 9, 0, 8, 1420.88
1639552369, 0, 247, 264, 185, 3, 0.67%, 9, 0, 9, 1424.74
1639552374, 0, 250, 266, 185, 1, 0.67%, 9, 0, 9, 1436.04
1639552379, 1, 16, 267, 182, 0, 0.67%, 10, 0, 9, 1461.51
1639552384, 1, 252, 270, 184, 1, 0.67%, 10, 0, 9, 1450.90
1639552389, 1, 252, 273, 187, 1, 0.67%, 10, 0, 9, 1457.38
1639552394, 2, 12, 274, 184, 0, 0.67%, 10, 0, 9, 1449.50
1639552399, 2, 36, 274, 177, 0, 0.67%, 10, 0, 9, 1467.35
1639552404, 2, 52, 274, 173, 0, 0.67%, 10, 0, 9, 1470.96
1639552410, 2, 82, 278, 171, 1, 0.68%, 10, 0, 9, 1469.79
1639552415, 3, 37, 280, 172, 0, 0.68%, 10, 0, 9, 1468.73
1639552420, 3, 72, 280, 171, 0, 0.68%, 10, 0, 9, 1471.88
1639552425, 3, 280, 282, 169, 1, 0.68%, 10, 0, 9, 1452.00
1639552430, 4, 37, 282, 166, 0, 0.68%, 11, 0, 9, 1455.42
1639552435, 4, 71, 282, 165, 0, 0.68%, 11, 0, 9, 1462.74
1639552440, 4, 98, 282, 162, 0, 0.68%, 12, 0, 9, 1469.19
1639552445, 4, 110, 285, 161, 0, 0.68%, 12, 0, 9, 1464.63
1639552450, 4, 138, 286, 159, 0, 0.68%, 13, 0, 9, 1458.70
1639552455, 4, 164, 286, 154, 0, 0.68%, 13, 0, 9, 1580.26
1639552460, 4, 184, 286, 149, 0, 0.68%, 13, 0, 9, 1957.85
1639552466, 4, 197, 287, 150, 0, 0.68%, 13, 0, 9, 1514.26
1639552471, 4, 204, 287, 150, 0, 0.68%, 13, 0, 9, 1441.16
1639552476, 4, 213, 288, 148, 0, 0.68%, 13, 0, 9, 1442.48
1639552481, 4, 222, 291, 149, 1, 0.68%, 13, 0, 9, 1443.83
1639552486, 4, 271, 292, 149, 1, 0.68%, 13, 0, 10, 1425.40
1639552491, 4, 271, 293, 150, 1, 0.68%, 13, 0, 10, 1447.72
1639552496, 5, 13, 293, 146, 0, 0.68%, 13, 0, 10, 1447.77
1639552501, 5, 46, 293, 144, 0, 0.68%, 13, 0, 10, 1453.06
1639552506, 5, 63, 296, 144, 0, 0.68%, 14, 0, 10, 1454.51
1639552511, 5, 89, 296, 140, 0, 0.68%, 14, 0, 10, 1431.72
1639552516, 5, 104, 296, 136, 0, 0.68%, 14, 0, 10, 1401.49
1639552521, 5, 123, 296, 131, 0, 0.68%, 14, 0, 10, 1402.55
1639552527, 5, 148, 297, 130, 0, 0.68%, 14, 0, 10, 1428.93
1639552532, 5, 177, 297, 127, 0, 0.68%, 14, 0, 10, 1465.78
1639552537, 5, 184, 298, 126, 0, 0.68%, 14, 0, 10, 1456.53
1639552542, 5, 197, 298, 125, 0, 0.68%, 14, 0, 10, 1444.30
1639552547, 5, 204, 300, 127, 0, 0.68%, 14, 0, 10, 1433.46
