# unix_time, cycles_done, cur_path, paths_total, pending_total, pending_favs, map_size, unique_crashes, unique_hangs, max_depth, execs_per_sec
1639448118, 0, 0, 471, 471, 72, 0.60%, 0, 0, 1, 1279.02
1639448123, 0, 59, 471, 464, 67, 0.60%, 10, 0, 1, 1124.88
1639448128, 0, 119, 471, 452, 56, 0.60%, 10, 0, 1, 1135.13
1639448133, 0, 170, 471, 446, 50, 0.60%, 10, 0, 1, 1118.72
1639448138, 0, 216, 472, 440, 44, 0.60%, 11, 0, 2, 1135.44
1639448143, 0, 270, 472, 430, 34, 0.60%, 12, 0, 2, 1116.45
1639448149, 0, 307, 472, 424, 28, 0.60%, 14, 0, 2, 1121.78
1639448154, 0, 349, 472, 418, 22, 0.60%, 15, 0, 2, 1122.67
1639448159, 0, 378, 473, 413, 17, 0.60%, 16, 0, 2, 1120.36
1639448164, 0, 438, 473, 406, 10, 0.60%, 16, 0, 2, 1115.06
1639448169, 0, 464, 473, 399, 3, 0.60%, 16, 0, 2, 1146.91
1639448174, 1, 23, 473, 393, 0, 0.60%, 16, 0, 2, 1173.28
1639448179, 1, 44, 473, 386, 0, 0.60%, 16, 0, 2, 1138.21
1639448184, 1, 54, 473, 380, 0, 0.60%, 16, 0, 2, 1146.78
1639448189, 1, 70, 473, 378, 0, 0.60%, 17, 0, 2, 1146.67
1639448194, 1, 90, 473, 373, 0, 0.60%, 17, 0, 2, 1133.57
1639448199, 1, 109, 474, 367, 0, 0.60%, 17, 0, 2, 1104.36
1639448204, 1, 121, 474, 363, 0, 0.60%, 17, 0, 2, 1121.96
1639448209, 1, 141, 474, 358, 0, 0.60%, 17, 0, 2, 1106.05
1639448214, 1, 170, 474, 351, 0, 0.60%, 17, 0, 2, 1148.31
1639448219, 1, 183, 474, 349, 0, 0.60%, 17, 0, 2, 1154.24
1639448224, 1, 214, 474, 343, 0, 0.60%, 17, 0, 2, 1128.76
1639448229, 1, 237, 474, 341, 0, 0.60%, 17, 0, 2, 1123.44
1639448234, 1, 254, 474, 335, 0, 0.60%, 17, 0, 2, 1133.38
1639448239, 1, 270, 474, 332, 0, 0.60%, 18, 0, 2, 1105.86
1639448245, 1, 297, 474, 330, 0, 0.60%, 18, 0, 2, 1111.32
1639448250, 1, 312, 474, 324, 0, 0.60%, 19, 0, 2, 1138.35
1639448255, 1, 324, 474, 319, 0, 0.60%, 19, 0, 2, 1144.74
1639448260, 1, 340, 474, 314, 0, 0.60%, 19, 0, 2, 1150.50
1639448265, 1, 350, 474, 310, 0, 0.60%, 19, 0, 2, 1164.25
1639448270, 1, 371, 474, 306, 0, 0.60%, 19, 0, 2, 1118.73
1639448275, 1, 396, 474, 303, 0, 0.60%, 19, 0, 2, 1172.67
1639448280, 1, 412, 474, 298, 0, 0.60%, 19, 0, 2, 1184.56
1639448285, 1, 436, 474, 293, 0, 0.60%, 19, 0, 2, 1120.63
1639448290, 1, 450, 474, 290, 0, 0.60%, 20, 0, 2, 1140.92
1639448296, 1, 466, 474, 288, 0, 0.60%, 20, 0, 2, 1136.61
1639448301, 2, 4, 475, 286, 0, 0.60%, 20, 0, 3, 1152.48
1639448306, 2, 19, 475, 280, 0, 0.60%, 20, 0, 3, 1146.20
1639448311, 2, 54, 475, 276, 0, 0.60%, 20, 0, 3, 1156.48
1639448316, 2, 71, 475, 273, 0, 0.60%, 20, 0, 3, 1150.83
1639448321, 2, 117, 475, 271, 0, 0.60%, 20, 0, 3, 1165.18
1639448326, 2, 139, 475, 268, 0, 0.60%, 20, 0, 3, 1159.05
1639448331, 2, 162, 475, 264, 0, 0.60%, 21, 0, 3, 1214.57
1639448336, 2, 184, 475, 260, 0, 0.60%, 21, 0, 3, 1342.14
1639448341, 2, 219, 475, 255, 0, 0.60%, 21, 0, 3, 1397.02
1639448346, 2, 249, 475, 252, 0, 0.60%, 21, 0, 3, 1193.51
1639448352, 2, 266, 475, 248, 0, 0.60%, 21, 0, 3, 1172.52
1639448357, 2, 275, 475, 245, 0, 0.60%, 21, 0, 3, 1152.08
1639448362, 2, 307, 475, 240, 0, 0.60%, 21, 0, 3, 1137.00
1639448367, 2, 315, 475, 237, 0, 0.60%, 21, 0, 3, 1098.95
1639448372, 2, 329, 475, 235, 0, 0.60%, 21, 0, 3, 1117.83
1639448377, 2, 349, 475, 233, 0, 0.60%, 21, 0, 3, 1126.19
1639448382, 2, 374, 475, 230, 0, 0.60%, 21, 0, 3, 1099.71
1639448387, 2, 393, 475, 227, 0, 0.60%, 21, 0, 3, 1137.75
1639448392, 2, 422, 475, 224, 0, 0.60%, 21, 0, 3, 1131.30
1639448397, 2, 435, 476, 220, 0, 0.60%, 21, 0, 3, 1166.77
1639448402, 2, 448, 476, 218, 0, 0.60%, 21, 0, 3, 1184.93
1639448407, 2, 463, 476, 214, 0, 0.60%, 21, 0, 3, 1179.20
1639448412, 2, 474, 476, 210, 0, 0.60%, 21, 0, 3, 1126.73
