# unix_time, cycles_done, cur_path, paths_total, pending_total, pending_favs, map_size, unique_crashes, unique_hangs, max_depth, execs_per_sec
1639596879, 0, 0, 868, 868, 95, 0.93%, 0, 0, 1, 871.60
1639596885, 0, 95, 868, 857, 84, 0.93%, 4, 0, 1, 1318.74
1639596890, 0, 179, 868, 846, 74, 0.93%, 5, 0, 1, 1455.59
1639596895, 0, 335, 868, 835, 63, 0.93%, 6, 0, 1, 1462.42
1639596900, 0, 438, 868, 826, 54, 0.93%, 6, 0, 1, 1474.67
1639596905, 0, 469, 868, 817, 45, 0.93%, 6, 0, 1, 1479.42
1639596910, 0, 541, 868, 807, 36, 0.93%, 6, 0, 1, 1478.78
1639596915, 0, 677, 868, 797, 28, 0.93%, 6, 0, 1, 1483.27
1639596920, 0, 740, 868, 790, 22, 0.93%, 6, 0, 1, 1469.33
1639596925, 0, 798, 868, 778, 10, 0.93%, 7, 0, 1, 1446.83
1639596930, 0, 863, 868, 769, 1, 0.93%, 7, 0, 1, 1469.73
1639596936, 1, 28, 868, 762, 0, 0.93%, 7, 0, 1, 1376.48
1639596941, 1, 59, 868, 753, 0, 0.93%, 7, 0, 1, 1440.29
1639596946, 1, 95, 868, 747, 0, 0.93%, 8, 0, 1, 1424.89
1639596951, 1, 116, 868, 740, 0, 0.93%, 8, 0, 1, 1397.61
1639596956, 1, 132, 868, 733, 0, 0.93%, 8, 0, 1, 2095.55
1639596961, 1, 148, 869, 729, 0, 0.93%, 8, 0, 2, 1657.84
1639596966, 1, 168, 869, 718, 0, 0.93%, 9, 0, 2, 1674.02
1639596971, 1, 199, 869, 715, 0, 0.93%, 9, 0, 2, 1439.23
1639596976, 1, 242, 869, 706, 0, 0.93%, 9, 0, 2, 1438.21
1639596982, 1, 270, 869, 695, 0, 0.93%, 9, 0, 2, 1452.75
1639596987, 1, 718, 869, 684, 1, 0.93%, 9, 0, 2, 1469.70
1639596992, 2, 608, 869, 674, 1, 0.93%, 11, 0, 2, 1462.44
1639596997, 2, 629, 869, 666, 0, 0.93%, 11, 0, 2, 1457.87
1639597002, 2, 662, 869, 656, 0, 0.93%, 11, 0, 2, 1437.07
1639597007, 2, 688, 869, 650, 0, 0.93%, 11, 0, 2, 1431.96
1639597012, 2, 715, 869, 643, 0, 0.93%, 11, 0, 2, 1447.23
1639597017, 2, 732, 869, 639, 0, 0.93%, 11, 0, 2, 1462.07
1639597022, 2, 760, 869, 631, 0, 0.93%, 11, 0, 2, 1472.86
1639597027, 2, 781, 869, 627, 0, 0.93%, 12, 0, 2, 1466.05
1639597033, 2, 801, 869, 619, 0, 0.93%, 12, 0, 2, 1450.18
1639597038, 2, 839, 869, 612, 0, 0.93%, 12, 0, 2, 1475.09
1639597043, 2, 863, 869, 609, 0, 0.93%, 12, 0, 2, 1466.83
1639597048, 3, 34, 869, 605, 0, 0.93%, 13, 0, 2, 1481.07
1639597053, 3, 63, 869, 598, 0, 0.93%, 13, 0, 2, 1473.29
1639597058, 3, 95, 869, 591, 0, 0.93%, 13, 0, 2, 1481.67
1639597063, 3, 140, 869, 586, 0, 0.93%, 14, 0, 2, 1455.64
1639597068, 3, 178, 869, 580, 0, 0.93%, 14, 0, 2, 1476.04
1639597073, 3, 198, 869, 577, 0, 0.93%, 14, 0, 2, 1472.56
1639597078, 3, 234, 869, 571, 0, 0.93%, 14, 0, 2, 1441.33
1639597083, 3, 285, 869, 565, 0, 0.93%, 14, 0, 2, 1418.31
1639597089, 3, 322, 869, 555, 0, 0.93%, 14, 0, 2, 1440.47
1639597094, 3, 365, 869, 548, 0, 0.93%, 15, 0, 2, 1430.89
1639597099, 3, 406, 869, 539, 0, 0.93%, 15, 0, 2, 1450.94
1639597104, 3, 425, 869, 534, 0, 0.93%, 15, 0, 2, 1463.47
1639597109, 3, 458, 869, 529, 0, 0.93%, 15, 0, 2, 1471.84
1639597114, 3, 472, 869, 527, 0, 0.93%, 15, 0, 2, 1470.14
1639597119, 3, 495, 869, 522, 0, 0.93%, 15, 0, 2, 1461.14
1639597124, 3, 522, 869, 516, 0, 0.93%, 16, 0, 2, 1458.26
1639597129, 3, 554, 869, 511, 0, 0.93%, 16, 0, 2, 1455.63
1639597134, 3, 565, 871, 508, 0, 0.93%, 16, 0, 2, 1431.97
1639597139, 3, 586, 871, 502, 0, 0.93%, 16, 0, 2, 1422.94
1639597144, 3, 622, 871, 493, 0, 0.93%, 16, 0, 2, 1455.87
1639597150, 3, 669, 871, 488, 0, 0.93%, 16, 0, 2, 1472.33
1639597155, 3, 705, 871, 481, 0, 0.93%, 16, 0, 2, 1451.01
1639597160, 3, 728, 871, 477, 0, 0.93%, 16, 0, 2, 1396.47
1639597165, 3, 768, 871, 472, 0, 0.93%, 16, 0, 2, 1392.20
1639597170, 3, 798, 871, 469, 0, 0.93%, 16, 0, 2, 1380.91
