# unix_time, cycles_done, cur_path, paths_total, pending_total, pending_favs, map_size, unique_crashes, unique_hangs, max_depth, execs_per_sec
1639484574, 0, 0, 1, 1, 1, 0.12%, 0, 0, 1, 2000.00
1639484579, 0, 0, 73, 73, 1, 0.43%, 4, 0, 2, 1526.91
1639484584, 0, 3, 101, 99, 37, 0.45%, 5, 0, 3, 1459.66
1639484589, 0, 22, 121, 112, 34, 0.49%, 6, 0, 3, 1394.56
1639484594, 0, 38, 142, 126, 30, 0.51%, 6, 0, 3, 1277.03
1639484599, 0, 50, 151, 126, 21, 0.51%, 8, 0, 3, 1231.60
1639484605, 0, 72, 164, 132, 13, 0.53%, 8, 0, 3, 1220.60
1639484610, 0, 126, 172, 135, 12, 0.54%, 9, 0, 4, 1249.16
1639484615, 0, 131, 175, 136, 14, 0.55%, 9, 0, 4, 1279.68
1639484622, 0, 136, 178, 138, 13, 0.55%, 9, 0, 4, 19.18
1639484627, 0, 165, 188, 143, 10, 0.56%, 9, 0, 4, 1220.78
1639484632, 0, 167, 193, 147, 15, 0.57%, 9, 0, 5, 1309.40
1639484637, 0, 172, 197, 148, 13, 0.58%, 9, 0, 5, 1406.29
1639484642, 0, 186, 198, 144, 9, 0.58%, 9, 0, 5, 1420.28
1639484647, 0, 190, 202, 144, 6, 0.58%, 9, 0, 5, 1420.85
1639484652, 0, 200, 210, 150, 7, 0.61%, 10, 0, 6, 1377.64
1639484658, 0, 205, 215, 152, 8, 0.63%, 10, 0, 6, 1422.78
1639484663, 0, 209, 218, 153, 7, 0.63%, 11, 0, 7, 1407.10
1639484668, 0, 218, 220, 150, 4, 0.63%, 11, 0, 7, 1385.09
1639484673, 1, 106, 221, 145, 0, 0.63%, 11, 0, 7, 1418.56
1639484678, 1, 123, 221, 138, 0, 0.63%, 11, 0, 7, 1437.91
1639484683, 1, 157, 225, 136, 0, 0.64%, 11, 0, 7, 1394.82
1639484688, 1, 208, 228, 138, 1, 0.64%, 11, 0, 7, 1402.88
1639484693, 1, 226, 232, 140, 1, 0.64%, 11, 0, 8, 1405.63
1639484699, 1, 229, 233, 140, 2, 0.64%, 11, 0, 8, 1405.11
1639484704, 1, 229, 241, 148, 2, 0.65%, 11, 0, 9, 1438.29
1639484709, 1, 231, 244, 150, 5, 0.66%, 11, 0, 9, 1413.37
1639484714, 1, 231, 245, 151, 5, 0.66%, 11, 0, 9, 1406.75
1639484719, 1, 233, 246, 151, 6, 0.66%, 11, 0, 10, 1438.20
1639484724, 1, 235, 248, 152, 5, 0.66%, 11, 0, 10, 1422.14
1639484729, 1, 235, 250, 154, 5, 0.66%, 11, 0, 10, 1434.54
1639484734, 1, 238, 252, 155, 4, 0.66%, 11, 0, 10, 1436.57
1639484739, 1, 240, 254, 156, 3, 0.66%, 11, 0, 10, 1395.87
1639484744, 1, 241, 257, 158, 3, 0.66%, 12, 0, 10, 1412.03
1639484749, 1, 243, 260, 160, 2, 0.66%, 12, 0, 10, 1419.30
1639484754, 1, 252, 265, 164, 2, 0.66%, 12, 0, 11, 1435.21
1639484764, 1, 259, 268, 166, 1, 0.66%, 12, 0, 11, 1443.72
1639484769, 1, 259, 269, 167, 1, 0.66%, 12, 0, 11, 1437.53
1639484774, 1, 260, 271, 168, 0, 0.66%, 12, 0, 11, 1425.10
1639484780, 1, 268, 271, 167, 0, 0.66%, 12, 0, 11, 1415.49
1639484785, 2, 37, 271, 163, 0, 0.66%, 13, 0, 11, 1429.44
1639484790, 2, 52, 271, 163, 0, 0.66%, 13, 0, 11, 1424.76
1639484795, 2, 97, 271, 156, 0, 0.66%, 13, 0, 11, 1390.20
1639484800, 2, 139, 273, 155, 0, 0.66%, 14, 0, 11, 1397.05
1639484805, 2, 249, 274, 152, 1, 0.66%, 14, 0, 11, 1420.45
1639484810, 2, 249, 275, 153, 1, 0.66%, 14, 0, 11, 1419.45
1639484815, 3, 12, 277, 149, 0, 0.66%, 14, 0, 11, 1444.28
1639484821, 4, 9, 277, 145, 0, 0.66%, 14, 0, 11, 1441.32
1639484826, 4, 38, 277, 144, 0, 0.66%, 14, 0, 11, 1455.97
1639484831, 4, 57, 277, 142, 0, 0.66%, 14, 0, 11, 1452.62
1639484836, 4, 279, 283, 145, 1, 0.66%, 14, 0, 11, 1434.37
1639484841, 4, 280, 283, 144, 0, 0.66%, 14, 0, 11, 1442.72
1639484846, 5, 14, 283, 142, 0, 0.66%, 14, 0, 11, 1439.62
1639484851, 5, 52, 284, 141, 0, 0.66%, 15, 0, 11, 2251.63
1639484856, 5, 95, 285, 135, 0, 0.66%, 15, 0, 11, 1596.42
1639484861, 5, 131, 285, 131, 0, 0.66%, 15, 0, 11, 1454.31
1639484867, 5, 154, 285, 124, 0, 0.66%, 15, 0, 11, 1429.49
1639484872, 5, 172, 285, 124, 0, 0.66%, 15, 0, 11, 1423.21
