# unix_time, cycles_done, cur_path, paths_total, pending_total, pending_favs, map_size, unique_crashes, unique_hangs, max_depth, execs_per_sec
1639510027, 0, 0, 404, 404, 80, 0.74%, 0, 0, 1, 1171.01
1639510032, 0, 61, 404, 393, 69, 0.74%, 3, 0, 1, 1284.83
1639510038, 0, 85, 404, 387, 63, 0.74%, 6, 0, 1, 1311.43
1639510043, 0, 119, 404, 378, 54, 0.74%, 6, 0, 1, 1319.69
1639510048, 0, 169, 405, 368, 43, 0.74%, 6, 0, 2, 1369.87
1639510053, 0, 202, 405, 360, 35, 0.74%, 6, 0, 2, 1380.66
1639510058, 0, 267, 406, 348, 23, 0.74%, 6, 0, 2, 1375.31
1639510063, 0, 299, 409, 344, 16, 0.74%, 6, 0, 2, 1351.95
1639510068, 0, 380, 409, 334, 6, 0.74%, 6, 0, 2, 1340.82
1639510073, 1, 0, 410, 328, 0, 0.74%, 6, 0, 2, 1295.87
1639510078, 1, 22, 410, 324, 0, 0.74%, 6, 0, 2, 1325.71
1639510083, 1, 56, 410, 319, 0, 0.74%, 7, 0, 2, 1361.83
1639510088, 1, 72, 411, 317, 0, 0.74%, 8, 0, 2, 1357.25
1639510094, 1, 97, 413, 316, 0, 0.74%, 9, 0, 2, 1378.39
1639510099, 1, 117, 413, 312, 0, 0.74%, 9, 0, 2, 1329.96
1639510104, 1, 149, 415, 309, 0, 0.74%, 9, 0, 2, 1328.56
1639510109, 1, 164, 415, 306, 0, 0.74%, 9, 0, 2, 1333.24
1639510114, 1, 184, 415, 305, 0, 0.74%, 9, 0, 2, 1320.16
1639510119, 1, 199, 415, 301, 0, 0.74%, 9, 0, 2, 1301.42
1639510124, 1, 225, 415, 295, 0, 0.74%, 9, 0, 2, 1320.45
1639510129, 1, 255, 416, 292, 0, 0.74%, 10, 0, 2, 1327.31
1639510134, 1, 283, 416, 288, 0, 0.74%, 10, 0, 2, 1339.07
1639510139, 1, 304, 416, 284, 0, 0.74%, 11, 0, 2, 1344.04
1639510144, 1, 342, 416, 278, 0, 0.74%, 11, 0, 2, 1335.77
1639510149, 1, 369, 416, 274, 0, 0.74%, 11, 0, 2, 1263.24
1639510154, 1, 382, 416, 268, 0, 0.74%, 11, 0, 2, 1231.77
1639510160, 1, 407, 416, 264, 0, 0.74%, 11, 0, 2, 1247.73
1639510165, 1, 412, 418, 263, 0, 0.74%, 11, 0, 3, 1285.00
1639510170, 2, 10, 418, 259, 0, 0.74%, 11, 0, 3, 1299.60
1639510175, 2, 30, 418, 253, 0, 0.74%, 11, 0, 3, 1321.96
1639510180, 2, 64, 418, 249, 0, 0.74%, 11, 0, 3, 1246.14
1639510185, 2, 85, 419, 248, 0, 0.74%, 12, 0, 3, 1272.24
1639510190, 2, 111, 419, 246, 0, 0.74%, 12, 0, 3, 1282.53
1639510196, 2, 149, 419, 241, 0, 0.74%, 12, 0, 3, 1323.41
1639510201, 2, 169, 419, 240, 0, 0.74%, 12, 0, 3, 1348.45
1639510206, 2, 185, 419, 236, 0, 0.74%, 12, 0, 3, 1385.44
1639510211, 2, 206, 419, 232, 0, 0.74%, 12, 0, 3, 1392.49
1639510216, 2, 237, 419, 228, 0, 0.74%, 12, 0, 3, 1388.49
1639510221, 2, 272, 419, 224, 0, 0.74%, 12, 0, 3, 1380.09
1639510226, 2, 299, 420, 221, 0, 0.74%, 13, 0, 3, 1356.64
1639510231, 2, 324, 420, 216, 0, 0.74%, 13, 0, 3, 1354.42
1639510236, 2, 355, 420, 211, 0, 0.74%, 13, 0, 3, 1362.77
1639510241, 2, 376, 420, 205, 0, 0.74%, 14, 0, 3, 1343.76
1639510246, 2, 391, 420, 202, 0, 0.74%, 14, 0, 3, 1349.18
1639510251, 3, 8, 420, 198, 0, 0.74%, 14, 0, 3, 1349.13
1639510256, 3, 42, 420, 197, 0, 0.74%, 14, 0, 3, 1353.09
1639510261, 3, 64, 420, 193, 0, 0.74%, 14, 0, 3, 1290.01
1639510267, 3, 80, 420, 190, 0, 0.74%, 14, 0, 3, 1275.43
1639510272, 3, 94, 420, 187, 0, 0.74%, 14, 0, 3, 1291.90
1639510277, 3, 111, 420, 183, 0, 0.74%, 14, 0, 3, 1298.22
1639510282, 3, 133, 420, 179, 0, 0.74%, 14, 0, 3, 1339.59
1639510287, 3, 159, 421, 176, 0, 0.74%, 14, 0, 3, 1405.77
1639510292, 3, 183, 422, 175, 0, 0.74%, 14, 0, 3, 1435.51
1639510297, 3, 206, 422, 174, 0, 0.74%, 14, 0, 3, 1455.12
1639510302, 3, 258, 422, 170, 0, 0.74%, 14, 0, 3, 1448.70
1639510307, 3, 294, 422, 166, 0, 0.74%, 14, 0, 3, 1430.61
1639510312, 3, 313, 422, 163, 0, 0.74%, 14, 0, 3, 1432.79
1639510318, 3, 343, 422, 158, 0, 0.74%, 14, 0, 3, 1450.75
1639510323, 3, 380, 422, 154, 0, 0.74%, 14, 0, 3, 1445.89
