# unix_time, cycles_done, cur_path, paths_total, pending_total, pending_favs, map_size, unique_crashes, unique_hangs, max_depth, execs_per_sec
1639443213, 0, 0, 1, 1, 1, 0.12%, 0, 0, 1, 1600.00
1639443218, 0, 0, 81, 81, 1, 0.44%, 4, 0, 2, 1437.53
1639443223, 0, 21, 114, 110, 39, 0.52%, 4, 0, 3, 1588.63
1639443228, 0, 51, 138, 122, 29, 0.53%, 5, 0, 3, 1987.44
1639443233, 0, 74, 157, 134, 24, 0.54%, 5, 0, 3, 1522.54
1639443238, 0, 86, 166, 138, 21, 0.55%, 5, 0, 3, 1407.67
1639443243, 0, 110, 173, 137, 15, 0.56%, 5, 0, 4, 1439.94
1639443248, 0, 112, 177, 140, 15, 0.56%, 6, 0, 4, 1409.69
1639443253, 0, 148, 187, 146, 11, 0.56%, 6, 0, 4, 1432.40
1639443258, 0, 165, 192, 147, 11, 0.57%, 7, 0, 4, 1430.35
1639443263, 0, 169, 202, 155, 9, 0.58%, 8, 0, 5, 1408.18
1639443268, 0, 187, 207, 157, 11, 0.59%, 8, 0, 5, 1434.36
1639443273, 0, 191, 210, 158, 9, 0.59%, 8, 0, 5, 1433.43
1639443278, 0, 192, 213, 160, 9, 0.59%, 10, 0, 6, 1386.24
1639443284, 0, 193, 217, 163, 9, 0.59%, 11, 0, 6, 1415.75
1639443289, 0, 210, 217, 159, 5, 0.59%, 12, 0, 6, 1411.92
1639443294, 1, 61, 218, 153, 0, 0.59%, 13, 0, 7, 1425.97
1639443299, 1, 218, 221, 152, 1, 0.60%, 13, 0, 7, 1432.86
1639443304, 1, 219, 222, 152, 0, 0.60%, 13, 0, 7, 1429.16
1639443309, 1, 220, 224, 153, 0, 0.60%, 13, 0, 7, 1439.00
1639443314, 1, 223, 227, 155, 0, 0.60%, 13, 0, 7, 1431.35
1639443319, 1, 224, 228, 155, 0, 0.60%, 13, 0, 7, 1425.40
1639443324, 1, 228, 231, 156, 0, 0.60%, 13, 0, 9, 1430.32
1639443329, 1, 230, 232, 156, 0, 0.60%, 13, 0, 10, 1443.69
1639443334, 2, 7, 233, 154, 0, 0.60%, 13, 0, 10, 1435.42
1639443339, 2, 225, 235, 151, 1, 0.60%, 13, 0, 10, 1426.67
1639443344, 2, 233, 237, 152, 1, 0.60%, 13, 0, 10, 1437.25
1639443349, 2, 236, 238, 152, 1, 0.60%, 13, 0, 10, 1443.92
1639443355, 3, 31, 240, 150, 0, 0.60%, 13, 0, 10, 1444.99
1639443360, 3, 55, 242, 147, 0, 0.60%, 14, 0, 10, 1450.70
1639443365, 3, 83, 242, 144, 0, 0.60%, 14, 0, 10, 1430.53
1639443370, 3, 100, 243, 144, 0, 0.60%, 14, 0, 10, 1434.49
1639443375, 3, 131, 244, 141, 0, 0.60%, 14, 0, 10, 1417.84
1639443380, 3, 160, 246, 137, 0, 0.60%, 15, 0, 10, 1418.55
1639443385, 3, 172, 248, 139, 0, 0.60%, 15, 0, 10, 1407.75
1639443390, 3, 187, 249, 137, 0, 0.60%, 15, 0, 10, 1434.85
1639443395, 3, 196, 250, 137, 0, 0.60%, 15, 0, 10, 1445.77
1639443400, 3, 197, 256, 143, 0, 0.60%, 16, 0, 10, 1411.17
1639443405, 3, 253, 256, 142, 1, 0.60%, 16, 0, 10, 1404.24
1639443410, 3, 255, 259, 144, 0, 0.60%, 16, 0, 10, 1390.57
1639443415, 4, 20, 259, 141, 0, 0.60%, 16, 0, 10, 1441.94
1639443420, 4, 55, 259, 141, 0, 0.60%, 16, 0, 10, 1439.55
1639443426, 4, 81, 259, 137, 0, 0.60%, 16, 0, 10, 1451.63
1639443431, 4, 100, 262, 140, 0, 0.60%, 16, 0, 10, 1442.00
1639443436, 4, 135, 262, 135, 0, 0.60%, 17, 0, 10, 1416.09
1639443441, 4, 160, 263, 130, 0, 0.60%, 17, 0, 10, 1420.84
1639443446, 4, 172, 263, 129, 0, 0.60%, 17, 0, 10, 1439.41
1639443451, 4, 263, 267, 131, 4, 0.63%, 18, 0, 10, 1438.06
1639443456, 4, 264, 269, 132, 4, 0.64%, 18, 0, 10, 1443.20
1639443461, 4, 265, 272, 134, 5, 0.65%, 18, 0, 10, 1435.09
1639443466, 4, 266, 273, 134, 4, 0.65%, 18, 0, 10, 1448.34
1639443471, 4, 269, 277, 137, 3, 0.65%, 18, 0, 10, 1438.13
1639443476, 4, 269, 278, 138, 3, 0.65%, 18, 0, 10, 1462.80
1639443482, 4, 272, 278, 136, 2, 0.65%, 18, 0, 10, 1453.65
1639443487, 4, 274, 286, 143, 2, 0.66%, 18, 0, 10, 1445.26
1639443492, 4, 274, 289, 146, 2, 0.66%, 18, 0, 10, 1449.56
1639443497, 4, 278, 291, 147, 4, 0.66%, 18, 0, 10, 1446.50
1639443502, 4, 281, 294, 149, 5, 0.67%, 18, 0, 10, 1431.37
1639443507, 4, 281, 297, 152, 5, 0.67%, 18, 0, 10, 1456.76
