# unix_time, cycles_done, cur_path, paths_total, pending_total, pending_favs, map_size, unique_crashes, unique_hangs, max_depth, execs_per_sec
1639550035, 0, 0, 615, 615, 98, 0.94%, 0, 0, 1, 1189.56
1639550040, 0, 49, 615, 603, 88, 0.94%, 0, 0, 1, 1382.60
1639550045, 0, 145, 615, 588, 73, 0.94%, 2, 0, 1, 1444.00
1639550050, 0, 215, 615, 579, 64, 0.94%, 2, 0, 1, 1429.44
1639550055, 0, 291, 615, 569, 55, 0.94%, 3, 0, 1, 1429.69
1639550060, 0, 339, 615, 560, 46, 0.94%, 3, 0, 1, 1419.18
1639550065, 0, 384, 615, 550, 36, 0.94%, 4, 0, 1, 1425.50
1639550070, 0, 400, 615, 544, 30, 0.94%, 5, 0, 1, 1405.40
1639550076, 0, 468, 615, 534, 20, 0.94%, 5, 0, 1, 1445.80
1639550081, 0, 511, 616, 529, 14, 0.94%, 5, 0, 2, 1448.89
1639550086, 0, 556, 616, 521, 7, 0.94%, 6, 0, 2, 1423.79
1639550091, 1, 1, 616, 512, 0, 0.94%, 6, 0, 2, 1429.34
1639550096, 1, 40, 616, 506, 0, 0.94%, 6, 0, 2, 1436.72
1639550101, 1, 81, 616, 501, 0, 0.94%, 6, 0, 2, 1431.95
1639550106, 1, 112, 616, 493, 0, 0.94%, 6, 0, 2, 1435.82
1639550112, 1, 141, 616, 487, 0, 0.94%, 6, 0, 2, 1431.30
1639550117, 1, 176, 616, 482, 0, 0.94%, 6, 0, 2, 1435.85
1639550122, 1, 203, 616, 476, 0, 0.94%, 6, 0, 2, 1421.00
1639550127, 1, 216, 616, 473, 0, 0.94%, 6, 0, 2, 1430.23
1639550132, 1, 231, 616, 468, 0, 0.94%, 6, 0, 2, 1442.92
1639550137, 1, 276, 616, 458, 0, 0.94%, 7, 0, 2, 1681.63
1639550142, 1, 293, 616, 455, 0, 0.94%, 7, 0, 2, 1471.47
1639550147, 1, 311, 616, 450, 0, 0.94%, 8, 0, 2, 1443.85
1639550152, 1, 330, 616, 446, 0, 0.94%, 8, 0, 2, 1420.99
1639550157, 1, 356, 616, 439, 0, 0.94%, 8, 0, 2, 1435.00
1639550163, 1, 376, 616, 438, 0, 0.94%, 8, 0, 2, 1443.67
1639550168, 1, 395, 616, 434, 0, 0.94%, 8, 0, 2, 1437.74
1639550173, 1, 420, 616, 431, 0, 0.94%, 8, 0, 2, 1427.86
1639550178, 1, 451, 616, 425, 0, 0.94%, 8, 0, 2, 1406.10
1639550183, 1, 463, 616, 419, 0, 0.94%, 8, 0, 2, 1424.88
1639550188, 1, 489, 616, 414, 0, 0.94%, 8, 0, 2, 1415.60
1639550193, 1, 508, 616, 410, 0, 0.94%, 8, 0, 2, 1433.89
1639550198, 1, 539, 616, 407, 0, 0.94%, 8, 0, 2, 1436.14
1639550203, 1, 562, 616, 403, 0, 0.94%, 8, 0, 2, 1421.40
1639550208, 1, 588, 616, 397, 0, 0.94%, 8, 0, 2, 1436.45
1639550213, 1, 605, 616, 393, 0, 0.94%, 8, 0, 2, 1428.98
1639550219, 2, 7, 616, 387, 0, 0.94%, 10, 0, 2, 1431.51
1639550224, 2, 32, 616, 380, 0, 0.94%, 10, 0, 2, 1415.96
1639550229, 2, 59, 616, 374, 0, 0.94%, 10, 0, 2, 1433.18
1639550234, 2, 96, 616, 366, 0, 0.94%, 10, 0, 2, 1430.33
1639550239, 2, 137, 616, 363, 0, 0.94%, 10, 0, 2, 1425.67
1639550244, 2, 178, 616, 357, 0, 0.94%, 10, 0, 2, 1429.23
1639550249, 2, 206, 616, 351, 0, 0.94%, 10, 0, 2, 1441.96
1639550254, 2, 236, 616, 349, 0, 0.94%, 10, 0, 2, 1447.12
1639550259, 2, 274, 616, 343, 0, 0.94%, 10, 0, 2, 1414.42
1639550264, 2, 301, 616, 340, 0, 0.94%, 10, 0, 2, 1430.79
1639550269, 2, 319, 616, 336, 0, 0.94%, 10, 0, 2, 1418.80
1639550274, 2, 341, 616, 331, 0, 0.94%, 10, 0, 2, 1436.63
1639550280, 2, 369, 616, 327, 0, 0.94%, 10, 0, 2, 1441.89
1639550285, 2, 394, 616, 325, 0, 0.94%, 10, 0, 2, 1445.94
1639550290, 2, 407, 616, 322, 0, 0.94%, 10, 0, 2, 1440.63
1639550295, 2, 425, 616, 317, 0, 0.94%, 10, 0, 2, 1438.93
1639550300, 2, 464, 616, 313, 0, 0.94%, 10, 0, 2, 1427.89
1639550305, 2, 486, 616, 308, 0, 0.94%, 10, 0, 2, 1426.45
1639550310, 2, 508, 616, 301, 0, 0.94%, 10, 0, 2, 1410.30
1639550315, 2, 527, 616, 297, 0, 0.94%, 10, 0, 2, 1446.57
1639550320, 2, 548, 616, 290, 0, 0.94%, 10, 0, 2, 1444.34
1639550325, 2, 577, 616, 286, 0, 0.94%, 10, 0, 2, 1425.85
