# unix_time, cycles_done, cur_path, paths_total, pending_total, pending_favs, map_size, unique_crashes, unique_hangs, max_depth, execs_per_sec
1639553073, 0, 0, 800, 800, 100, 0.97%, 0, 0, 1, 1103.83
1639553078, 0, 134, 800, 791, 92, 0.97%, 2, 0, 1, 1340.56
1639553083, 0, 202, 800, 780, 83, 0.97%, 3, 0, 1, 1424.06
1639553088, 0, 242, 800, 770, 73, 0.97%, 3, 0, 1, 1440.36
1639553093, 0, 357, 800, 758, 61, 0.97%, 4, 0, 1, 1452.55
1639553098, 0, 481, 800, 747, 51, 0.97%, 4, 0, 1, 1457.31
1639553103, 0, 520, 800, 740, 44, 0.97%, 4, 0, 1, 1447.56
1639553109, 0, 566, 800, 731, 35, 0.97%, 4, 0, 1, 1423.27
1639553114, 0, 630, 800, 721, 25, 0.97%, 4, 0, 1, 1420.77
1639553119, 0, 706, 800, 711, 15, 0.97%, 4, 0, 1, 1426.20
1639553124, 0, 754, 800, 706, 10, 0.97%, 5, 0, 1, 1444.78
1639553129, 0, 794, 800, 697, 1, 0.97%, 5, 0, 1, 1441.10
1639553134, 1, 25, 801, 691, 0, 0.97%, 6, 0, 2, 1438.79
1639553139, 1, 58, 801, 681, 0, 0.97%, 6, 0, 2, 1435.05
1639553145, 1, 94, 801, 673, 0, 0.97%, 6, 0, 2, 1419.67
1639553150, 1, 124, 801, 666, 0, 0.97%, 6, 0, 2, 1427.13
1639553155, 1, 150, 801, 657, 0, 0.97%, 6, 0, 2, 1571.38
1639553160, 1, 200, 801, 651, 0, 0.97%, 7, 0, 2, 1457.75
1639553165, 1, 223, 801, 647, 0, 0.97%, 7, 0, 2, 1435.10
1639553170, 1, 254, 801, 643, 0, 0.97%, 7, 0, 2, 1426.44
1639553175, 1, 286, 801, 637, 0, 0.97%, 7, 0, 2, 1422.10
1639553180, 1, 321, 801, 631, 0, 0.97%, 7, 0, 2, 1405.57
1639553185, 1, 355, 801, 623, 0, 0.97%, 10, 0, 2, 1416.01
1639553191, 1, 378, 801, 618, 0, 0.97%, 10, 0, 2, 1454.11
1639553196, 1, 411, 801, 612, 0, 0.97%, 10, 0, 2, 1438.45
1639553201, 1, 440, 801, 605, 0, 0.97%, 10, 0, 2, 1421.08
1639553206, 1, 462, 801, 597, 0, 0.97%, 10, 0, 2, 1419.52
1639553211, 1, 481, 801, 589, 0, 0.97%, 10, 0, 2, 1436.87
1639553216, 1, 506, 801, 588, 0, 0.97%, 10, 0, 2, 1423.62
1639553221, 1, 526, 801, 583, 0, 0.97%, 10, 0, 2, 1452.32
1639553226, 1, 549, 801, 576, 0, 0.97%, 10, 0, 2, 1422.93
1639553231, 1, 569, 802, 574, 0, 0.97%, 10, 0, 2, 1440.94
1639553237, 1, 596, 802, 568, 0, 0.97%, 10, 0, 2, 1427.85
1639553242, 1, 622, 802, 564, 0, 0.97%, 10, 0, 2, 1435.99
1639553247, 1, 652, 802, 558, 0, 0.97%, 10, 0, 2, 1441.84
1639553252, 1, 671, 802, 552, 0, 0.97%, 10, 0, 2, 1417.97
1639553257, 1, 706, 802, 548, 0, 0.97%, 10, 0, 2, 1440.88
1639553262, 1, 725, 802, 544, 0, 0.97%, 10, 0, 2, 1424.70
1639553267, 1, 747, 802, 538, 0, 0.97%, 10, 0, 2, 1420.78
1639553272, 1, 768, 802, 538, 0, 0.97%, 10, 0, 2, 1432.23
1639553278, 1, 795, 802, 534, 0, 0.97%, 10, 0, 2, 1431.74
1639553283, 2, 15, 802, 527, 0, 0.97%, 11, 0, 2, 1453.36
1639553288, 2, 59, 802, 519, 0, 0.97%, 11, 0, 2, 1430.08
1639553293, 2, 96, 802, 514, 0, 0.97%, 13, 0, 2, 1434.94
1639553298, 2, 130, 802, 507, 0, 0.97%, 13, 0, 2, 1417.18
1639553303, 2, 161, 802, 502, 0, 0.97%, 13, 0, 2, 1450.50
1639553309, 2, 197, 802, 495, 0, 0.97%, 13, 0, 2, 1453.01
1639553314, 2, 210, 802, 489, 0, 0.97%, 13, 0, 2, 1426.02
1639553319, 2, 233, 802, 484, 0, 0.97%, 13, 0, 2, 1444.58
1639553324, 2, 277, 802, 481, 0, 0.97%, 13, 0, 2, 1439.59
1639553329, 2, 313, 802, 476, 0, 0.97%, 13, 0, 2, 1423.86
1639553334, 2, 358, 802, 469, 0, 0.97%, 13, 0, 2, 1434.96
1639553339, 2, 400, 802, 462, 0, 0.97%, 13, 0, 2, 1442.19
1639553344, 2, 432, 802, 456, 0, 0.97%, 13, 0, 2, 1449.10
1639553349, 2, 465, 802, 451, 0, 0.97%, 13, 0, 2, 1454.26
1639553354, 2, 490, 802, 447, 0, 0.97%, 13, 0, 2, 1448.43
1639553359, 2, 512, 802, 441, 0, 0.97%, 13, 0, 2, 1424.49
1639553365, 2, 539, 802, 437, 0, 0.97%, 13, 0, 2, 1436.74
