# unix_time, cycles_done, cur_path, paths_total, pending_total, pending_favs, map_size, unique_crashes, unique_hangs, max_depth, execs_per_sec
1639560093, 0, 0, 877, 877, 98, 0.97%, 0, 0, 1, 1322.28
1639560098, 0, 114, 877, 864, 86, 0.97%, 2, 0, 1, 1411.21
1639560103, 0, 165, 877, 855, 78, 0.97%, 3, 0, 1, 1420.25
1639560108, 0, 202, 877, 847, 71, 0.97%, 3, 0, 1, 1390.06
1639560113, 0, 275, 877, 838, 63, 0.97%, 3, 0, 1, 1398.27
1639560118, 0, 364, 877, 825, 51, 0.97%, 6, 0, 1, 1411.22
1639560123, 0, 474, 877, 809, 35, 0.97%, 7, 0, 1, 1414.01
1639560128, 0, 559, 877, 797, 25, 0.97%, 7, 0, 1, 1409.12
1639560133, 0, 657, 877, 786, 15, 0.97%, 7, 0, 1, 1422.10
1639560139, 0, 820, 877, 775, 5, 0.97%, 8, 0, 1, 1414.41
1639560144, 1, 12, 877, 765, 0, 0.97%, 8, 0, 1, 1440.77
1639560149, 1, 32, 877, 759, 0, 0.97%, 8, 0, 1, 1393.31
1639560154, 1, 62, 877, 752, 0, 0.97%, 8, 0, 1, 1415.78
1639560159, 1, 90, 877, 744, 0, 0.97%, 9, 0, 1, 1419.37
1639560164, 1, 110, 877, 738, 0, 0.97%, 11, 0, 1, 1436.68
1639560169, 1, 131, 877, 731, 0, 0.97%, 12, 0, 1, 1433.40
1639560174, 1, 154, 877, 727, 0, 0.97%, 13, 0, 1, 1434.81
1639560179, 1, 166, 877, 723, 0, 0.97%, 13, 0, 1, 1418.22
1639560185, 1, 201, 877, 719, 0, 0.97%, 13, 0, 1, 1386.28
1639560190, 1, 220, 877, 712, 0, 0.97%, 13, 0, 1, 1340.55
1639560195, 1, 240, 877, 704, 0, 0.97%, 13, 0, 1, 1410.74
1639560200, 1, 268, 877, 697, 0, 0.97%, 13, 0, 1, 1392.93
1639560205, 1, 288, 877, 690, 0, 0.97%, 13, 0, 1, 1411.68
1639560210, 1, 326, 877, 682, 0, 0.97%, 13, 0, 1, 1416.11
1639560215, 1, 354, 877, 677, 0, 0.97%, 14, 0, 1, 1327.22
1639560220, 1, 377, 877, 671, 0, 0.97%, 14, 0, 1, 1342.89
1639560225, 1, 412, 877, 665, 0, 0.97%, 14, 0, 1, 1416.05
1639560230, 1, 440, 877, 654, 0, 0.97%, 14, 0, 1, 1409.56
1639560235, 1, 466, 877, 643, 0, 0.97%, 14, 0, 1, 1396.41
1639560240, 1, 491, 877, 636, 0, 0.97%, 14, 0, 1, 1431.83
1639560246, 1, 520, 877, 630, 0, 0.97%, 14, 0, 1, 1436.05
1639560251, 1, 551, 877, 623, 0, 0.97%, 14, 0, 1, 1429.78
1639560256, 1, 584, 877, 615, 0, 0.97%, 14, 0, 1, 1439.53
1639560261, 1, 611, 877, 608, 0, 0.97%, 14, 0, 1, 1421.18
1639560266, 1, 636, 877, 602, 0, 0.97%, 14, 0, 1, 1424.18
1639560271, 1, 739, 877, 593, 1, 0.97%, 14, 0, 1, 1380.63
1639560276, 2, 189, 877, 586, 0, 0.97%, 14, 0, 1, 1425.53
1639560281, 2, 207, 877, 582, 0, 0.97%, 14, 0, 1, 1426.08
1639560286, 2, 241, 877, 576, 0, 0.97%, 14, 0, 1, 1417.50
1639560291, 2, 277, 877, 572, 0, 0.97%, 14, 0, 1, 1410.64
1639560297, 2, 317, 877, 569, 0, 0.97%, 14, 0, 1, 1417.59
1639560302, 2, 351, 877, 563, 0, 0.97%, 14, 0, 1, 1411.10
1639560307, 2, 381, 877, 557, 0, 0.97%, 14, 0, 1, 1427.43
1639560312, 2, 423, 877, 553, 0, 0.97%, 15, 0, 1, 1432.84
1639560317, 2, 474, 877, 547, 0, 0.97%, 15, 0, 1, 1449.35
1639560322, 2, 515, 877, 541, 0, 0.97%, 15, 0, 1, 1426.18
1639560327, 2, 548, 877, 536, 0, 0.97%, 15, 0, 1, 1383.41
1639560332, 2, 590, 877, 531, 0, 0.97%, 15, 0, 1, 1272.74
1639560337, 2, 622, 877, 525, 0, 0.97%, 15, 0, 1, 1322.29
1639560342, 2, 659, 877, 519, 0, 0.97%, 15, 0, 1, 1401.19
1639560348, 2, 690, 877, 512, 0, 0.97%, 15, 0, 1, 1402.74
1639560353, 2, 720, 877, 505, 0, 0.97%, 15, 0, 1, 1406.99
1639560358, 2, 749, 877, 496, 0, 0.97%, 15, 0, 1, 1398.59
1639560363, 2, 767, 877, 487, 0, 0.97%, 15, 0, 1, 1394.38
1639560368, 2, 788, 877, 481, 0, 0.97%, 15, 0, 1, 1422.14
1639560373, 2, 818, 877, 474, 0, 0.97%, 15, 0, 1, 1405.38
1639560378, 2, 843, 877, 468, 0, 0.97%, 15, 0, 1, 1422.56
1639560383, 3, 16, 877, 460, 0, 0.97%, 15, 0, 1, 1445.05
