# unix_time, cycles_done, cur_path, paths_total, pending_total, pending_favs, map_size, unique_crashes, unique_hangs, max_depth, execs_per_sec
1639521783, 0, 0, 1, 1, 1, 0.12%, 0, 0, 1, 1333.33
1639521788, 0, 0, 86, 86, 1, 0.47%, 1, 0, 2, 1339.86
1639521793, 0, 5, 103, 100, 47, 0.50%, 3, 0, 3, 1347.84
1639521798, 0, 13, 116, 109, 48, 0.53%, 3, 0, 3, 1339.11
1639521803, 0, 30, 128, 114, 42, 0.53%, 4, 0, 3, 1315.10
1639521808, 0, 36, 135, 117, 42, 0.54%, 5, 0, 3, 1262.55
1639521813, 0, 48, 165, 141, 40, 0.57%, 5, 0, 3, 1179.22
1639521819, 0, 57, 171, 143, 36, 0.58%, 6, 0, 3, 1179.54
1639521824, 0, 72, 178, 143, 30, 0.58%, 7, 0, 3, 1167.93
1639521829, 0, 89, 180, 138, 23, 0.58%, 7, 0, 3, 1231.80
1639521834, 0, 115, 184, 136, 19, 0.58%, 8, 0, 4, 1275.35
1639521839, 0, 139, 190, 136, 16, 0.60%, 8, 0, 4, 1204.84
1639521844, 0, 177, 193, 131, 8, 0.60%, 8, 0, 4, 1184.64
1639521849, 0, 187, 198, 132, 6, 0.60%, 8, 0, 5, 1232.87
1639521854, 0, 196, 199, 129, 3, 0.60%, 9, 0, 5, 1288.55
1639521859, 1, 201, 207, 133, 1, 0.61%, 10, 0, 6, 1294.18
1639521864, 1, 201, 211, 137, 1, 0.61%, 11, 0, 6, 1289.42
1639521869, 1, 208, 214, 138, 2, 0.62%, 11, 0, 6, 1264.92
1639521874, 1, 208, 217, 141, 2, 0.63%, 11, 0, 6, 1298.37
1639521879, 1, 209, 221, 144, 3, 0.63%, 11, 0, 6, 1308.27
1639521884, 1, 213, 225, 147, 3, 0.64%, 11, 0, 6, 1315.85
1639521889, 1, 214, 226, 147, 5, 0.64%, 11, 0, 6, 1320.13
1639521894, 1, 214, 229, 150, 5, 0.64%, 11, 0, 6, 1361.02
1639521899, 1, 218, 231, 151, 5, 0.64%, 11, 0, 6, 1334.37
1639521904, 1, 222, 235, 153, 3, 0.65%, 11, 0, 7, 1346.73
1639521910, 1, 223, 237, 154, 5, 0.65%, 11, 0, 7, 1357.15
1639521915, 1, 226, 243, 159, 4, 0.66%, 11, 0, 7, 1334.65
1639521920, 1, 232, 244, 159, 4, 0.66%, 11, 0, 7, 1284.06
1639521925, 1, 236, 246, 159, 4, 0.67%, 11, 0, 8, 1285.14
1639521930, 1, 242, 251, 163, 4, 0.68%, 11, 0, 8, 1262.48
1639521935, 1, 244, 257, 168, 6, 0.69%, 11, 0, 9, 1314.26
1639521940, 1, 246, 258, 168, 5, 0.69%, 11, 0, 9, 1343.38
1639521945, 1, 248, 260, 169, 4, 0.69%, 11, 0, 9, 1298.20
1639521950, 1, 248, 263, 172, 4, 0.70%, 11, 0, 9, 1271.45
1639521955, 1, 252, 267, 175, 6, 0.70%, 11, 0, 9, 1281.54
1639521965, 1, 253, 269, 176, 5, 0.70%, 11, 0, 9, 1294.19
1639521970, 1, 255, 271, 177, 4, 0.70%, 11, 0, 9, 1270.57
1639521975, 1, 258, 273, 178, 3, 0.70%, 12, 0, 10, 1205.65
1639521980, 1, 258, 274, 179, 3, 0.70%, 13, 0, 10, 1145.34
1639521985, 1, 259, 278, 182, 3, 0.70%, 13, 0, 10, 1133.45
1639521990, 1, 260, 278, 181, 2, 0.70%, 13, 0, 10, 1149.34
1639521996, 1, 273, 278, 180, 1, 0.70%, 13, 0, 10, 1180.92
1639522001, 1, 274, 281, 182, 0, 0.70%, 13, 0, 11, 1194.16
1639522006, 1, 276, 283, 183, 0, 0.70%, 13, 0, 11, 1269.91
1639522011, 1, 278, 284, 183, 0, 0.70%, 13, 0, 12, 1356.51
1639522016, 1, 278, 286, 185, 0, 0.71%, 13, 0, 12, 1432.25
1639522021, 1, 285, 287, 184, 2, 0.71%, 13, 0, 13, 1474.06
1639522026, 2, 13, 287, 181, 0, 0.71%, 13, 0, 13, 1481.63
1639522031, 2, 60, 287, 179, 0, 0.71%, 13, 0, 13, 2184.42
1639522036, 2, 216, 291, 178, 1, 0.71%, 13, 0, 13, 1909.60
1639522041, 2, 288, 292, 177, 1, 0.71%, 13, 0, 13, 1490.51
1639522046, 2, 292, 294, 178, 1, 0.71%, 13, 0, 13, 1452.37
1639522051, 3, 18, 296, 178, 0, 0.71%, 13, 0, 13, 1447.13
1639522056, 3, 46, 297, 177, 0, 0.71%, 13, 0, 13, 1442.88
1639522062, 3, 73, 298, 176, 0, 0.71%, 13, 0, 13, 1418.58
1639522067, 3, 89, 299, 175, 0, 0.71%, 13, 0, 13, 1412.66
1639522072, 3, 113, 299, 168, 0, 0.71%, 13, 0, 13, 1432.27
1639522077, 3, 140, 299, 164, 0, 0.71%, 13, 0, 13, 1465.72
1639522082, 3, 169, 300, 159, 0, 0.71%, 14, 0, 13, 1484.91
