# unix_time, cycles_done, cur_path, paths_total, pending_total, pending_favs, map_size, unique_crashes, unique_hangs, max_depth, execs_per_sec
1639482724, 0, 0, 829, 829, 90, 0.91%, 0, 0, 1, 1289.27
1639482729, 0, 168, 829, 814, 75, 0.91%, 1, 0, 1, 1397.73
1639482734, 0, 247, 829, 803, 65, 0.91%, 3, 0, 1, 1418.72
1639482739, 0, 325, 829, 793, 55, 0.91%, 5, 0, 1, 1419.24
1639482745, 0, 396, 829, 784, 46, 0.91%, 5, 0, 1, 1440.40
1639482750, 0, 453, 829, 778, 42, 0.91%, 6, 0, 1, 1450.13
1639482755, 0, 544, 829, 771, 37, 0.91%, 6, 0, 1, 1441.87
1639482760, 0, 610, 829, 762, 28, 0.91%, 6, 0, 1, 1436.86
1639482765, 0, 673, 829, 750, 17, 0.91%, 6, 0, 1, 1774.58
1639482770, 0, 722, 829, 741, 10, 0.91%, 6, 0, 1, 1523.89
1639482775, 0, 820, 829, 733, 2, 0.91%, 6, 0, 1, 1459.07
1639482780, 1, 30, 829, 725, 0, 0.91%, 6, 0, 1, 1434.58
1639482785, 1, 53, 829, 717, 0, 0.91%, 7, 0, 1, 1429.73
1639482790, 1, 106, 829, 707, 0, 0.91%, 8, 0, 1, 1426.73
1639482795, 1, 136, 829, 700, 0, 0.91%, 8, 0, 1, 1447.24
1639482800, 1, 160, 829, 693, 0, 0.91%, 9, 0, 1, 1428.18
1639482805, 1, 196, 829, 686, 0, 0.91%, 9, 0, 1, 1435.63
1639482811, 1, 244, 829, 682, 0, 0.91%, 9, 0, 1, 1425.35
1639482816, 1, 277, 829, 678, 0, 0.91%, 10, 0, 1, 1418.99
1639482821, 1, 301, 830, 672, 0, 0.91%, 10, 0, 2, 1440.29
1639482826, 1, 325, 830, 666, 0, 0.91%, 10, 0, 2, 1428.17
1639482831, 1, 354, 830, 660, 0, 0.91%, 10, 0, 2, 1424.78
1639482836, 1, 380, 830, 654, 0, 0.91%, 11, 0, 2, 1427.37
1639482841, 1, 396, 830, 649, 0, 0.91%, 11, 0, 2, 1410.97
1639482846, 1, 436, 830, 642, 0, 0.91%, 11, 0, 2, 1420.92
1639482851, 1, 655, 830, 636, 2, 0.91%, 11, 0, 2, 1435.02
1639482857, 2, 272, 830, 628, 0, 0.91%, 11, 0, 2, 1420.89
1639482862, 2, 296, 830, 624, 0, 0.91%, 11, 0, 2, 1409.37
1639482867, 2, 332, 830, 620, 0, 0.91%, 11, 0, 2, 1421.02
1639482872, 2, 353, 830, 614, 0, 0.91%, 11, 0, 2, 1403.57
1639482877, 2, 393, 830, 608, 0, 0.91%, 11, 0, 2, 1406.34
1639482882, 2, 424, 830, 604, 0, 0.91%, 11, 0, 2, 1402.57
1639482887, 2, 452, 830, 601, 0, 0.91%, 11, 0, 2, 1426.25
1639482892, 2, 478, 830, 596, 0, 0.91%, 11, 0, 2, 1419.86
1639482897, 2, 526, 830, 585, 0, 0.91%, 11, 0, 2, 1442.19
1639482902, 2, 557, 830, 579, 0, 0.91%, 11, 0, 2, 1440.33
1639482908, 2, 585, 830, 574, 0, 0.91%, 11, 0, 2, 1404.09
1639482913, 2, 603, 830, 570, 0, 0.91%, 11, 0, 2, 1401.35
1639482918, 2, 631, 831, 567, 0, 0.91%, 11, 0, 2, 1434.03
1639482923, 2, 650, 831, 562, 0, 0.91%, 11, 0, 2, 1436.10
1639482928, 2, 673, 831, 558, 0, 0.91%, 11, 0, 2, 1432.27
1639482933, 2, 703, 831, 554, 0, 0.91%, 11, 0, 2, 1422.49
1639482938, 2, 738, 831, 548, 0, 0.91%, 11, 0, 2, 1425.75
1639482943, 2, 754, 831, 543, 0, 0.91%, 11, 0, 2, 1444.38
1639482948, 2, 778, 831, 537, 0, 0.91%, 11, 0, 2, 1434.07
1639482954, 2, 808, 831, 529, 0, 0.91%, 11, 0, 2, 1433.89
1639482959, 2, 824, 831, 523, 0, 0.91%, 11, 0, 2, 1417.99
1639482964, 3, 13, 831, 518, 0, 0.91%, 11, 0, 2, 1448.59
1639482969, 3, 50, 831, 512, 0, 0.91%, 11, 0, 2, 1428.39
1639482974, 3, 87, 831, 503, 0, 0.91%, 11, 0, 2, 1445.82
1639482979, 3, 122, 831, 495, 0, 0.91%, 11, 0, 2, 1437.03
1639482984, 3, 158, 831, 490, 0, 0.91%, 12, 0, 2, 1422.10
1639482989, 3, 192, 831, 483, 0, 0.91%, 12, 0, 2, 1443.15
1639482994, 3, 222, 831, 476, 0, 0.91%, 12, 0, 2, 1439.50
1639483000, 3, 247, 831, 470, 0, 0.91%, 12, 0, 2, 1427.34
1639483005, 3, 273, 831, 464, 0, 0.91%, 12, 0, 2, 1434.09
1639483010, 3, 284, 831, 461, 0, 0.91%, 12, 0, 2, 1400.88
1639483015, 3, 319, 831, 457, 0, 0.91%, 12, 0, 2, 1422.24
