# unix_time, cycles_done, cur_path, paths_total, pending_total, pending_favs, map_size, unique_crashes, unique_hangs, max_depth, execs_per_sec
1639434514, 0, 0, 519, 519, 95, 0.88%, 0, 0, 1, 1153.33
1639434519, 0, 26, 519, 511, 87, 0.88%, 4, 0, 1, 1361.49
1639434525, 0, 66, 519, 503, 81, 0.88%, 4, 0, 1, 1412.74
1639434530, 0, 101, 519, 495, 74, 0.88%, 4, 0, 1, 1404.00
1639434535, 0, 165, 519, 485, 65, 0.88%, 4, 0, 1, 1392.57
1639434540, 0, 209, 519, 477, 57, 0.88%, 5, 0, 1, 1376.56
1639434545, 0, 272, 520, 466, 46, 0.88%, 5, 0, 2, 1405.95
1639434550, 0, 299, 521, 461, 40, 0.88%, 5, 0, 2, 1404.29
1639434555, 0, 347, 521, 452, 32, 0.88%, 6, 0, 2, 1415.38
1639434560, 0, 420, 521, 439, 19, 0.88%, 6, 0, 2, 1422.02
1639434565, 0, 473, 521, 431, 11, 0.88%, 7, 0, 2, 1405.69
1639434570, 0, 517, 522, 422, 1, 0.88%, 8, 0, 2, 1397.68
1639434575, 1, 17, 522, 416, 0, 0.88%, 8, 0, 2, 1429.89
1639434580, 1, 36, 523, 414, 0, 0.88%, 8, 0, 2, 1440.29
1639434585, 1, 64, 523, 408, 0, 0.88%, 8, 0, 2, 1421.86
1639434591, 1, 79, 523, 405, 0, 0.88%, 8, 0, 2, 1334.53
1639434596, 1, 94, 523, 400, 0, 0.88%, 8, 0, 2, 1395.50
1639434601, 1, 116, 524, 396, 0, 0.88%, 8, 0, 2, 1413.28
1639434606, 1, 139, 525, 391, 0, 0.88%, 8, 0, 2, 1424.15
1639434611, 1, 171, 526, 386, 0, 0.88%, 8, 0, 2, 1410.94
1639434616, 1, 183, 526, 383, 0, 0.88%, 8, 0, 2, 1428.24
1639434621, 1, 207, 526, 378, 0, 0.88%, 8, 0, 2, 1426.86
1639434626, 1, 237, 527, 375, 0, 0.88%, 8, 0, 2, 1410.02
1639434632, 1, 268, 527, 370, 0, 0.88%, 8, 0, 2, 1422.19
1639434637, 1, 284, 527, 365, 0, 0.88%, 9, 0, 2, 1425.74
1639434642, 2, 122, 527, 359, 1, 0.88%, 10, 0, 2, 1431.14
1639434647, 2, 238, 527, 352, 0, 0.88%, 10, 0, 2, 1425.27
1639434652, 2, 267, 527, 346, 0, 0.88%, 10, 0, 2, 1422.47
1639434657, 2, 285, 527, 344, 0, 0.88%, 10, 0, 2, 1430.15
1639434662, 2, 314, 527, 339, 0, 0.88%, 10, 0, 2, 1423.28
1639434668, 2, 330, 527, 332, 0, 0.88%, 10, 0, 2, 1421.87
1639434673, 2, 344, 528, 330, 0, 0.88%, 10, 0, 2, 1413.76
1639434678, 2, 378, 528, 325, 0, 0.88%, 10, 0, 2, 1416.05
1639434683, 2, 410, 528, 319, 0, 0.88%, 11, 0, 2, 1402.33
1639434688, 2, 432, 528, 314, 0, 0.88%, 11, 0, 2, 1426.15
1639434693, 2, 448, 529, 310, 0, 0.88%, 11, 0, 2, 1413.39
1639434699, 2, 477, 529, 305, 0, 0.88%, 11, 0, 2, 1428.49
1639434704, 2, 494, 530, 301, 0, 0.88%, 11, 0, 2, 1421.44
1639434709, 2, 517, 531, 296, 0, 0.88%, 11, 0, 2, 1388.96
1639434714, 3, 2, 533, 293, 0, 0.88%, 11, 0, 3, 1414.90
1639434719, 3, 20, 533, 289, 0, 0.88%, 11, 0, 3, 1404.38
1639434724, 3, 533, 534, 286, 1, 0.88%, 12, 0, 3, 1412.91
1639434729, 3, 535, 541, 291, 6, 0.89%, 13, 0, 4, 1405.59
1639434734, 3, 537, 542, 290, 4, 0.89%, 13, 0, 4, 1400.62
1639434739, 3, 539, 543, 289, 2, 0.89%, 13, 0, 4, 1371.92
1639434744, 3, 540, 547, 292, 1, 0.89%, 13, 0, 5, 1384.64
1639434749, 3, 543, 550, 294, 3, 0.89%, 13, 0, 6, 1377.26
1639434754, 3, 544, 550, 293, 2, 0.89%, 13, 0, 6, 1407.12
1639434759, 3, 544, 551, 294, 2, 0.89%, 13, 0, 6, 1417.71
1639434764, 3, 546, 552, 294, 2, 0.89%, 13, 0, 6, 1405.57
1639434770, 3, 551, 552, 292, 1, 0.89%, 13, 0, 6, 1535.21
1639434775, 4, 26, 552, 289, 0, 0.89%, 13, 0, 6, 1431.39
1639434780, 4, 64, 552, 284, 0, 0.89%, 13, 0, 6, 1406.82
1639434785, 4, 94, 552, 282, 0, 0.89%, 13, 0, 6, 1413.58
1639434790, 4, 141, 552, 275, 0, 0.89%, 13, 0, 6, 1418.76
1639434795, 4, 176, 552, 270, 0, 0.89%, 13, 0, 6, 1414.19
1639434801, 4, 225, 552, 267, 0, 0.89%, 13, 0, 6, 1416.74
1639434806, 4, 251, 553, 264, 0, 0.89%, 13, 0, 6, 1427.36
