# unix_time, cycles_done, cur_path, paths_total, pending_total, pending_favs, map_size, unique_crashes, unique_hangs, max_depth, execs_per_sec
1639603899, 0, 0, 1, 1, 1, 0.12%, 0, 0, 1, 615.38
1639603904, 0, 0, 79, 79, 1, 0.44%, 3, 0, 2, 1165.92
1639603909, 0, 12, 104, 101, 36, 0.46%, 4, 0, 3, 1290.55
1639603914, 0, 15, 113, 108, 35, 0.49%, 4, 0, 3, 1232.01
1639603920, 0, 23, 135, 127, 37, 0.51%, 4, 0, 3, 1277.80
1639603925, 0, 46, 150, 132, 29, 0.52%, 5, 0, 3, 1975.73
1639603930, 0, 61, 161, 139, 28, 0.55%, 7, 0, 3, 1698.94
1639603935, 0, 72, 162, 134, 28, 0.55%, 7, 0, 3, 1327.27
1639603940, 0, 76, 174, 145, 27, 0.57%, 7, 0, 3, 1282.37
1639603945, 0, 95, 180, 145, 24, 0.58%, 7, 0, 4, 1337.35
1639603950, 0, 147, 187, 142, 18, 0.59%, 8, 0, 4, 1403.76
1639603955, 0, 161, 202, 150, 18, 0.61%, 9, 0, 4, 1398.62
1639603960, 0, 175, 206, 148, 11, 0.61%, 9, 0, 4, 1315.70
1639603965, 0, 181, 214, 155, 10, 0.61%, 9, 0, 5, 1405.28
1639603970, 0, 192, 223, 162, 9, 0.61%, 9, 0, 5, 1368.26
1639603975, 0, 196, 229, 166, 8, 0.63%, 10, 0, 5, 1339.77
1639603980, 0, 205, 236, 170, 9, 0.64%, 10, 0, 5, 1391.17
1639603985, 0, 218, 241, 173, 7, 0.64%, 11, 0, 6, 1363.45
1639603991, 0, 228, 245, 175, 5, 0.64%, 11, 0, 6, 1394.38
1639603996, 0, 230, 249, 178, 7, 0.64%, 11, 0, 6, 1404.57
1639604001, 0, 230, 253, 182, 7, 0.64%, 11, 0, 6, 1387.51
1639604006, 0, 234, 255, 181, 6, 0.64%, 11, 0, 6, 1354.52
1639604011, 0, 248, 257, 179, 2, 0.64%, 11, 0, 7, 1374.97
1639604016, 1, 5, 260, 179, 0, 0.64%, 11, 0, 7, 1365.16
1639604021, 1, 234, 262, 177, 1, 0.65%, 11, 0, 7, 1391.28
1639604026, 1, 262, 265, 179, 1, 0.65%, 12, 0, 7, 1373.16
1639604031, 2, 6, 265, 177, 0, 0.65%, 12, 0, 7, 1401.27
1639604036, 2, 236, 268, 175, 1, 0.65%, 12, 0, 7, 1422.48
1639604041, 3, 32, 268, 173, 0, 0.65%, 13, 0, 7, 1457.25
1639604046, 3, 62, 268, 169, 0, 0.65%, 13, 0, 7, 1456.07
1639604052, 3, 83, 268, 167, 0, 0.65%, 13, 0, 7, 1475.38
1639604057, 3, 100, 269, 165, 0, 0.65%, 13, 0, 7, 1467.30
1639604062, 3, 128, 269, 160, 0, 0.65%, 13, 0, 7, 1469.22
1639604067, 4, 17, 272, 157, 0, 0.65%, 13, 0, 7, 1451.04
1639604072, 4, 272, 274, 158, 1, 0.66%, 13, 0, 7, 1454.25
1639604077, 5, 32, 274, 153, 0, 0.66%, 13, 0, 7, 1462.34
1639604082, 5, 66, 274, 149, 0, 0.66%, 13, 0, 7, 1471.63
1639604087, 5, 89, 274, 147, 0, 0.66%, 14, 0, 7, 1459.28
1639604092, 5, 110, 274, 143, 0, 0.66%, 14, 0, 7, 1386.37
1639604097, 5, 141, 274, 139, 0, 0.66%, 14, 0, 7, 1399.74
1639604103, 5, 165, 277, 141, 0, 0.66%, 14, 0, 7, 1419.04
1639604108, 5, 182, 278, 140, 0, 0.66%, 14, 0, 7, 1429.73
1639604113, 5, 194, 278, 138, 0, 0.66%, 14, 0, 7, 1417.99
1639604118, 5, 201, 281, 140, 0, 0.66%, 14, 0, 7, 1430.76
1639604123, 5, 215, 282, 138, 0, 0.66%, 14, 0, 7, 1393.58
1639604128, 5, 220, 282, 138, 0, 0.66%, 14, 0, 7, 1390.30
1639604133, 5, 231, 283, 137, 0, 0.66%, 15, 0, 7, 1347.11
1639604139, 5, 240, 283, 137, 0, 0.66%, 15, 0, 7, 1368.67
1639604144, 5, 283, 285, 138, 1, 0.66%, 16, 0, 8, 1395.88
1639604154, 5, 284, 287, 139, 1, 0.66%, 16, 0, 9, 1360.27
1639604159, 5, 285, 289, 140, 2, 0.66%, 16, 0, 10, 1344.16
1639604169, 5, 286, 289, 139, 1, 0.66%, 16, 0, 10, 1345.35
1639604179, 6, 21, 289, 137, 0, 0.66%, 16, 0, 10, 1341.15
1639604184, 6, 71, 290, 137, 0, 0.66%, 16, 0, 10, 1362.08
1639604189, 6, 93, 290, 135, 0, 0.66%, 16, 0, 10, 1367.01
1639604194, 6, 111, 292, 136, 0, 0.66%, 16, 0, 10, 1426.60
