# unix_time, cycles_done, cur_path, paths_total, pending_total, pending_favs, map_size, unique_crashes, unique_hangs, max_depth, execs_per_sec
1639596060, 0, 0, 1, 1, 1, 0.01%, 0, 0, 1, 444.44
1639596065, 33, 0, 1, 0, 0, 0.01%, 0, 0, 1, 1435.22
1639596070, 67, 0, 1, 0, 0, 0.01%, 0, 0, 1, 1648.70
1639596075, 101, 0, 1, 0, 0, 0.01%, 0, 0, 1, 1681.02
1639596080, 135, 0, 1, 0, 0, 0.01%, 0, 0, 1, 1662.69
1639596086, 170, 0, 1, 0, 0, 0.01%, 0, 0, 1, 1688.96
1639596091, 203, 0, 1, 0, 0, 0.01%, 0, 0, 1, 1680.18
1639596096, 237, 0, 1, 0, 0, 0.01%, 0, 0, 1, 1683.99
1639596101, 270, 0, 1, 0, 0, 0.01%, 0, 0, 1, 1668.38
1639596106, 303, 0, 1, 0, 0, 0.01%, 0, 0, 1, 1685.70
1639596111, 337, 0, 1, 0, 0, 0.01%, 0, 0, 1, 1683.27
1639596116, 371, 0, 1, 0, 0, 0.01%, 0, 0, 1, 1692.19
1639596121, 406, 0, 1, 0, 0, 0.01%, 0, 0, 1, 1690.87
1639596127, 440, 0, 1, 0, 0, 0.01%, 0, 0, 1, 1688.38
1639596132, 472, 0, 1, 0, 0, 0.01%, 0, 0, 1, 1653.33
1639596137, 505, 0, 1, 0, 0, 0.01%, 0, 0, 1, 1654.40
1639596142, 537, 0, 1, 0, 0, 0.01%, 0, 0, 1, 1608.69
1639596147, 568, 0, 1, 0, 0, 0.01%, 0, 0, 1, 1599.25
1639596152, 600, 0, 1, 0, 0, 0.01%, 0, 0, 1, 1587.11
1639596157, 633, 0, 1, 0, 0, 0.01%, 0, 0, 1, 1633.34
1639596162, 665, 0, 1, 0, 0, 0.01%, 0, 0, 1, 1647.00
1639596167, 698, 0, 1, 0, 0, 0.01%, 0, 0, 1, 1672.58
1639596172, 731, 0, 1, 0, 0, 0.01%, 0, 0, 1, 1660.86
1639596177, 763, 0, 1, 0, 0, 0.01%, 0, 0, 1, 1611.36
1639596182, 794, 0, 1, 0, 0, 0.01%, 0, 0, 1, 1606.44
1639596187, 827, 0, 1, 0, 0, 0.01%, 0, 0, 1, 1657.73
1639596192, 860, 0, 1, 0, 0, 0.01%, 0, 0, 1, 1664.56
1639596197, 893, 0, 1, 0, 0, 0.01%, 0, 0, 1, 1670.00
1639596202, 927, 0, 1, 0, 0, 0.01%, 0, 0, 1, 1673.17
1639596207, 960, 0, 1, 0, 0, 0.01%, 0, 0, 1, 1658.36
1639596212, 992, 0, 1, 0, 0, 0.01%, 0, 0, 1, 1642.72
1639596218, 1025, 0, 1, 0, 0, 0.01%, 0, 0, 1, 1640.78
1639596223, 1058, 0, 1, 0, 0, 0.01%, 0, 0, 1, 1632.54
1639596228, 1091, 0, 1, 0, 0, 0.01%, 0, 0, 1, 1688.71
1639596233, 1124, 0, 1, 0, 0, 0.01%, 0, 0, 1, 1680.08
1639596238, 1157, 0, 1, 0, 0, 0.01%, 0, 0, 1, 1685.25
1639596243, 1190, 0, 1, 0, 0, 0.01%, 0, 0, 1, 1687.67
1639596248, 1222, 0, 1, 0, 0, 0.01%, 0, 0, 1, 1646.71
1639596253, 1255, 0, 1, 0, 0, 0.01%, 0, 0, 1, 1635.75
1639596258, 1299, 0, 1, 0, 0, 0.01%, 0, 0, 1, 2344.50
1639596263, 1343, 0, 1, 0, 0, 0.01%, 0, 0, 1, 2064.99
1639596268, 1372, 0, 1, 0, 0, 0.01%, 0, 0, 1, 1571.57
1639596273, 1402, 0, 1, 0, 0, 0.01%, 0, 0, 1, 1572.78
1639596278, 1435, 0, 1, 0, 0, 0.01%, 0, 0, 1, 1610.81
1639596283, 1467, 0, 1, 0, 0, 0.01%, 0, 0, 1, 1655.53
1639596289, 1502, 0, 1, 0, 0, 0.01%, 0, 0, 1, 1701.46
1639596294, 1536, 0, 1, 0, 0, 0.01%, 0, 0, 1, 1693.44
1639596299, 1570, 0, 1, 0, 0, 0.01%, 0, 0, 1, 1688.66
1639596304, 1605, 0, 1, 0, 0, 0.01%, 0, 0, 1, 1688.95
1639596309, 1638, 0, 1, 0, 0, 0.01%, 0, 0, 1, 1689.82
1639596314, 1672, 0, 1, 0, 0, 0.01%, 0, 0, 1, 1683.56
1639596319, 1705, 0, 1, 0, 0, 0.01%, 0, 0, 1, 1698.24
1639596324, 1738, 0, 1, 0, 0, 0.01%, 0, 0, 1, 1688.56
1639596329, 1771, 0, 1, 0, 0, 0.01%, 0, 0, 1, 1684.31
1639596334, 1804, 0, 1, 0, 0, 0.01%, 0, 0, 1, 1687.00
1639596339, 1836, 0, 1, 0, 0, 0.01%, 0, 0, 1, 1655.23
1639596344, 1868, 0, 1, 0, 0, 0.01%, 0, 0, 1, 1601.39
1639596350, 1900, 0, 1, 0, 0, 0.01%, 0, 0, 1, 1636.57
1639596355, 1933, 0, 1, 0, 0, 0.01%, 0, 0, 1, 1629.55
