# unix_time, cycles_done, cur_path, paths_total, pending_total, pending_favs, map_size, unique_crashes, unique_hangs, max_depth, execs_per_sec
1639438083, 0, 0, 1, 1, 1, 0.12%, 0, 0, 1, 1600.00
1639438088, 0, 0, 76, 76, 1, 0.42%, 4, 0, 2, 1461.48
1639438093, 0, 5, 101, 99, 36, 0.44%, 7, 0, 3, 1420.51
1639438098, 0, 20, 119, 112, 33, 0.47%, 8, 0, 3, 1415.70
1639438103, 0, 23, 141, 132, 34, 0.51%, 8, 0, 3, 1402.58
1639438108, 0, 46, 148, 128, 29, 0.52%, 8, 0, 3, 1368.04
1639438113, 0, 59, 158, 134, 25, 0.53%, 9, 0, 3, 1207.47
1639438118, 0, 63, 158, 131, 25, 0.53%, 9, 0, 3, 1299.08
1639438123, 0, 76, 170, 137, 19, 0.54%, 9, 0, 3, 1388.27
1639438128, 0, 105, 177, 139, 16, 0.55%, 9, 0, 4, 147.95
1639438134, 0, 126, 184, 140, 16, 0.56%, 9, 0, 4, 128.02
1639438139, 0, 133, 190, 145, 15, 0.56%, 9, 0, 4, 1358.22
1639438144, 0, 159, 192, 140, 8, 0.56%, 9, 0, 4, 1377.36
1639438149, 0, 174, 199, 144, 7, 0.57%, 9, 0, 5, 1239.74
1639438154, 0, 174, 201, 146, 7, 0.57%, 9, 0, 5, 241.25
1639438159, 0, 177, 209, 153, 8, 0.58%, 9, 0, 5, 289.52
1639438164, 0, 177, 212, 156, 8, 0.59%, 9, 0, 5, 957.81
1639438169, 0, 192, 215, 156, 8, 0.59%, 9, 0, 5, 1250.42
1639438175, 0, 200, 218, 157, 7, 0.59%, 9, 0, 5, 1368.04
1639438180, 0, 205, 228, 166, 6, 0.59%, 9, 0, 6, 1393.47
1639438185, 0, 210, 233, 169, 6, 0.62%, 10, 0, 6, 1416.24
1639438190, 0, 212, 238, 173, 9, 0.62%, 10, 0, 6, 1369.82
1639438195, 0, 212, 239, 174, 9, 0.62%, 10, 0, 6, 360.81
1639438200, 0, 217, 240, 173, 8, 0.62%, 10, 0, 6, 892.36
1639438205, 0, 220, 244, 176, 7, 0.62%, 10, 0, 7, 1372.58
1639438211, 0, 231, 248, 178, 6, 0.63%, 10, 0, 7, 949.70
1639438216, 0, 233, 252, 180, 6, 0.63%, 10, 0, 7, 1146.67
1639438221, 0, 247, 253, 178, 3, 0.63%, 11, 0, 8, 1350.18
1639438226, 0, 251, 258, 181, 4, 0.64%, 11, 0, 8, 1414.88
1639438231, 0, 257, 262, 182, 2, 0.64%, 11, 0, 9, 1416.66
1639438236, 0, 258, 264, 183, 1, 0.64%, 11, 0, 9, 1409.84
1639438241, 1, 2, 264, 181, 0, 0.64%, 11, 0, 9, 1421.08
1639438246, 1, 25, 266, 177, 0, 0.64%, 11, 0, 9, 1435.16
1639438251, 1, 48, 267, 176, 0, 0.64%, 11, 0, 9, 1443.74
1639438256, 1, 67, 268, 173, 0, 0.64%, 11, 0, 9, 1417.25
1639438261, 1, 83, 268, 170, 0, 0.64%, 11, 0, 9, 1438.97
1639438266, 1, 106, 270, 166, 0, 0.64%, 11, 0, 9, 1426.08
1639438271, 1, 270, 271, 164, 1, 0.65%, 11, 0, 9, 1422.36
1639438276, 2, 130, 272, 162, 1, 0.65%, 12, 0, 9, 1436.23
1639438281, 3, 17, 273, 161, 0, 0.65%, 12, 0, 9, 1429.44
1639438286, 3, 273, 276, 162, 1, 0.65%, 12, 0, 9, 1433.60
1639438291, 4, 0, 277, 161, 0, 0.65%, 12, 0, 9, 1449.79
1639438297, 4, 26, 277, 159, 0, 0.65%, 12, 0, 9, 1437.45
1639438302, 4, 56, 277, 157, 0, 0.65%, 12, 0, 9, 1412.57
1639438307, 4, 71, 277, 156, 0, 0.65%, 12, 0, 9, 1440.62
1639438312, 4, 101, 278, 154, 0, 0.65%, 13, 0, 9, 1437.85
1639438317, 4, 125, 278, 149, 0, 0.65%, 13, 0, 9, 1383.82
1639438322, 4, 133, 279, 147, 0, 0.65%, 13, 0, 9, 1423.37
1639438327, 4, 278, 279, 145, 1, 0.65%, 13, 0, 9, 1445.52
1639438332, 5, 21, 279, 144, 0, 0.65%, 13, 0, 9, 1452.42
1639438338, 5, 280, 283, 145, 1, 0.65%, 13, 0, 9, 1436.61
1639438343, 5, 283, 284, 145, 0, 0.65%, 13, 0, 9, 1442.95
1639438348, 6, 5, 284, 144, 0, 0.65%, 14, 0, 9, 1427.76
1639438353, 6, 53, 284, 143, 0, 0.65%, 14, 0, 9, 2048.27
1639438358, 6, 71, 284, 142, 0, 0.65%, 14, 0, 9, 1606.93
1639438363, 6, 99, 284, 139, 0, 0.65%, 14, 0, 9, 1430.36
1639438368, 6, 125, 285, 136, 0, 0.65%, 14, 0, 9, 1436.27
1639438373, 6, 136, 285, 133, 0, 0.65%, 14, 0, 9, 1442.43
1639438378, 6, 285, 286, 133, 1, 0.66%, 14, 0, 9, 1447.03
