# unix_time, cycles_done, cur_path, paths_total, pending_total, pending_favs, map_size, unique_crashes, unique_hangs, max_depth, execs_per_sec
1639520512, 0, 0, 1110, 1110, 86, 0.75%, 0, 0, 1, 1316.53
1639520517, 0, 90, 1110, 1102, 79, 0.75%, 3, 0, 1, 1426.45
1639520522, 0, 211, 1110, 1093, 73, 0.75%, 4, 0, 1, 1444.24
1639520527, 0, 295, 1111, 1085, 68, 0.75%, 4, 0, 2, 1341.34
1639520533, 0, 376, 1111, 1075, 58, 0.75%, 5, 0, 2, 1283.32
1639520538, 0, 482, 1111, 1067, 51, 0.75%, 5, 0, 2, 1381.64
1639520543, 0, 655, 1111, 1059, 43, 0.75%, 5, 0, 2, 1422.76
1639520548, 0, 723, 1111, 1050, 36, 0.75%, 6, 0, 2, 1447.19
1639520553, 0, 779, 1111, 1043, 29, 0.75%, 7, 0, 2, 1447.66
1639520558, 0, 874, 1111, 1032, 19, 0.75%, 7, 0, 2, 1456.31
1639520563, 0, 1022, 1111, 1021, 8, 0.75%, 7, 0, 2, 1437.62
1639520568, 0, 1108, 1111, 1014, 2, 0.75%, 7, 0, 2, 1429.81
1639520573, 1, 317, 1111, 1008, 0, 0.75%, 7, 0, 2, 1419.81
1639520579, 1, 344, 1111, 999, 0, 0.75%, 8, 0, 2, 1697.56
1639520584, 1, 372, 1111, 993, 0, 0.75%, 8, 0, 2, 1468.35
1639520589, 1, 400, 1111, 986, 0, 0.75%, 8, 0, 2, 1422.53
1639520594, 1, 418, 1111, 978, 0, 0.75%, 8, 0, 2, 1424.21
1639520599, 1, 429, 1111, 973, 0, 0.75%, 8, 0, 2, 1426.23
1639520604, 1, 459, 1111, 968, 0, 0.75%, 8, 0, 2, 1410.22
1639520609, 1, 482, 1111, 961, 0, 0.75%, 8, 0, 2, 1391.60
1639520614, 1, 502, 1111, 956, 0, 0.75%, 8, 0, 2, 1369.26
1639520620, 1, 528, 1111, 950, 0, 0.75%, 8, 0, 2, 1355.67
1639520625, 1, 572, 1111, 946, 0, 0.75%, 8, 0, 2, 1330.74
1639520630, 1, 585, 1111, 940, 0, 0.75%, 9, 0, 2, 1292.42
1639520635, 1, 599, 1111, 932, 0, 0.75%, 9, 0, 2, 1298.10
1639520640, 1, 629, 1111, 924, 0, 0.75%, 9, 0, 2, 1316.62
1639520645, 1, 652, 1111, 915, 0, 0.75%, 9, 0, 2, 1402.76
1639520650, 1, 680, 1111, 912, 0, 0.75%, 10, 0, 2, 1421.08
1639520655, 1, 709, 1111, 905, 0, 0.75%, 11, 0, 2, 1438.98
1639520660, 1, 732, 1111, 898, 0, 0.75%, 11, 0, 2, 1430.84
1639520665, 1, 763, 1111, 891, 0, 0.75%, 11, 0, 2, 1433.17
1639520670, 1, 787, 1111, 889, 0, 0.75%, 11, 0, 2, 1425.58
1639520675, 1, 824, 1111, 882, 0, 0.75%, 11, 0, 2, 1419.07
1639520681, 1, 838, 1111, 876, 0, 0.75%, 13, 0, 2, 1340.06
1639520686, 1, 869, 1111, 871, 0, 0.75%, 13, 0, 2, 1332.84
1639520691, 1, 890, 1111, 865, 0, 0.75%, 13, 0, 2, 1231.03
1639520696, 1, 935, 1111, 858, 0, 0.75%, 13, 0, 2, 1190.70
1639520701, 1, 956, 1111, 852, 0, 0.75%, 13, 0, 2, 1181.69
1639520706, 1, 987, 1111, 845, 0, 0.75%, 13, 0, 2, 1257.58
1639520711, 1, 1012, 1111, 842, 0, 0.75%, 13, 0, 2, 1306.23
1639520716, 1, 1035, 1111, 838, 0, 0.75%, 13, 0, 2, 1364.14
1639520721, 1, 1051, 1111, 831, 0, 0.75%, 14, 0, 2, 1379.75
1639520726, 1, 1079, 1111, 825, 0, 0.75%, 14, 0, 2, 1378.97
1639520732, 1, 1098, 1111, 820, 0, 0.75%, 14, 0, 2, 1373.04
1639520737, 2, 8, 1111, 811, 0, 0.75%, 14, 0, 2, 1356.33
1639520742, 2, 40, 1111, 805, 0, 0.75%, 15, 0, 2, 1368.26
1639520747, 2, 60, 1111, 797, 0, 0.75%, 15, 0, 2, 1344.77
1639520752, 2, 77, 1111, 792, 0, 0.75%, 15, 0, 2, 1330.75
1639520757, 2, 117, 1111, 786, 0, 0.75%, 15, 0, 2, 1299.48
1639520762, 2, 137, 1111, 778, 0, 0.75%, 15, 0, 2, 1272.09
1639520767, 2, 172, 1111, 771, 0, 0.75%, 15, 0, 2, 1297.30
1639520773, 2, 200, 1111, 765, 0, 0.75%, 15, 0, 2, 1266.31
1639520778, 2, 240, 1111, 760, 0, 0.75%, 15, 0, 2, 1272.14
1639520783, 2, 260, 1111, 754, 0, 0.75%, 15, 0, 2, 1275.70
1639520788, 2, 300, 1111, 749, 0, 0.75%, 15, 0, 2, 1283.33
1639520793, 2, 336, 1111, 743, 0, 0.75%, 15, 0, 2, 1305.43
1639520798, 2, 347, 1111, 737, 0, 0.75%, 15, 0, 2, 1284.91
1639520803, 2, 391, 1111, 732, 0, 0.75%, 15, 0, 2, 1254.43
