# unix_time, cycles_done, cur_path, paths_total, pending_total, pending_favs, map_size, unique_crashes, unique_hangs, max_depth, execs_per_sec
1639442319, 0, 0, 901, 901, 97, 0.92%, 0, 0, 1, 1285.54
1639442324, 0, 106, 901, 888, 85, 0.92%, 3, 0, 1, 1408.96
1639442329, 0, 228, 901, 877, 74, 0.92%, 4, 0, 1, 1393.06
1639442334, 0, 319, 901, 866, 63, 0.92%, 5, 0, 1, 1400.95
1639442339, 0, 377, 901, 856, 53, 0.92%, 7, 0, 1, 1428.16
1639442345, 0, 462, 901, 845, 42, 0.92%, 7, 0, 1, 1457.74
1639442350, 0, 565, 901, 837, 34, 0.92%, 7, 0, 1, 1441.56
1639442355, 0, 617, 901, 831, 28, 0.92%, 7, 0, 1, 1424.04
1639442360, 0, 674, 902, 825, 23, 0.92%, 7, 0, 2, 1414.38
1639442365, 0, 761, 902, 815, 14, 0.92%, 7, 0, 2, 1425.85
1639442370, 0, 889, 902, 804, 3, 0.92%, 7, 0, 2, 1394.48
1639442375, 1, 34, 902, 798, 0, 0.92%, 7, 0, 2, 1414.29
1639442380, 1, 58, 902, 791, 0, 0.92%, 7, 0, 2, 1427.36
1639442385, 1, 99, 902, 784, 0, 0.92%, 7, 0, 2, 1436.52
1639442390, 1, 120, 902, 777, 0, 0.92%, 7, 0, 2, 1420.26
1639442396, 1, 129, 902, 771, 0, 0.92%, 7, 0, 2, 1369.99
1639442401, 1, 157, 902, 764, 0, 0.92%, 7, 0, 2, 1433.19
1639442406, 1, 198, 902, 756, 0, 0.92%, 7, 0, 2, 1409.56
1639442411, 1, 224, 902, 750, 0, 0.92%, 7, 0, 2, 1418.04
1639442416, 1, 262, 902, 744, 0, 0.92%, 7, 0, 2, 1418.80
1639442421, 1, 292, 902, 739, 0, 0.92%, 7, 0, 2, 1402.98
1639442426, 1, 321, 902, 733, 0, 0.92%, 7, 0, 2, 1459.84
1639442431, 1, 343, 902, 727, 0, 0.92%, 7, 0, 2, 1447.97
1639442437, 1, 359, 902, 721, 0, 0.92%, 7, 0, 2, 1440.38
1639442442, 1, 384, 902, 716, 0, 0.92%, 7, 0, 2, 1435.66
1639442447, 1, 406, 902, 709, 0, 0.92%, 8, 0, 2, 1439.05
1639442452, 1, 422, 902, 702, 0, 0.92%, 8, 0, 2, 1419.45
1639442457, 1, 448, 902, 698, 0, 0.92%, 8, 0, 2, 1449.06
1639442462, 1, 498, 902, 691, 0, 0.92%, 8, 0, 2, 1430.09
1639442467, 1, 525, 902, 685, 0, 0.92%, 8, 0, 2, 1427.63
1639442472, 1, 549, 902, 678, 0, 0.92%, 9, 0, 2, 1427.72
1639442477, 1, 566, 902, 672, 0, 0.92%, 9, 0, 2, 1435.20
1639442482, 1, 583, 902, 667, 0, 0.92%, 9, 0, 2, 1432.44
1639442487, 1, 614, 902, 663, 0, 0.92%, 10, 0, 2, 1437.84
1639442493, 1, 652, 902, 657, 0, 0.92%, 10, 0, 2, 1439.38
1639442498, 1, 674, 902, 652, 0, 0.92%, 10, 0, 2, 1432.60
1639442503, 1, 716, 902, 647, 0, 0.92%, 10, 0, 2, 1432.86
1639442508, 1, 731, 902, 638, 0, 0.92%, 10, 0, 2, 1408.12
1639442513, 1, 752, 902, 631, 0, 0.92%, 10, 0, 2, 1433.51
1639442518, 1, 778, 902, 626, 0, 0.92%, 10, 0, 2, 1419.58
1639442523, 1, 805, 902, 617, 0, 0.92%, 10, 0, 2, 1419.02
1639442528, 1, 827, 902, 610, 0, 0.92%, 10, 0, 2, 1428.69
1639442533, 1, 856, 902, 602, 0, 0.92%, 10, 0, 2, 1425.14
1639442539, 1, 875, 902, 598, 0, 0.92%, 10, 0, 2, 1403.62
1639442544, 1, 893, 902, 593, 0, 0.92%, 10, 0, 2, 1422.41
1639442549, 2, 11, 902, 585, 0, 0.92%, 10, 0, 2, 1429.40
1639442554, 2, 77, 902, 578, 0, 0.92%, 11, 0, 2, 1416.39
1639442559, 2, 90, 902, 573, 0, 0.92%, 11, 0, 2, 1411.25
1639442564, 2, 112, 902, 567, 0, 0.92%, 11, 0, 2, 1415.79
1639442569, 2, 157, 902, 560, 0, 0.92%, 11, 0, 2, 1402.45
1639442574, 2, 199, 902, 554, 0, 0.92%, 11, 0, 2, 1423.54
1639442580, 2, 227, 902, 548, 0, 0.92%, 11, 0, 2, 1441.08
1639442585, 2, 254, 902, 542, 0, 0.92%, 12, 0, 2, 1198.68
1639442590, 2, 294, 902, 538, 0, 0.92%, 12, 0, 2, 1368.46
1639442595, 2, 324, 902, 532, 0, 0.92%, 12, 0, 2, 1406.22
1639442600, 2, 345, 902, 528, 0, 0.92%, 12, 0, 2, 1404.50
1639442605, 2, 377, 902, 523, 0, 0.92%, 12, 0, 2, 1415.86
1639442610, 2, 424, 902, 514, 0, 0.92%, 12, 0, 2, 1750.23
