# unix_time, cycles_done, cur_path, paths_total, pending_total, pending_favs, map_size, unique_crashes, unique_hangs, max_depth, execs_per_sec
1639513942, 0, 0, 1, 1, 1, 0.12%, 0, 0, 1, 615.38
1639513947, 0, 0, 77, 77, 1, 0.45%, 3, 0, 2, 1260.46
1639513952, 0, 3, 106, 104, 38, 0.47%, 5, 0, 3, 1359.38
1639513957, 0, 29, 124, 110, 27, 0.49%, 5, 0, 3, 1362.57
1639513962, 0, 31, 135, 119, 32, 0.51%, 6, 0, 3, 1332.82
1639513967, 0, 35, 143, 124, 31, 0.53%, 6, 0, 3, 1302.48
1639513972, 0, 47, 152, 124, 23, 0.53%, 6, 0, 3, 1198.91
1639513978, 0, 72, 160, 127, 18, 0.54%, 6, 0, 3, 1080.73
1639513983, 0, 94, 165, 128, 14, 0.54%, 6, 0, 4, 1005.74
1639513988, 0, 115, 168, 128, 11, 0.54%, 6, 0, 4, 981.33
1639513993, 0, 131, 172, 127, 6, 0.54%, 6, 0, 4, 1036.09
1639513998, 0, 136, 183, 136, 5, 0.55%, 6, 0, 4, 1130.25
1639514003, 0, 172, 186, 136, 4, 0.55%, 6, 0, 5, 1291.85
1639514008, 0, 174, 201, 150, 4, 0.60%, 6, 0, 5, 1383.15
1639514013, 0, 182, 208, 156, 8, 0.61%, 6, 0, 5, 1427.56
1639514018, 0, 194, 213, 159, 8, 0.61%, 6, 0, 6, 1448.31
1639514023, 0, 197, 223, 168, 14, 0.62%, 6, 0, 6, 1443.28
1639514028, 0, 207, 229, 171, 11, 0.63%, 6, 0, 6, 1422.54
1639514033, 0, 209, 233, 174, 11, 0.63%, 6, 0, 6, 1387.93
1639514039, 0, 215, 236, 173, 8, 0.63%, 6, 0, 7, 1393.06
1639514044, 0, 216, 239, 175, 8, 0.64%, 6, 0, 7, 1424.85
1639514049, 0, 219, 247, 181, 9, 0.65%, 6, 0, 7, 1412.45
1639514054, 0, 224, 253, 186, 9, 0.65%, 7, 0, 7, 1416.67
1639514059, 0, 231, 258, 189, 8, 0.65%, 8, 0, 7, 1336.81
1639514064, 0, 238, 262, 189, 4, 0.65%, 9, 0, 7, 1330.04
1639514069, 0, 245, 266, 191, 4, 0.65%, 9, 0, 8, 1306.96
1639514074, 0, 262, 267, 190, 4, 0.65%, 9, 0, 8, 1278.76
1639514079, 0, 263, 271, 193, 3, 0.65%, 9, 0, 9, 1228.58
1639514084, 0, 264, 271, 192, 2, 0.65%, 10, 0, 9, 1205.46
1639514089, 1, 19, 271, 189, 0, 0.65%, 10, 0, 9, 1246.66
1639514094, 1, 271, 272, 185, 1, 0.66%, 10, 0, 9, 1284.71
1639514099, 2, 30, 272, 181, 0, 0.66%, 10, 0, 9, 1335.94
1639514104, 2, 248, 275, 181, 1, 0.66%, 11, 0, 9, 1685.53
1639514109, 2, 275, 277, 180, 0, 0.66%, 11, 0, 9, 1673.45
1639514115, 2, 276, 279, 181, 0, 0.66%, 11, 0, 9, 1348.47
1639514120, 3, 11, 281, 182, 0, 0.66%, 11, 0, 9, 1367.08
1639514125, 3, 35, 281, 182, 0, 0.66%, 11, 0, 9, 1398.71
1639514130, 3, 281, 284, 185, 1, 0.66%, 11, 0, 9, 1398.00
1639514135, 3, 283, 284, 184, 1, 0.66%, 11, 0, 9, 1421.73
1639514140, 4, 31, 284, 181, 0, 0.66%, 11, 0, 9, 1409.53
1639514145, 4, 50, 285, 181, 0, 0.66%, 11, 0, 9, 1405.83
1639514150, 4, 67, 285, 175, 0, 0.66%, 11, 0, 9, 1372.03
1639514155, 4, 94, 287, 174, 0, 0.66%, 11, 0, 9, 1344.50
1639514160, 4, 287, 291, 177, 1, 0.69%, 12, 0, 9, 1340.17
1639514165, 4, 287, 293, 179, 1, 0.69%, 12, 0, 9, 1332.20
1639514170, 4, 290, 294, 179, 1, 0.69%, 12, 0, 9, 1343.40
1639514175, 4, 292, 296, 180, 0, 0.69%, 12, 0, 9, 1350.86
1639514180, 4, 294, 296, 179, 3, 0.69%, 12, 0, 9, 1391.67
1639514185, 4, 295, 296, 178, 2, 0.69%, 12, 0, 9, 1415.36
1639514190, 5, 123, 296, 174, 0, 0.69%, 12, 0, 9, 1429.62
1639514195, 5, 135, 297, 172, 0, 0.69%, 12, 0, 9, 1370.89
1639514200, 5, 170, 297, 167, 0, 0.69%, 12, 0, 9, 1333.00
1639514206, 5, 187, 297, 163, 0, 0.69%, 12, 0, 9, 1314.81
1639514211, 5, 190, 298, 163, 0, 0.69%, 12, 0, 9, 1247.89
1639514216, 5, 200, 298, 161, 0, 0.69%, 12, 0, 9, 1240.76
1639514221, 5, 209, 298, 159, 0, 0.69%, 12, 0, 9, 1276.22
1639514226, 5, 215, 298, 159, 0, 0.69%, 12, 0, 9, 1280.56
1639514231, 5, 222, 298, 159, 0, 0.69%, 12, 0, 9, 1292.96
1639514236, 5, 234, 298, 158, 0, 0.69%, 13, 0, 9, 1284.84
1639514241, 5, 245, 298, 156, 0, 0.69%, 13, 0, 9, 1295.79
