# unix_time, cycles_done, cur_path, paths_total, pending_total, pending_favs, map_size, unique_crashes, unique_hangs, max_depth, execs_per_sec
1639526656, 0, 0, 944, 944, 77, 0.87%, 0, 0, 1, 1199.49
1639526661, 0, 45, 947, 943, 77, 0.87%, 1, 0, 2, 1293.00
1639526666, 0, 117, 950, 937, 69, 0.89%, 2, 0, 2, 1333.04
1639526671, 0, 193, 950, 929, 61, 0.89%, 4, 0, 2, 1404.79
1639526676, 0, 324, 951, 921, 55, 0.89%, 5, 0, 2, 1408.73
1639526681, 0, 380, 951, 914, 48, 0.89%, 5, 0, 2, 1436.35
1639526686, 0, 562, 951, 902, 37, 0.89%, 5, 0, 2, 1434.32
1639526692, 0, 735, 952, 894, 28, 0.89%, 5, 0, 2, 1420.47
1639526697, 0, 843, 952, 885, 19, 0.89%, 5, 0, 2, 1417.97
1639526702, 0, 910, 952, 874, 10, 0.89%, 6, 0, 2, 1413.52
1639526707, 0, 950, 956, 869, 5, 0.89%, 7, 0, 3, 1425.00
1639526712, 1, 75, 958, 865, 2, 0.89%, 7, 0, 5, 1431.16
1639526717, 1, 398, 958, 858, 0, 0.89%, 7, 0, 5, 1416.95
1639526722, 1, 426, 958, 852, 0, 0.89%, 7, 0, 5, 1396.30
1639526727, 1, 457, 958, 844, 0, 0.89%, 8, 0, 5, 1386.90
1639526733, 1, 494, 958, 834, 0, 0.89%, 8, 0, 5, 1361.20
1639526738, 1, 529, 959, 826, 0, 0.89%, 8, 0, 5, 1408.36
1639526743, 1, 553, 959, 819, 0, 0.89%, 8, 0, 5, 1406.87
1639526748, 1, 569, 959, 813, 0, 0.89%, 8, 0, 5, 1424.54
1639526753, 1, 597, 959, 805, 0, 0.89%, 8, 0, 5, 1420.85
1639526758, 1, 618, 959, 798, 0, 0.89%, 10, 0, 5, 1431.44
1639526763, 1, 647, 959, 792, 0, 0.89%, 10, 0, 5, 1393.07
1639526768, 1, 669, 959, 785, 0, 0.89%, 10, 0, 5, 1400.41
1639526774, 1, 702, 959, 778, 0, 0.89%, 10, 0, 5, 1431.06
1639526779, 1, 733, 959, 770, 0, 0.89%, 12, 0, 5, 1419.57
1639526784, 1, 775, 959, 762, 0, 0.89%, 13, 0, 5, 1422.54
1639526789, 1, 814, 959, 754, 0, 0.89%, 13, 0, 5, 1424.99
1639526794, 1, 838, 959, 750, 0, 0.89%, 13, 0, 5, 1418.42
1639526799, 1, 862, 959, 745, 0, 0.89%, 13, 0, 5, 1415.81
1639526804, 1, 889, 959, 739, 0, 0.89%, 15, 0, 5, 1413.18
1639526809, 1, 910, 959, 734, 0, 0.89%, 15, 0, 5, 1418.98
1639526815, 1, 953, 959, 733, 0, 0.89%, 15, 0, 5, 1433.50
1639526820, 2, 7, 960, 731, 0, 0.89%, 16, 0, 5, 1418.94
1639526825, 2, 30, 960, 724, 0, 0.89%, 16, 0, 5, 1408.76
1639526830, 2, 72, 960, 716, 0, 0.89%, 16, 0, 5, 1395.53
1639526835, 2, 118, 960, 712, 0, 0.89%, 16, 0, 5, 1396.08
1639526840, 2, 137, 960, 709, 0, 0.89%, 17, 0, 5, 1420.74
1639526845, 2, 171, 960, 701, 0, 0.89%, 17, 0, 5, 1435.05
1639526850, 2, 205, 960, 693, 0, 0.89%, 17, 0, 5, 1439.88
1639526855, 2, 243, 960, 683, 0, 0.89%, 17, 0, 5, 1416.27
1639526860, 2, 263, 960, 675, 0, 0.89%, 17, 0, 5, 1423.94
1639526866, 2, 306, 960, 665, 0, 0.89%, 18, 0, 5, 1420.00
1639526871, 2, 323, 960, 659, 0, 0.89%, 18, 0, 5, 1417.28
1639526876, 2, 346, 960, 653, 0, 0.89%, 18, 0, 5, 1399.06
1639526881, 2, 362, 960, 648, 0, 0.89%, 18, 0, 5, 1399.96
1639526886, 2, 384, 960, 640, 0, 0.89%, 19, 0, 5, 1410.14
1639526891, 2, 422, 960, 635, 0, 0.89%, 19, 0, 5, 1344.68
1639526896, 2, 452, 960, 627, 0, 0.89%, 19, 0, 5, 1398.89
1639526901, 2, 507, 960, 620, 0, 0.89%, 19, 0, 5, 1418.16
1639526906, 2, 529, 960, 612, 0, 0.89%, 19, 0, 5, 1386.43
1639526912, 2, 566, 960, 604, 0, 0.89%, 21, 0, 5, 1539.43
1639526917, 2, 615, 960, 596, 0, 0.89%, 21, 0, 5, 1392.43
1639526922, 2, 668, 960, 589, 0, 0.89%, 21, 0, 5, 1408.07
1639526927, 2, 693, 960, 583, 0, 0.89%, 21, 0, 5, 1418.35
1639526932, 2, 742, 960, 576, 0, 0.89%, 21, 0, 5, 1403.36
1639526937, 2, 772, 960, 568, 0, 0.89%, 21, 0, 5, 1421.42
1639526942, 2, 796, 960, 562, 0, 0.89%, 21, 0, 5, 1390.88
1639526947, 2, 834, 960, 553, 0, 0.89%, 21, 0, 5, 1408.20
