# unix_time, cycles_done, cur_path, paths_total, pending_total, pending_favs, map_size, unique_crashes, unique_hangs, max_depth, execs_per_sec
1639476637, 0, 0, 648, 648, 97, 0.89%, 0, 0, 1, 1212.06
1639476642, 0, 78, 648, 637, 86, 0.89%, 4, 0, 1, 1339.71
1639476647, 0, 134, 648, 626, 75, 0.89%, 4, 0, 1, 1367.80
1639476652, 0, 194, 648, 618, 67, 0.89%, 4, 0, 1, 1387.16
1639476657, 0, 330, 648, 609, 58, 0.89%, 4, 0, 1, 1388.40
1639476662, 0, 365, 648, 600, 49, 0.89%, 4, 0, 1, 1381.90
1639476667, 0, 407, 648, 593, 43, 0.89%, 4, 0, 1, 1374.34
1639476672, 0, 433, 648, 586, 36, 0.89%, 4, 0, 1, 1364.43
1639476678, 0, 504, 649, 577, 28, 0.89%, 7, 0, 2, 1355.28
1639476683, 0, 549, 649, 568, 19, 0.89%, 7, 0, 2, 1351.82
1639476688, 0, 599, 649, 560, 12, 0.89%, 7, 0, 2, 1366.36
1639476693, 1, 0, 649, 547, 0, 0.89%, 7, 0, 2, 1386.93
1639476698, 1, 22, 649, 540, 0, 0.89%, 7, 0, 2, 1380.19
1639476703, 1, 42, 649, 533, 0, 0.89%, 8, 0, 2, 1394.39
1639476708, 1, 59, 649, 528, 0, 0.89%, 8, 0, 2, 1366.50
1639476714, 1, 85, 649, 526, 0, 0.89%, 8, 0, 2, 1392.78
1639476719, 1, 102, 649, 520, 0, 0.89%, 8, 0, 2, 1383.45
1639476724, 1, 134, 649, 513, 0, 0.89%, 8, 0, 2, 1389.92
1639476729, 1, 159, 649, 506, 0, 0.89%, 9, 0, 2, 1386.31
1639476734, 1, 190, 649, 497, 0, 0.89%, 9, 0, 2, 2093.49
1639476739, 1, 222, 649, 492, 0, 0.89%, 10, 0, 2, 1503.72
1639476744, 1, 240, 649, 486, 0, 0.89%, 10, 0, 2, 1391.12
1639476749, 1, 269, 649, 477, 0, 0.89%, 10, 0, 2, 1351.75
1639476755, 1, 305, 649, 470, 0, 0.89%, 10, 0, 2, 1356.89
1639476760, 1, 329, 649, 463, 0, 0.89%, 10, 0, 2, 1353.85
1639476765, 1, 343, 649, 458, 0, 0.89%, 10, 0, 2, 1351.21
1639476770, 1, 362, 649, 453, 0, 0.89%, 10, 0, 2, 1339.57
1639476775, 1, 396, 649, 446, 0, 0.89%, 10, 0, 2, 1335.15
1639476780, 1, 410, 649, 444, 0, 0.89%, 10, 0, 2, 1344.76
1639476785, 1, 429, 649, 442, 0, 0.89%, 10, 0, 2, 1362.85
1639476790, 1, 460, 649, 433, 0, 0.89%, 10, 0, 2, 1372.43
1639476795, 1, 479, 649, 429, 0, 0.89%, 10, 0, 2, 1382.98
1639476801, 1, 508, 649, 422, 0, 0.89%, 10, 0, 2, 1365.31
1639476806, 1, 521, 649, 416, 0, 0.89%, 10, 0, 2, 1368.91
1639476811, 1, 549, 649, 413, 0, 0.89%, 10, 0, 2, 1386.43
1639476816, 1, 578, 649, 408, 0, 0.89%, 10, 0, 2, 1380.34
1639476821, 1, 595, 649, 404, 0, 0.89%, 10, 0, 2, 1374.33
1639476826, 1, 615, 649, 398, 0, 0.89%, 10, 0, 2, 1370.68
1639476831, 1, 645, 649, 393, 0, 0.89%, 10, 0, 2, 1388.67
1639476836, 2, 20, 649, 388, 0, 0.89%, 10, 0, 2, 1391.55
1639476842, 2, 59, 649, 385, 0, 0.89%, 10, 0, 2, 1390.21
1639476847, 2, 79, 649, 380, 0, 0.89%, 11, 0, 2, 1374.84
1639476852, 2, 104, 649, 378, 0, 0.89%, 11, 0, 2, 1388.69
1639476857, 2, 140, 649, 373, 0, 0.89%, 11, 0, 2, 1375.32
1639476862, 2, 168, 649, 370, 0, 0.89%, 11, 0, 2, 1381.12
1639476867, 2, 210, 649, 366, 0, 0.89%, 11, 0, 2, 1384.87
1639476872, 2, 234, 649, 359, 0, 0.89%, 11, 0, 2, 1369.03
1639476877, 2, 258, 649, 355, 0, 0.89%, 11, 0, 2, 1361.98
1639476882, 2, 287, 649, 350, 0, 0.89%, 12, 0, 2, 1369.78
1639476888, 2, 316, 649, 342, 0, 0.89%, 12, 0, 2, 1371.97
1639476893, 2, 347, 649, 340, 0, 0.89%, 12, 0, 2, 1384.07
1639476898, 2, 370, 649, 336, 0, 0.89%, 12, 0, 2, 1360.68
1639476903, 2, 402, 649, 332, 0, 0.89%, 12, 0, 2, 1371.50
1639476908, 2, 418, 649, 330, 0, 0.89%, 12, 0, 2, 1389.18
1639476913, 2, 460, 649, 325, 0, 0.89%, 12, 0, 2, 1393.48
1639476918, 2, 486, 649, 322, 0, 0.89%, 12, 0, 2, 1394.66
1639476923, 2, 533, 649, 318, 0, 0.89%, 12, 0, 2, 1372.18
1639476928, 2, 559, 649, 315, 0, 0.89%, 12, 0, 2, 1383.87
