# unix_time, cycles_done, cur_path, paths_total, pending_total, pending_favs, map_size, unique_crashes, unique_hangs, max_depth, execs_per_sec
1639433301, 0, 0, 1, 1, 1, 0.12%, 0, 0, 1, 1600.00
1639433306, 0, 0, 76, 76, 1, 0.44%, 5, 0, 2, 1459.93
1639433311, 0, 5, 111, 108, 34, 0.47%, 7, 0, 3, 1451.66
1639433316, 0, 25, 124, 115, 30, 0.49%, 7, 0, 3, 1470.76
1639433321, 0, 37, 135, 119, 28, 0.51%, 8, 0, 3, 1461.67
1639433326, 0, 56, 148, 124, 22, 0.51%, 9, 0, 3, 1471.28
1639433331, 0, 99, 163, 132, 16, 0.53%, 9, 0, 4, 1422.07
1639433336, 0, 107, 173, 140, 15, 0.54%, 9, 0, 4, 1392.52
1639433342, 0, 117, 175, 136, 14, 0.54%, 10, 0, 4, 1437.71
1639433347, 0, 136, 184, 142, 11, 0.56%, 10, 0, 4, 1478.69
1639433352, 0, 158, 190, 144, 15, 0.56%, 10, 0, 5, 1466.29
1639433357, 0, 168, 191, 141, 11, 0.56%, 10, 0, 5, 1469.95
1639433362, 0, 180, 197, 144, 8, 0.59%, 11, 0, 5, 1463.52
1639433367, 0, 181, 206, 152, 16, 0.62%, 11, 0, 5, 1486.41
1639433372, 0, 183, 210, 155, 15, 0.62%, 11, 0, 5, 1480.25
1639433377, 0, 193, 218, 158, 12, 0.63%, 11, 0, 6, 1505.10
1639433382, 0, 198, 221, 157, 10, 0.67%, 11, 0, 6, 1512.71
1639433388, 0, 203, 225, 158, 7, 0.67%, 12, 0, 6, 1491.17
1639433393, 0, 211, 231, 162, 8, 0.68%, 12, 0, 7, 1517.05
1639433398, 0, 217, 239, 169, 8, 0.69%, 12, 0, 7, 1495.68
1639433403, 0, 220, 243, 172, 10, 0.70%, 12, 0, 7, 1508.58
1639433408, 0, 226, 248, 175, 11, 0.70%, 12, 0, 7, 1506.38
1639433413, 0, 227, 253, 179, 12, 0.70%, 12, 0, 7, 1496.92
1639433418, 0, 228, 254, 179, 12, 0.70%, 12, 0, 7, 1504.33
1639433423, 0, 234, 256, 178, 11, 0.70%, 12, 0, 8, 1502.36
1639433428, 0, 241, 257, 175, 7, 0.70%, 12, 0, 8, 1513.09
1639433433, 0, 244, 258, 174, 5, 0.70%, 12, 0, 8, 1459.07
1639433439, 0, 254, 261, 175, 3, 0.70%, 12, 0, 9, 1486.50
1639433444, 1, 33, 263, 172, 0, 0.70%, 12, 0, 9, 1494.83
1639433449, 1, 49, 264, 172, 0, 0.70%, 12, 0, 9, 1494.12
1639433454, 1, 83, 264, 164, 0, 0.70%, 12, 0, 9, 1511.24
1639433459, 1, 115, 265, 160, 0, 0.70%, 12, 0, 9, 1483.77
1639433464, 1, 133, 267, 157, 0, 0.70%, 12, 0, 9, 1477.97
1639433469, 1, 150, 267, 152, 0, 0.70%, 12, 0, 9, 1470.71
1639433474, 1, 159, 268, 152, 0, 0.70%, 12, 0, 9, 1460.88
1639433479, 1, 164, 268, 150, 0, 0.70%, 12, 0, 9, 1480.40
1639433484, 1, 173, 270, 151, 0, 0.71%, 12, 0, 9, 1496.26
1639433489, 1, 269, 273, 152, 1, 0.71%, 12, 0, 9, 1467.33
1639433494, 1, 270, 275, 153, 0, 0.71%, 12, 0, 10, 1480.17
1639433499, 1, 273, 276, 153, 0, 0.71%, 12, 0, 11, 1504.08
1639433504, 1, 275, 277, 153, 0, 0.71%, 13, 0, 12, 1471.55
1639433509, 2, 33, 278, 150, 0, 0.71%, 13, 0, 12, 1481.30
1639433514, 2, 61, 278, 147, 0, 0.71%, 13, 0, 12, 1499.26
1639433519, 2, 98, 278, 144, 0, 0.71%, 13, 0, 12, 1479.74
1639433524, 2, 125, 279, 142, 0, 0.71%, 13, 0, 12, 1466.51
1639433529, 2, 155, 279, 137, 0, 0.71%, 13, 0, 12, 1479.30
1639433534, 2, 163, 279, 137, 0, 0.71%, 13, 0, 12, 1468.71
1639433539, 2, 180, 279, 135, 0, 0.71%, 13, 0, 12, 1480.46
1639433545, 2, 194, 279, 135, 0, 0.71%, 13, 0, 12, 1487.73
1639433550, 2, 199, 279, 134, 0, 0.71%, 13, 0, 12, 1476.34
1639433555, 2, 207, 279, 133, 0, 0.71%, 14, 0, 12, 1481.28
1639433560, 2, 279, 287, 139, 2, 0.72%, 15, 0, 12, 1477.44
1639433565, 2, 286, 290, 140, 2, 0.74%, 15, 0, 12, 1592.21
1639433570, 2, 288, 292, 141, 2, 0.74%, 15, 0, 12, 1501.32
1639433575, 2, 289, 299, 147, 1, 0.77%, 15, 0, 12, 1485.54
1639433580, 2, 289, 303, 151, 1, 0.78%, 15, 0, 12, 1481.00
1639433585, 2, 293, 303, 149, 8, 0.78%, 15, 0, 12, 1480.43
1639433590, 2, 294, 307, 152, 7, 0.78%, 15, 0, 12, 1466.40
1639433595, 2, 295, 307, 151, 7, 0.78%, 15, 0, 12, 1488.25
1639433600, 2, 297, 310, 152, 6, 0.78%, 15, 0, 12, 1474.72
