# unix_time, cycles_done, cur_path, paths_total, pending_total, pending_favs, map_size, unique_crashes, unique_hangs, max_depth, execs_per_sec
1639587619, 0, 0, 219, 219, 70, 0.53%, 0, 0, 1, 1155.67
1639587625, 0, 23, 223, 214, 61, 0.53%, 8, 0, 2, 1288.50
1639587630, 0, 41, 230, 214, 54, 0.53%, 16, 0, 2, 1310.84
1639587635, 0, 85, 231, 206, 45, 0.53%, 17, 0, 2, 1310.65
1639587640, 0, 105, 233, 198, 36, 0.53%, 18, 0, 2, 1320.55
1639587645, 0, 128, 235, 193, 29, 0.53%, 20, 0, 2, 1310.24
1639587650, 0, 151, 235, 185, 21, 0.53%, 20, 0, 2, 1317.04
1639587655, 0, 165, 237, 180, 14, 0.53%, 20, 0, 2, 1339.67
1639587660, 0, 208, 237, 170, 4, 0.53%, 21, 0, 2, 1322.41
1639587665, 0, 237, 240, 169, 1, 0.53%, 21, 0, 3, 1315.25
1639587670, 1, 11, 240, 165, 0, 0.53%, 21, 0, 3, 1257.56
1639587675, 1, 24, 240, 162, 0, 0.53%, 21, 0, 3, 1264.85
1639587680, 1, 40, 240, 159, 0, 0.53%, 22, 0, 3, 1320.29
1639587686, 1, 60, 240, 154, 0, 0.53%, 22, 0, 3, 1239.88
1639587691, 1, 85, 240, 151, 0, 0.53%, 23, 0, 3, 1153.50
1639587696, 1, 102, 240, 148, 0, 0.53%, 23, 0, 3, 1234.94
1639587701, 1, 117, 242, 146, 0, 0.53%, 23, 0, 3, 1328.64
1639587706, 1, 126, 242, 144, 0, 0.53%, 23, 0, 3, 1313.62
1639587711, 1, 141, 242, 142, 0, 0.53%, 24, 0, 3, 1214.16
1639587716, 1, 158, 243, 139, 0, 0.53%, 24, 0, 3, 1158.51
1639587721, 1, 165, 243, 138, 0, 0.53%, 24, 0, 3, 1103.58
1639587726, 1, 187, 244, 133, 0, 0.53%, 24, 0, 3, 1202.93
1639587731, 1, 205, 244, 130, 0, 0.53%, 24, 0, 3, 1321.70
1639587736, 1, 224, 245, 126, 0, 0.53%, 24, 0, 3, 1384.12
1639587741, 1, 241, 247, 128, 0, 0.53%, 24, 0, 3, 1406.55
1639587746, 2, 17, 247, 125, 0, 0.53%, 24, 0, 3, 1361.48
1639587751, 2, 31, 247, 125, 0, 0.53%, 24, 0, 3, 1288.47
1639587757, 2, 56, 247, 121, 0, 0.53%, 24, 0, 3, 1353.37
1639587762, 2, 85, 247, 115, 0, 0.53%, 24, 0, 3, 1372.84
1639587767, 2, 102, 247, 114, 0, 0.53%, 24, 0, 3, 1402.31
1639587772, 2, 117, 247, 111, 0, 0.53%, 26, 0, 3, 1270.46
1639587777, 2, 139, 247, 111, 0, 0.53%, 26, 0, 3, 1319.02
1639587782, 2, 160, 247, 109, 0, 0.53%, 27, 0, 3, 1399.85
1639587787, 2, 190, 247, 105, 0, 0.53%, 27, 0, 3, 1420.95
1639587792, 2, 209, 247, 103, 0, 0.53%, 27, 0, 3, 1441.92
1639587797, 2, 239, 247, 98, 0, 0.53%, 28, 0, 3, 1416.68
1639587802, 3, 9, 247, 96, 0, 0.53%, 28, 0, 3, 1362.38
1639587808, 3, 27, 247, 95, 0, 0.53%, 28, 0, 3, 1412.34
1639587813, 3, 60, 247, 92, 0, 0.53%, 28, 0, 3, 1406.54
1639587818, 3, 94, 247, 91, 0, 0.53%, 28, 0, 3, 1431.55
1639587823, 3, 118, 247, 90, 0, 0.53%, 28, 0, 3, 1437.12
1639587828, 3, 141, 247, 88, 0, 0.53%, 28, 0, 3, 1439.18
1639587833, 3, 161, 247, 88, 0, 0.53%, 28, 0, 3, 1429.51
1639587838, 3, 193, 247, 83, 0, 0.53%, 28, 0, 3, 1412.32
1639587843, 3, 206, 247, 81, 0, 0.53%, 28, 0, 3, 1415.60
1639587848, 4, 0, 248, 77, 0, 0.53%, 28, 0, 3, 1425.53
1639587853, 4, 21, 248, 75, 0, 0.53%, 28, 0, 3, 1415.98
1639587858, 4, 36, 248, 75, 0, 0.53%, 28, 0, 3, 1438.29
1639587864, 4, 69, 248, 72, 0, 0.53%, 28, 0, 3, 1310.81
1639587869, 4, 88, 248, 68, 0, 0.53%, 28, 0, 3, 1142.73
1639587874, 4, 114, 248, 67, 0, 0.53%, 28, 0, 3, 1325.07
1639587879, 4, 132, 248, 66, 0, 0.53%, 28, 0, 3, 1400.87
1639587884, 4, 142, 249, 64, 0, 0.53%, 28, 0, 3, 1403.86
1639587889, 4, 161, 249, 62, 0, 0.53%, 28, 0, 3, 1418.94
1639587894, 4, 188, 249, 59, 0, 0.53%, 28, 0, 3, 1407.56
1639587899, 4, 219, 249, 57, 0, 0.53%, 28, 0, 3, 1440.24
1639587904, 4, 245, 249, 54, 0, 0.53%, 28, 0, 3, 1446.84
1639587909, 4, 248, 252, 56, 0, 0.53%, 28, 0, 3, 1409.87
1639587914, 5, 22, 252, 55, 0, 0.53%, 28, 0, 3, 1618.74
