# unix_time, cycles_done, cur_path, paths_total, pending_total, pending_favs, map_size, unique_crashes, unique_hangs, max_depth, execs_per_sec
1639447131, 0, 0, 1, 1, 1, 0.12%, 0, 0, 1, 1333.33
1639447136, 0, 0, 62, 62, 1, 0.34%, 9, 0, 2, 1215.59
1639447141, 0, 11, 77, 73, 28, 0.34%, 11, 0, 3, 1221.40
1639447146, 0, 21, 93, 85, 24, 0.34%, 12, 0, 3, 1183.86
1639447152, 0, 30, 103, 90, 21, 0.35%, 12, 0, 3, 1156.95
1639447157, 0, 45, 106, 86, 15, 0.35%, 13, 0, 3, 1181.98
1639447162, 0, 48, 111, 88, 12, 0.35%, 15, 0, 3, 1164.85
1639447167, 0, 59, 115, 87, 7, 0.35%, 15, 0, 3, 1149.67
1639447172, 0, 103, 124, 91, 2, 0.35%, 15, 0, 4, 1138.42
1639447177, 0, 103, 132, 99, 2, 0.37%, 15, 0, 4, 1113.39
1639447182, 0, 122, 134, 99, 8, 0.37%, 15, 0, 4, 1158.04
1639447187, 0, 126, 146, 109, 6, 0.39%, 16, 0, 5, 1585.51
1639447192, 0, 137, 154, 113, 9, 0.41%, 16, 0, 5, 1451.47
1639447197, 0, 139, 166, 123, 8, 0.41%, 16, 0, 6, 1207.52
1639447202, 0, 143, 170, 126, 7, 0.41%, 17, 0, 6, 1114.70
1639447207, 0, 143, 176, 132, 7, 0.42%, 17, 0, 6, 1114.26
1639447213, 0, 147, 180, 133, 7, 0.42%, 17, 0, 6, 1153.79
1639447218, 0, 148, 184, 136, 7, 0.44%, 17, 0, 6, 1111.79
1639447223, 0, 160, 184, 135, 9, 0.44%, 17, 0, 6, 1118.18
1639447228, 0, 173, 186, 135, 9, 0.44%, 18, 0, 7, 1139.22
1639447233, 0, 174, 190, 138, 9, 0.44%, 18, 0, 7, 1143.41
1639447238, 0, 179, 192, 139, 8, 0.44%, 20, 0, 7, 1132.59
1639447243, 0, 182, 195, 140, 6, 0.44%, 20, 0, 7, 1107.62
1639447248, 0, 184, 196, 139, 4, 0.44%, 21, 0, 8, 1147.53
1639447253, 0, 185, 203, 145, 3, 0.44%, 21, 0, 8, 1180.56
1639447258, 1, 129, 205, 145, 1, 0.44%, 21, 0, 8, 1178.04
1639447263, 1, 138, 207, 146, 0, 0.44%, 21, 0, 8, 1157.58
1639447268, 1, 148, 207, 144, 0, 0.44%, 21, 0, 8, 1144.69
1639447273, 1, 157, 208, 144, 0, 0.44%, 21, 0, 8, 1181.63
1639447278, 1, 166, 210, 142, 0, 0.44%, 21, 0, 8, 1177.01
1639447283, 1, 211, 212, 142, 1, 0.45%, 21, 0, 8, 1203.56
1639447288, 2, 20, 212, 138, 0, 0.45%, 21, 0, 8, 1204.59
1639447294, 2, 40, 212, 137, 0, 0.45%, 21, 0, 8, 1202.94
1639447299, 2, 55, 212, 135, 0, 0.45%, 21, 0, 8, 1152.25
1639447304, 2, 71, 212, 130, 0, 0.45%, 21, 0, 8, 1186.21
1639447309, 2, 96, 212, 124, 0, 0.45%, 21, 0, 8, 1173.61
1639447314, 2, 115, 212, 121, 0, 0.45%, 21, 0, 8, 1207.32
1639447319, 2, 127, 212, 119, 0, 0.45%, 21, 0, 8, 1161.74
1639447324, 2, 130, 214, 121, 0, 0.45%, 22, 0, 8, 1147.45
1639447329, 2, 140, 215, 122, 0, 0.45%, 22, 0, 8, 1115.66
1639447334, 2, 158, 216, 120, 0, 0.45%, 22, 0, 8, 1185.82
1639447339, 2, 174, 216, 119, 0, 0.45%, 22, 0, 8, 1147.61
1639447344, 2, 179, 221, 123, 0, 0.45%, 22, 0, 8, 1139.04
1639447349, 2, 196, 223, 123, 1, 0.45%, 22, 0, 8, 1178.77
1639447354, 2, 209, 223, 122, 1, 0.45%, 22, 0, 8, 1193.11
1639447360, 2, 216, 225, 123, 1, 0.45%, 22, 0, 8, 1112.57
1639447365, 2, 216, 232, 130, 1, 0.46%, 22, 0, 8, 1067.53
1639447370, 2, 221, 237, 134, 3, 0.46%, 22, 0, 8, 1102.63
1639447375, 2, 224, 244, 140, 4, 0.48%, 22, 0, 9, 1056.77
1639447380, 2, 225, 244, 139, 5, 0.48%, 22, 0, 9, 1070.85
1639447385, 2, 232, 256, 150, 12, 0.52%, 22, 0, 9, 1106.91
1639447395, 2, 235, 259, 152, 11, 0.52%, 22, 0, 9, 1114.05
1639447400, 2, 242, 260, 152, 12, 0.53%, 22, 0, 9, 1123.17
1639447405, 2, 243, 261, 152, 11, 0.53%, 22, 0, 10, 1110.25
1639447410, 2, 246, 261, 151, 10, 0.53%, 22, 0, 10, 1134.85
1639447415, 2, 248, 262, 150, 9, 0.53%, 22, 0, 10, 1122.73
1639447420, 2, 248, 266, 154, 9, 0.53%, 22, 0, 10, 1090.14
1639447425, 2, 248, 267, 155, 9, 0.53%, 22, 0, 10, 1121.30
1639447430, 2, 250, 267, 154, 9, 0.53%, 22, 0, 10, 1102.59
