# unix_time, cycles_done, cur_path, paths_total, pending_total, pending_favs, map_size, unique_crashes, unique_hangs, max_depth, execs_per_sec
1639472545, 0, 0, 408, 408, 81, 0.76%, 0, 0, 1, 1151.73
1639472550, 0, 48, 408, 400, 75, 0.76%, 2, 0, 1, 1369.79
1639472555, 0, 105, 409, 392, 67, 0.76%, 4, 0, 2, 1402.86
1639472560, 0, 142, 409, 385, 60, 0.76%, 5, 0, 2, 1407.67
1639472566, 0, 195, 409, 374, 51, 0.76%, 5, 0, 2, 1394.15
1639472571, 0, 229, 409, 364, 42, 0.76%, 6, 0, 2, 1398.45
1639472576, 0, 266, 409, 356, 35, 0.76%, 6, 0, 2, 1427.49
1639472581, 0, 303, 409, 346, 25, 0.76%, 6, 0, 2, 1411.81
1639472586, 0, 352, 409, 334, 13, 0.76%, 7, 0, 2, 1398.20
1639472591, 0, 394, 409, 325, 4, 0.76%, 8, 0, 2, 1422.50
1639472596, 1, 16, 409, 316, 0, 0.76%, 8, 0, 2, 1400.80
1639472601, 1, 48, 409, 309, 0, 0.76%, 8, 0, 2, 1432.78
1639472606, 1, 63, 409, 304, 0, 0.76%, 8, 0, 2, 1462.90
1639472611, 1, 95, 409, 298, 0, 0.76%, 9, 0, 2, 1446.04
1639472616, 1, 131, 409, 296, 0, 0.76%, 9, 0, 2, 1436.95
1639472621, 1, 173, 409, 290, 0, 0.76%, 9, 0, 2, 1422.53
1639472626, 1, 189, 409, 286, 0, 0.76%, 9, 0, 2, 1414.37
1639472632, 1, 207, 409, 281, 0, 0.76%, 9, 0, 2, 1407.94
1639472637, 1, 227, 409, 277, 0, 0.76%, 9, 0, 2, 1421.16
1639472642, 1, 248, 409, 275, 0, 0.76%, 9, 0, 2, 1434.16
1639472647, 1, 274, 409, 269, 0, 0.76%, 9, 0, 2, 1425.78
1639472652, 1, 293, 409, 263, 0, 0.76%, 9, 0, 2, 1418.16
1639472657, 2, 9, 410, 260, 0, 0.76%, 9, 0, 2, 1410.13
1639472662, 2, 46, 410, 256, 0, 0.76%, 9, 0, 2, 1428.46
1639472667, 2, 69, 410, 254, 0, 0.76%, 9, 0, 2, 1431.26
1639472672, 2, 108, 410, 252, 0, 0.76%, 10, 0, 2, 1393.79
1639472677, 2, 125, 411, 247, 0, 0.76%, 10, 0, 2, 1396.26
1639472682, 2, 161, 411, 242, 0, 0.76%, 10, 0, 2, 1405.49
1639472688, 2, 197, 412, 239, 0, 0.76%, 10, 0, 2, 1405.04
1639472693, 2, 213, 412, 236, 0, 0.76%, 10, 0, 2, 1405.59
1639472698, 2, 242, 412, 233, 0, 0.76%, 10, 0, 2, 1421.42
1639472703, 2, 258, 412, 230, 0, 0.76%, 10, 0, 2, 1400.20
1639472708, 2, 285, 412, 226, 0, 0.76%, 10, 0, 2, 1424.46
1639472713, 2, 308, 412, 224, 0, 0.76%, 10, 0, 2, 1402.74
1639472718, 2, 335, 412, 219, 0, 0.76%, 10, 0, 2, 1407.86
1639472723, 2, 353, 412, 214, 0, 0.76%, 10, 0, 2, 1410.32
1639472729, 2, 365, 413, 212, 0, 0.76%, 10, 0, 2, 1400.95
1639472734, 2, 394, 413, 206, 0, 0.76%, 10, 0, 2, 1397.87
1639472739, 2, 413, 415, 205, 1, 0.79%, 10, 0, 4, 1394.23
1639472744, 2, 414, 421, 210, 1, 0.80%, 10, 0, 5, 1430.54
1639472749, 2, 415, 421, 209, 2, 0.80%, 10, 0, 5, 1400.46
1639472754, 2, 415, 432, 220, 2, 0.82%, 10, 0, 6, 1432.21
1639472759, 2, 424, 437, 224, 6, 0.84%, 10, 0, 7, 1420.97
1639472764, 2, 427, 437, 223, 5, 0.84%, 10, 0, 7, 1431.33
1639472769, 2, 427, 441, 227, 5, 0.85%, 10, 0, 7, 1417.47
1639472774, 2, 430, 444, 229, 9, 0.85%, 10, 0, 7, 1424.93
1639472779, 2, 430, 446, 231, 9, 0.85%, 10, 0, 7, 1384.88
1639472784, 2, 432, 447, 230, 8, 0.85%, 10, 0, 7, 1414.41
1639472789, 2, 432, 455, 238, 8, 0.85%, 10, 0, 7, 1381.43
1639472794, 2, 436, 455, 237, 11, 0.85%, 10, 0, 7, 1394.84
1639472799, 2, 439, 457, 238, 10, 0.85%, 10, 0, 8, 1402.74
1639472809, 2, 440, 458, 238, 10, 0.85%, 10, 0, 8, 1402.75
1639472814, 2, 441, 459, 238, 9, 0.85%, 10, 0, 8, 1707.37
1639472824, 2, 442, 467, 245, 8, 0.85%, 10, 0, 8, 1420.10
1639472830, 2, 450, 470, 246, 6, 0.85%, 10, 0, 8, 1398.30
1639472835, 2, 451, 470, 245, 5, 0.85%, 10, 0, 8, 1380.95
1639472840, 2, 454, 470, 244, 4, 0.85%, 10, 0, 8, 1354.26
