# unix_time, cycles_done, cur_path, paths_total, pending_total, pending_favs, map_size, unique_crashes, unique_hangs, max_depth, execs_per_sec
1639592000, 0, 0, 620, 620, 94, 0.91%, 0, 0, 1, 960.50
1639592005, 0, 55, 620, 612, 87, 0.91%, 2, 0, 1, 1200.04
1639592010, 0, 88, 620, 605, 80, 0.91%, 4, 0, 1, 1272.74
1639592015, 0, 145, 620, 597, 72, 0.91%, 4, 0, 1, 1344.61
1639592021, 0, 233, 620, 583, 58, 0.91%, 4, 0, 1, 1420.32
1639592026, 0, 312, 620, 574, 49, 0.91%, 5, 0, 1, 1443.76
1639592031, 0, 334, 620, 566, 41, 0.91%, 5, 0, 1, 1411.98
1639592036, 0, 389, 620, 556, 31, 0.91%, 5, 0, 1, 1453.37
1639592041, 0, 476, 620, 544, 21, 0.91%, 5, 0, 1, 1425.85
1639592046, 0, 540, 620, 533, 12, 0.91%, 5, 0, 1, 1401.89
1639592051, 0, 580, 620, 525, 5, 0.91%, 5, 0, 1, 1431.19
1639592056, 1, 2, 622, 521, 0, 0.91%, 5, 0, 2, 1388.82
1639592061, 1, 33, 622, 514, 0, 0.91%, 5, 0, 2, 1369.70
1639592066, 1, 60, 622, 509, 0, 0.91%, 5, 0, 2, 1401.54
1639592071, 1, 81, 622, 506, 0, 0.91%, 5, 0, 2, 1385.47
1639592077, 1, 100, 622, 500, 0, 0.91%, 5, 0, 2, 1386.72
1639592082, 1, 124, 622, 495, 0, 0.91%, 5, 0, 2, 1386.28
1639592087, 1, 152, 622, 489, 0, 0.91%, 6, 0, 2, 1398.67
1639592092, 1, 177, 623, 482, 0, 0.91%, 6, 0, 2, 1450.92
1639592097, 1, 205, 623, 477, 0, 0.91%, 6, 0, 2, 1459.25
1639592102, 1, 238, 623, 472, 0, 0.91%, 6, 0, 2, 1470.63
1639592107, 1, 273, 623, 464, 0, 0.91%, 7, 0, 2, 1455.73
1639592112, 1, 304, 624, 455, 0, 0.91%, 7, 0, 2, 1436.39
1639592118, 1, 324, 624, 453, 0, 0.91%, 8, 0, 2, 1458.29
1639592123, 1, 345, 624, 449, 0, 0.91%, 8, 0, 2, 1455.91
1639592128, 1, 370, 624, 441, 0, 0.91%, 8, 0, 2, 1466.88
1639592133, 1, 398, 624, 437, 0, 0.91%, 8, 0, 2, 1411.12
1639592138, 1, 439, 624, 427, 0, 0.91%, 8, 0, 2, 2015.03
1639592143, 1, 474, 624, 419, 0, 0.91%, 8, 0, 2, 1483.11
1639592148, 1, 510, 624, 413, 0, 0.91%, 8, 0, 2, 1391.96
1639592153, 1, 540, 624, 404, 0, 0.91%, 8, 0, 2, 1442.60
1639592158, 1, 563, 624, 400, 0, 0.91%, 8, 0, 2, 1447.49
1639592163, 1, 588, 624, 395, 0, 0.91%, 8, 0, 2, 1437.10
1639592169, 1, 620, 624, 389, 0, 0.91%, 8, 0, 2, 1437.07
1639592174, 2, 26, 624, 383, 0, 0.91%, 8, 0, 2, 1461.72
1639592179, 2, 61, 624, 379, 0, 0.91%, 8, 0, 2, 1453.93
1639592184, 2, 82, 624, 375, 0, 0.91%, 8, 0, 2, 1437.49
1639592189, 2, 100, 624, 371, 0, 0.91%, 9, 0, 2, 1462.48
1639592194, 2, 121, 624, 367, 0, 0.91%, 10, 0, 2, 1448.62
1639592199, 2, 147, 624, 363, 0, 0.91%, 10, 0, 2, 1445.26
1639592204, 2, 184, 624, 356, 0, 0.91%, 10, 0, 2, 1459.75
1639592209, 2, 209, 624, 350, 0, 0.91%, 10, 0, 2, 1475.21
1639592214, 2, 252, 624, 347, 0, 0.91%, 10, 0, 2, 1482.49
1639592219, 2, 293, 624, 339, 0, 0.91%, 10, 0, 2, 1479.49
1639592225, 2, 309, 624, 334, 0, 0.91%, 10, 0, 2, 1468.98
1639592230, 2, 334, 624, 333, 0, 0.91%, 11, 0, 2, 1455.41
1639592235, 2, 355, 624, 329, 0, 0.91%, 11, 0, 2, 1431.47
1639592240, 2, 395, 624, 325, 0, 0.91%, 12, 0, 2, 1447.25
1639592245, 2, 422, 624, 321, 0, 0.91%, 12, 0, 2, 1461.43
1639592250, 2, 459, 624, 316, 0, 0.91%, 12, 0, 2, 1464.44
1639592255, 2, 489, 624, 309, 0, 0.91%, 12, 0, 2, 1434.89
1639592260, 2, 538, 624, 302, 0, 0.91%, 12, 0, 2, 1412.67
1639592265, 2, 556, 624, 298, 0, 0.91%, 12, 0, 2, 1417.88
1639592270, 2, 576, 624, 293, 0, 0.91%, 12, 0, 2, 1409.60
1639592275, 2, 611, 625, 289, 0, 0.91%, 12, 0, 2, 1430.93
1639592280, 3, 19, 625, 283, 0, 0.91%, 12, 0, 2, 1424.10
1639592285, 3, 60, 625, 280, 0, 0.91%, 12, 0, 2, 1427.05
1639592291, 3, 86, 625, 277, 0, 0.91%, 12, 0, 2, 1422.69
