# unix_time, cycles_done, cur_path, paths_total, pending_total, pending_favs, map_size, unique_crashes, unique_hangs, max_depth, execs_per_sec
1639546835, 0, 0, 402, 402, 91, 0.85%, 0, 0, 1, 1087.96
1639546840, 0, 26, 406, 402, 87, 0.85%, 2, 0, 2, 1317.93
1639546845, 0, 42, 410, 401, 83, 0.85%, 2, 0, 2, 1392.57
1639546851, 0, 115, 411, 390, 71, 0.85%, 5, 0, 2, 1404.96
1639546856, 0, 153, 411, 380, 62, 0.85%, 5, 0, 2, 1423.61
1639546861, 0, 187, 411, 370, 52, 0.85%, 5, 0, 2, 1427.20
1639546866, 0, 222, 412, 362, 43, 0.85%, 6, 0, 2, 1401.04
1639546871, 0, 250, 412, 354, 35, 0.85%, 6, 0, 2, 1422.63
1639546876, 0, 284, 414, 348, 27, 0.85%, 6, 0, 2, 1418.31
1639546881, 0, 324, 414, 338, 17, 0.85%, 6, 0, 2, 1403.33
1639546886, 0, 370, 414, 331, 10, 0.85%, 6, 0, 2, 1391.92
1639546891, 0, 409, 415, 324, 3, 0.86%, 6, 0, 2, 1408.31
1639546896, 1, 7, 416, 320, 0, 0.86%, 7, 0, 3, 1400.01
1639546901, 1, 40, 416, 314, 0, 0.86%, 7, 0, 3, 1414.74
1639546907, 1, 76, 416, 308, 0, 0.86%, 7, 0, 3, 1407.10
1639546912, 1, 108, 416, 302, 0, 0.86%, 7, 0, 3, 1411.02
1639546917, 1, 123, 416, 298, 0, 0.86%, 7, 0, 3, 1421.19
1639546922, 1, 144, 416, 293, 0, 0.86%, 8, 0, 3, 1428.64
1639546927, 1, 172, 416, 289, 0, 0.86%, 8, 0, 3, 1419.67
1639546932, 1, 192, 416, 284, 0, 0.86%, 8, 0, 3, 1410.20
1639546937, 1, 214, 416, 282, 0, 0.86%, 8, 0, 3, 1415.14
1639546942, 1, 227, 417, 278, 0, 0.86%, 9, 0, 3, 1391.99
1639546947, 1, 257, 417, 275, 0, 0.86%, 10, 0, 3, 1412.39
1639546953, 1, 277, 417, 271, 0, 0.86%, 10, 0, 3, 1411.99
1639546958, 1, 309, 417, 269, 0, 0.86%, 10, 0, 3, 1374.29
1639546963, 1, 342, 417, 264, 0, 0.86%, 11, 0, 3, 1394.65
1639546968, 1, 371, 417, 263, 0, 0.86%, 12, 0, 3, 1433.53
1639546973, 1, 398, 417, 258, 0, 0.86%, 12, 0, 3, 1434.90
1639546978, 1, 410, 421, 261, 0, 0.87%, 12, 0, 3, 1425.73
1639546983, 1, 417, 424, 263, 3, 0.87%, 12, 0, 4, 1395.80
1639546988, 1, 418, 430, 268, 2, 0.87%, 12, 0, 4, 1412.23
1639546993, 1, 421, 434, 271, 3, 0.87%, 12, 0, 4, 1397.12
1639546998, 1, 428, 437, 273, 2, 0.87%, 12, 0, 5, 1377.74
1639547008, 1, 429, 437, 272, 1, 0.87%, 12, 0, 5, 1349.05
1639547013, 1, 436, 438, 272, 0, 0.87%, 12, 0, 6, 1329.59
1639547018, 1, 438, 443, 276, 2, 0.88%, 12, 0, 7, 1338.98
1639547023, 1, 442, 449, 281, 7, 0.89%, 12, 0, 7, 1357.07
1639547028, 1, 443, 450, 281, 6, 0.89%, 12, 0, 8, 1364.01
1639547033, 1, 443, 456, 287, 6, 0.89%, 12, 0, 8, 1355.55
1639547039, 1, 444, 456, 286, 5, 0.89%, 12, 0, 8, 1372.81
1639547044, 1, 446, 456, 285, 4, 0.89%, 12, 0, 8, 1356.74
1639547049, 1, 448, 456, 283, 2, 0.89%, 12, 0, 8, 1402.01
1639547054, 2, 362, 456, 280, 1, 0.89%, 12, 0, 8, 1414.38
1639547059, 2, 400, 456, 276, 0, 0.89%, 12, 0, 8, 1394.96
1639547064, 2, 456, 457, 274, 1, 0.89%, 12, 0, 8, 1371.15
1639547069, 2, 457, 464, 280, 1, 0.90%, 12, 0, 8, 1337.11
1639547074, 2, 458, 466, 281, 4, 0.90%, 12, 0, 8, 1315.36
1639547079, 2, 458, 472, 287, 4, 0.90%, 12, 0, 8, 1298.56
1639547084, 2, 462, 472, 286, 3, 0.90%, 12, 0, 8, 1308.69
1639547089, 2, 465, 473, 286, 2, 0.90%, 12, 0, 8, 1325.42
1639547094, 2, 465, 476, 289, 2, 0.90%, 12, 0, 8, 1343.75
1639547099, 2, 471, 476, 288, 2, 0.90%, 12, 0, 8, 1370.03
1639547105, 3, 2, 476, 286, 0, 0.90%, 12, 0, 8, 1354.83
1639547110, 3, 32, 476, 280, 0, 0.90%, 12, 0, 8, 1343.99
1639547115, 3, 65, 476, 274, 0, 0.90%, 12, 0, 8, 1334.60
1639547120, 3, 97, 476, 270, 0, 0.90%, 12, 0, 8, 1361.75
1639547125, 3, 137, 476, 266, 0, 0.90%, 12, 0, 8, 1501.80
1639547130, 3, 172, 476, 264, 0, 0.90%, 12, 0, 8, 1307.21
