# unix_time, cycles_done, cur_path, paths_total, pending_total, pending_favs, map_size, unique_crashes, unique_hangs, max_depth, execs_per_sec
1639448733, 0, 0, 983, 983, 108, 0.93%, 0, 0, 1, 1257.64
1639448738, 0, 87, 983, 974, 100, 0.93%, 3, 0, 1, 1370.25
1639448743, 0, 202, 983, 959, 87, 0.93%, 3, 0, 1, 1385.20
1639448748, 0, 286, 983, 948, 76, 0.93%, 3, 0, 1, 1401.63
1639448753, 0, 392, 983, 939, 68, 0.93%, 3, 0, 1, 1411.55
1639448759, 0, 500, 983, 927, 57, 0.93%, 4, 0, 1, 1426.72
1639448764, 0, 530, 983, 920, 50, 0.93%, 4, 0, 1, 1413.15
1639448769, 0, 626, 983, 908, 39, 0.93%, 6, 0, 1, 1409.83
1639448774, 0, 696, 983, 900, 31, 0.93%, 6, 0, 1, 1412.55
1639448779, 0, 761, 983, 892, 23, 0.93%, 7, 0, 1, 1404.83
1639448784, 0, 831, 983, 883, 15, 0.93%, 8, 0, 1, 1406.70
1639448789, 0, 938, 983, 876, 8, 0.93%, 8, 0, 1, 1344.99
1639448794, 1, 8, 983, 866, 0, 0.93%, 8, 0, 1, 1372.05
1639448799, 1, 39, 983, 862, 0, 0.93%, 8, 0, 1, 1373.21
1639448804, 1, 66, 983, 854, 0, 0.93%, 8, 0, 1, 1384.96
1639448809, 1, 87, 983, 846, 0, 0.93%, 8, 0, 1, 1386.77
1639448815, 1, 123, 983, 840, 0, 0.93%, 8, 0, 1, 1409.38
1639448820, 1, 155, 983, 834, 0, 0.93%, 8, 0, 1, 1407.05
1639448825, 1, 202, 983, 827, 0, 0.93%, 8, 0, 1, 1408.87
1639448830, 1, 238, 983, 822, 0, 0.93%, 8, 0, 1, 1404.55
1639448835, 1, 263, 983, 817, 0, 0.93%, 8, 0, 1, 1409.75
1639448840, 1, 294, 983, 809, 0, 0.93%, 8, 0, 1, 1421.69
1639448845, 1, 323, 983, 803, 0, 0.93%, 8, 0, 1, 1404.08
1639448851, 1, 355, 983, 795, 0, 0.93%, 8, 0, 1, 1399.23
1639448856, 1, 377, 983, 789, 0, 0.93%, 9, 0, 1, 1397.77
1639448861, 1, 407, 983, 782, 0, 0.93%, 9, 0, 1, 1380.46
1639448866, 1, 448, 983, 775, 0, 0.93%, 9, 0, 1, 1403.85
1639448871, 1, 966, 983, 769, 1, 0.93%, 9, 0, 1, 1419.19
1639448876, 2, 258, 983, 763, 0, 0.93%, 9, 0, 1, 1410.42
1639448881, 2, 286, 983, 758, 0, 0.93%, 9, 0, 1, 1403.23
1639448886, 2, 330, 983, 756, 0, 0.93%, 9, 0, 1, 1405.30
1639448891, 2, 358, 983, 748, 0, 0.93%, 9, 0, 1, 1393.69
1639448896, 2, 378, 983, 745, 0, 0.93%, 9, 0, 1, 1398.77
1639448901, 2, 433, 983, 739, 0, 0.93%, 11, 0, 1, 1409.06
1639448907, 2, 465, 983, 735, 0, 0.93%, 11, 0, 1, 1407.68
1639448912, 2, 497, 983, 728, 0, 0.93%, 11, 0, 1, 1413.95
1639448917, 2, 518, 984, 726, 0, 0.93%, 11, 0, 2, 1406.41
1639448922, 2, 533, 984, 721, 0, 0.93%, 11, 0, 2, 1409.04
1639448927, 2, 556, 984, 715, 0, 0.93%, 11, 0, 2, 1413.43
1639448932, 2, 597, 984, 710, 0, 0.93%, 11, 0, 2, 1431.04
1639448937, 2, 634, 984, 704, 0, 0.93%, 11, 0, 2, 1411.62
1639448942, 2, 695, 984, 699, 0, 0.93%, 11, 0, 2, 1715.17
1639448948, 2, 713, 984, 693, 0, 0.93%, 11, 0, 2, 1441.86
1639448953, 2, 742, 984, 685, 0, 0.93%, 12, 0, 2, 1400.84
1639448958, 2, 775, 984, 681, 0, 0.93%, 12, 0, 2, 1410.87
1639448963, 2, 794, 984, 677, 0, 0.93%, 12, 0, 2, 1412.78
1639448968, 2, 816, 984, 670, 0, 0.93%, 12, 0, 2, 1387.11
1639448973, 2, 848, 984, 665, 0, 0.93%, 13, 0, 2, 1399.30
1639448978, 2, 873, 984, 657, 0, 0.93%, 13, 0, 2, 1391.22
1639448984, 2, 901, 984, 650, 0, 0.93%, 13, 0, 2, 1393.30
1639448989, 2, 938, 984, 645, 0, 0.93%, 13, 0, 2, 1398.48
1639448994, 2, 968, 984, 637, 0, 0.93%, 13, 0, 2, 1401.81
1639448999, 3, 12, 984, 633, 0, 0.93%, 13, 0, 2, 1393.98
1639449004, 3, 36, 984, 629, 0, 0.93%, 13, 0, 2, 1393.38
1639449009, 3, 71, 985, 624, 0, 0.93%, 14, 0, 2, 1380.04
1639449014, 3, 114, 985, 618, 0, 0.93%, 14, 0, 2, 1358.61
1639449019, 3, 143, 985, 611, 0, 0.93%, 14, 0, 2, 1348.36
1639449025, 3, 168, 985, 606, 0, 0.93%, 14, 0, 2, 1383.89
