# unix_time, cycles_done, cur_path, paths_total, pending_total, pending_favs, map_size, unique_crashes, unique_hangs, max_depth, execs_per_sec
1639521124, 0, 0, 900, 900, 103, 0.95%, 0, 0, 1, 1051.40
1639521129, 0, 103, 900, 889, 92, 0.95%, 3, 0, 1, 1346.99
1639521134, 0, 198, 900, 880, 84, 0.95%, 6, 0, 1, 1448.80
1639521140, 0, 252, 900, 872, 76, 0.95%, 6, 0, 1, 1472.19
1639521145, 0, 308, 900, 861, 68, 0.95%, 6, 0, 1, 1425.62
1639521150, 0, 373, 900, 851, 61, 0.95%, 6, 0, 1, 1370.46
1639521155, 0, 462, 900, 844, 54, 0.95%, 6, 0, 1, 1338.12
1639521160, 0, 526, 900, 836, 47, 0.95%, 8, 0, 1, 1332.72
1639521165, 0, 598, 900, 827, 38, 0.95%, 9, 0, 1, 1365.37
1639521170, 0, 664, 900, 817, 28, 0.95%, 9, 0, 1, 1379.72
1639521175, 0, 750, 900, 808, 20, 0.95%, 9, 0, 1, 1386.09
1639521180, 0, 870, 900, 796, 8, 0.95%, 12, 0, 1, 1832.35
1639521186, 0, 897, 900, 789, 1, 0.95%, 12, 0, 1, 1491.18
1639521191, 1, 48, 900, 783, 0, 0.95%, 12, 0, 1, 1471.05
1639521196, 1, 71, 900, 777, 0, 0.95%, 12, 0, 1, 1447.86
1639521201, 1, 89, 900, 770, 0, 0.95%, 12, 0, 1, 1440.53
1639521206, 1, 103, 900, 763, 0, 0.95%, 13, 0, 1, 1456.65
1639521211, 1, 125, 900, 756, 0, 0.95%, 13, 0, 1, 1449.80
1639521216, 1, 149, 900, 749, 0, 0.95%, 13, 0, 1, 1424.02
1639521221, 1, 186, 900, 744, 0, 0.95%, 13, 0, 1, 1441.96
1639521226, 1, 213, 900, 739, 0, 0.95%, 14, 0, 1, 1410.42
1639521231, 1, 243, 900, 736, 0, 0.95%, 14, 0, 1, 1382.99
1639521236, 1, 285, 900, 730, 0, 0.95%, 14, 0, 1, 1341.15
1639521241, 1, 314, 900, 724, 0, 0.95%, 15, 0, 1, 1299.65
1639521246, 1, 342, 900, 717, 0, 0.95%, 15, 0, 1, 1267.91
1639521252, 1, 361, 900, 710, 0, 0.95%, 15, 0, 1, 1279.43
1639521257, 1, 410, 900, 704, 0, 0.95%, 16, 0, 1, 1309.59
1639521262, 1, 432, 901, 701, 0, 0.95%, 17, 0, 2, 1375.56
1639521267, 1, 466, 901, 696, 0, 0.95%, 17, 0, 2, 1403.79
1639521272, 1, 500, 901, 691, 0, 0.95%, 18, 0, 2, 1409.16
1639521277, 1, 533, 901, 687, 0, 0.95%, 18, 0, 2, 1402.88
1639521283, 1, 557, 901, 681, 0, 0.95%, 18, 0, 2, 1345.64
1639521288, 1, 592, 901, 675, 0, 0.95%, 19, 0, 2, 1297.64
1639521293, 1, 612, 901, 671, 0, 0.95%, 19, 0, 2, 1297.12
1639521298, 1, 649, 901, 666, 0, 0.95%, 19, 0, 2, 1301.85
1639521303, 1, 681, 901, 661, 0, 0.95%, 19, 0, 2, 1291.28
1639521308, 1, 724, 901, 656, 0, 0.95%, 20, 0, 2, 1298.27
1639521313, 1, 749, 901, 652, 0, 0.95%, 20, 0, 2, 1273.86
1639521318, 1, 780, 901, 646, 0, 0.95%, 22, 0, 2, 1285.77
1639521323, 1, 805, 901, 642, 0, 0.95%, 22, 0, 2, 1315.23
1639521328, 1, 832, 901, 634, 0, 0.95%, 22, 0, 2, 1378.08
1639521334, 1, 864, 901, 629, 0, 0.95%, 22, 0, 2, 1416.68
1639521339, 1, 891, 901, 623, 0, 0.95%, 22, 0, 2, 1443.05
1639521344, 2, 6, 901, 620, 0, 0.95%, 22, 0, 2, 1470.05
1639521349, 2, 42, 901, 613, 0, 0.95%, 22, 0, 2, 1459.49
1639521354, 2, 77, 901, 608, 0, 0.95%, 22, 0, 2, 1414.35
1639521359, 2, 100, 901, 604, 0, 0.95%, 22, 0, 2, 1402.89
1639521364, 2, 132, 901, 598, 0, 0.95%, 22, 0, 2, 1446.78
1639521369, 2, 158, 901, 592, 0, 0.95%, 23, 0, 2, 1421.12
1639521374, 2, 195, 901, 589, 0, 0.95%, 23, 0, 2, 1303.01
1639521380, 2, 220, 901, 586, 0, 0.95%, 23, 0, 2, 1211.27
1639521385, 2, 229, 901, 581, 0, 0.95%, 23, 0, 2, 1184.50
1639521390, 2, 251, 901, 577, 0, 0.95%, 23, 0, 2, 1147.55
1639521395, 2, 275, 901, 573, 0, 0.95%, 23, 0, 2, 1095.42
1639521400, 2, 288, 901, 569, 0, 0.95%, 23, 0, 2, 1123.54
1639521405, 2, 595, 901, 564, 1, 0.95%, 23, 0, 2, 1176.45
1639521410, 2, 792, 901, 555, 0, 0.95%, 23, 0, 2, 1230.23
1639521415, 2, 806, 901, 550, 0, 0.95%, 23, 0, 2, 1267.80
