# unix_time, cycles_done, cur_path, paths_total, pending_total, pending_favs, map_size, unique_crashes, unique_hangs, max_depth, execs_per_sec
1639601183, 0, 0, 1, 1, 1, 0.12%, 0, 0, 1, 1600.00
1639601189, 0, 0, 74, 74, 1, 0.44%, 3, 0, 2, 1321.82
1639601194, 0, 5, 95, 94, 41, 0.47%, 3, 0, 3, 1283.63
1639601199, 0, 14, 113, 106, 36, 0.48%, 5, 0, 3, 1288.93
1639601204, 0, 37, 127, 109, 28, 0.51%, 5, 0, 3, 1333.24
1639601209, 0, 53, 138, 113, 21, 0.51%, 9, 0, 3, 1269.90
1639601214, 0, 77, 149, 116, 15, 0.51%, 10, 0, 3, 1331.80
1639601219, 0, 108, 154, 113, 10, 0.52%, 11, 0, 4, 1298.21
1639601224, 0, 125, 160, 115, 7, 0.52%, 11, 0, 4, 1338.84
1639601229, 0, 136, 168, 122, 7, 0.54%, 11, 0, 4, 1309.10
1639601234, 0, 142, 177, 129, 12, 0.56%, 11, 0, 4, 1284.66
1639601239, 0, 153, 184, 134, 17, 0.57%, 12, 0, 5, 1147.34
1639601244, 0, 154, 185, 134, 16, 0.57%, 12, 0, 5, 1133.32
1639601249, 0, 160, 187, 134, 15, 0.57%, 12, 0, 5, 1166.64
1639601254, 0, 164, 187, 131, 12, 0.57%, 12, 0, 5, 1201.47
1639601260, 0, 171, 191, 131, 8, 0.57%, 12, 0, 5, 1247.70
1639601265, 0, 173, 199, 138, 7, 0.58%, 12, 0, 5, 1154.66
1639601270, 0, 176, 201, 139, 10, 0.58%, 12, 0, 5, 1140.66
1639601275, 0, 189, 212, 147, 9, 0.58%, 12, 0, 5, 1187.56
1639601280, 0, 198, 215, 146, 5, 0.59%, 12, 0, 6, 1286.14
1639601285, 0, 209, 225, 154, 7, 0.60%, 12, 0, 6, 1374.25
1639601290, 0, 213, 228, 156, 6, 0.60%, 13, 0, 7, 1362.27
1639601295, 0, 214, 236, 163, 5, 0.61%, 13, 0, 7, 1378.93
1639601300, 0, 219, 239, 165, 7, 0.61%, 13, 0, 7, 1368.21
1639601305, 0, 232, 241, 165, 6, 0.61%, 13, 0, 8, 1328.38
1639601310, 0, 233, 245, 168, 5, 0.63%, 13, 0, 8, 1319.01
1639601315, 0, 236, 247, 168, 5, 0.63%, 13, 0, 8, 1296.42
1639601320, 0, 244, 250, 169, 4, 0.63%, 13, 0, 9, 1310.56
1639601326, 0, 245, 252, 170, 5, 0.64%, 13, 0, 9, 1288.53
1639601331, 0, 248, 257, 173, 4, 0.65%, 13, 0, 10, 1338.75
1639601336, 0, 254, 261, 175, 3, 0.65%, 13, 0, 11, 1372.35
1639601341, 0, 254, 262, 176, 3, 0.65%, 13, 0, 11, 1355.08
1639601346, 0, 263, 267, 178, 2, 0.68%, 13, 0, 12, 1367.19
1639601351, 0, 263, 286, 197, 2, 0.71%, 13, 0, 12, 1345.94
1639601356, 0, 265, 286, 195, 14, 0.71%, 13, 0, 12, 1362.45
1639601361, 0, 268, 287, 193, 11, 0.71%, 13, 0, 13, 1354.15
1639601366, 0, 272, 288, 191, 8, 0.71%, 13, 0, 13, 1375.77
1639601371, 0, 274, 289, 190, 6, 0.71%, 13, 0, 13, 1378.51
1639601377, 0, 281, 292, 190, 5, 0.72%, 13, 0, 13, 1419.20
1639601382, 0, 287, 293, 190, 4, 0.72%, 13, 0, 14, 1438.66
1639601387, 0, 292, 295, 189, 3, 0.72%, 13, 0, 15, 1432.74
1639601392, 0, 292, 301, 195, 3, 0.73%, 13, 0, 15, 1388.75
1639601397, 0, 297, 308, 200, 3, 0.73%, 13, 0, 16, 1358.77
1639601402, 0, 297, 309, 201, 3, 0.73%, 13, 0, 16, 1336.01
1639601407, 0, 305, 310, 200, 2, 0.73%, 13, 0, 17, 1333.75
1639601417, 2, 12, 311, 194, 0, 0.73%, 13, 0, 17, 1304.45
1639601422, 2, 28, 311, 191, 0, 0.73%, 13, 0, 17, 1296.55
1639601427, 2, 52, 311, 187, 0, 0.73%, 13, 0, 17, 1266.97
1639601433, 2, 75, 311, 183, 0, 0.73%, 13, 0, 17, 1253.89
1639601438, 2, 92, 311, 178, 0, 0.73%, 13, 0, 17, 1267.24
1639601443, 2, 110, 311, 171, 0, 0.73%, 13, 0, 17, 1228.31
1639601448, 2, 146, 312, 164, 0, 0.73%, 13, 0, 17, 1993.30
1639601453, 2, 171, 313, 162, 1, 0.73%, 14, 0, 17, 2131.09
1639601458, 3, 24, 314, 160, 0, 0.73%, 15, 0, 17, 2142.40
1639601463, 3, 56, 314, 159, 0, 0.73%, 15, 0, 17, 1484.18
1639601468, 3, 81, 314, 158, 0, 0.73%, 15, 0, 17, 1298.79
1639601473, 3, 118, 314, 153, 0, 0.73%, 15, 0, 17, 1416.82
1639601478, 3, 137, 314, 148, 0, 0.73%, 15, 0, 17, 1346.77
