# unix_time, cycles_done, cur_path, paths_total, pending_total, pending_favs, map_size, unique_crashes, unique_hangs, max_depth, execs_per_sec
1639512591, 0, 0, 347, 347, 75, 0.66%, 0, 0, 1, 1161.51
1639512597, 0, 17, 349, 345, 71, 0.66%, 2, 2, 2, 1364.09
1639512602, 0, 25, 349, 344, 70, 0.66%, 2, 5, 2, 1310.00
1639512607, 0, 66, 349, 334, 60, 0.66%, 6, 5, 2, 1415.40
1639512612, 0, 108, 349, 325, 51, 0.66%, 7, 5, 2, 1433.10
1639512617, 0, 138, 349, 315, 41, 0.66%, 7, 5, 2, 1453.72
1639512622, 0, 192, 349, 304, 30, 0.66%, 7, 5, 2, 1438.24
1639512627, 0, 255, 349, 294, 20, 0.66%, 8, 5, 2, 1434.81
1639512632, 0, 313, 350, 284, 10, 0.66%, 8, 5, 2, 1441.24
1639512637, 0, 341, 352, 278, 3, 0.66%, 9, 5, 2, 1440.16
1639512642, 1, 7, 352, 274, 0, 0.66%, 10, 6, 2, 1445.80
1639512647, 1, 25, 352, 272, 0, 0.66%, 10, 7, 2, 511.52
1639512653, 1, 49, 352, 269, 0, 0.66%, 11, 7, 2, 1254.73
1639512658, 1, 58, 352, 265, 0, 0.66%, 13, 8, 2, 888.06
1639512663, 1, 72, 352, 261, 0, 0.66%, 14, 8, 2, 1159.96
1639512669, 1, 98, 352, 256, 0, 0.66%, 17, 9, 2, 37.63
1639512674, 1, 110, 353, 254, 0, 0.66%, 17, 9, 2, 1264.14
1639512679, 1, 129, 353, 250, 0, 0.66%, 17, 9, 2, 1400.06
1639512684, 1, 143, 353, 246, 0, 0.66%, 18, 9, 2, 1410.50
1639512689, 1, 169, 353, 240, 0, 0.66%, 18, 9, 2, 1383.68
1639512694, 1, 203, 353, 237, 0, 0.66%, 18, 9, 2, 1448.53
1639512699, 1, 229, 353, 229, 0, 0.66%, 18, 9, 2, 1448.30
1639512704, 1, 255, 353, 226, 0, 0.66%, 18, 9, 2, 1438.25
1639512709, 1, 279, 353, 219, 0, 0.66%, 18, 9, 2, 1415.99
1639512715, 1, 310, 353, 216, 0, 0.66%, 18, 10, 2, 73.65
1639512720, 1, 322, 353, 210, 0, 0.66%, 18, 10, 2, 1143.00
1639512725, 1, 347, 353, 208, 0, 0.66%, 18, 10, 2, 1533.81
1639512731, 2, 17, 353, 205, 0, 0.66%, 18, 10, 2, 1414.06
1639512736, 2, 38, 353, 202, 0, 0.66%, 18, 10, 2, 1599.06
1639512741, 2, 69, 353, 200, 0, 0.66%, 19, 10, 2, 1491.84
1639512746, 2, 82, 353, 197, 0, 0.66%, 20, 10, 2, 1296.88
1639512751, 2, 108, 353, 193, 0, 0.66%, 20, 10, 2, 844.67
1639512756, 2, 129, 354, 193, 0, 0.66%, 20, 10, 2, 1242.00
1639512761, 2, 158, 354, 192, 0, 0.66%, 20, 10, 2, 1252.96
1639512766, 2, 171, 355, 189, 0, 0.66%, 20, 10, 2, 1318.28
1639512771, 2, 195, 355, 186, 0, 0.66%, 20, 10, 2, 1318.26
1639512776, 2, 249, 355, 183, 0, 0.66%, 20, 10, 2, 1371.73
1639512781, 2, 280, 355, 180, 0, 0.66%, 21, 10, 2, 1401.13
1639512786, 2, 303, 355, 176, 0, 0.66%, 21, 10, 2, 1420.66
1639512792, 2, 330, 355, 172, 0, 0.66%, 21, 10, 2, 1432.30
1639512797, 3, 2, 355, 170, 0, 0.66%, 21, 10, 2, 1339.68
1639512802, 3, 25, 355, 166, 0, 0.66%, 21, 10, 2, 638.92
1639512807, 3, 40, 355, 164, 0, 0.66%, 21, 10, 2, 1162.56
1639512812, 3, 66, 355, 163, 0, 0.66%, 21, 10, 2, 783.55
1639512817, 3, 105, 355, 162, 0, 0.66%, 21, 10, 2, 1290.59
1639512822, 3, 129, 355, 161, 0, 0.66%, 21, 10, 2, 1371.73
1639512827, 3, 169, 355, 159, 0, 0.66%, 21, 10, 2, 1384.41
1639512832, 3, 202, 355, 158, 0, 0.66%, 21, 10, 2, 1382.07
1639512838, 3, 236, 355, 153, 0, 0.66%, 21, 10, 2, 1399.38
1639512843, 3, 255, 356, 151, 0, 0.66%, 21, 10, 2, 1405.05
1639512848, 3, 292, 356, 147, 0, 0.66%, 21, 10, 2, 1368.95
1639512853, 3, 321, 356, 142, 0, 0.66%, 21, 10, 2, 1398.47
1639512858, 3, 342, 357, 140, 0, 0.66%, 21, 10, 2, 1406.56
1639512863, 4, 1, 357, 136, 0, 0.66%, 21, 10, 2, 1345.39
1639512868, 4, 21, 357, 133, 0, 0.66%, 21, 10, 2, 1226.25
1639512873, 4, 46, 357, 131, 0, 0.66%, 21, 10, 2, 1297.70
1639512878, 4, 72, 357, 128, 0, 0.66%, 21, 10, 2, 1399.23
1639512883, 4, 105, 357, 126, 0, 0.66%, 21, 10, 2, 1413.05
1639512888, 4, 124, 357, 124, 0, 0.66%, 21, 10, 2, 1388.20
