# unix_time, cycles_done, cur_path, paths_total, pending_total, pending_favs, map_size, unique_crashes, unique_hangs, max_depth, execs_per_sec
1639435424, 0, 0, 573, 573, 98, 0.90%, 0, 0, 1, 1193.44
1639435429, 0, 41, 573, 561, 86, 0.90%, 2, 0, 1, 1366.63
1639435434, 0, 93, 573, 551, 76, 0.90%, 4, 0, 1, 1417.23
1639435439, 0, 121, 573, 542, 69, 0.90%, 4, 0, 1, 1409.81
1639435444, 0, 202, 573, 532, 60, 0.90%, 5, 0, 1, 1426.75
1639435449, 0, 308, 573, 519, 47, 0.90%, 6, 0, 1, 1425.49
1639435454, 0, 369, 573, 511, 41, 0.90%, 6, 0, 1, 1418.90
1639435459, 0, 414, 573, 500, 30, 0.90%, 6, 0, 1, 1414.85
1639435464, 0, 444, 573, 493, 23, 0.90%, 6, 0, 1, 1395.14
1639435469, 0, 489, 574, 485, 14, 0.90%, 6, 0, 2, 1398.61
1639435474, 0, 521, 574, 479, 8, 0.90%, 6, 0, 2, 1424.14
1639435479, 1, 6, 574, 471, 0, 0.90%, 6, 0, 2, 1438.78
1639435485, 1, 41, 575, 469, 0, 0.90%, 7, 0, 2, 1432.51
1639435490, 1, 79, 575, 466, 0, 0.90%, 7, 0, 2, 1401.26
1639435495, 1, 105, 575, 461, 0, 0.90%, 7, 0, 2, 1416.90
1639435500, 1, 128, 575, 459, 0, 0.90%, 7, 0, 2, 1421.55
1639435505, 1, 152, 575, 452, 0, 0.90%, 7, 0, 2, 1426.18
1639435510, 1, 170, 575, 445, 0, 0.90%, 7, 0, 2, 1419.19
1639435515, 1, 207, 575, 440, 0, 0.90%, 7, 0, 2, 1424.17
1639435520, 1, 220, 575, 433, 0, 0.90%, 7, 0, 2, 1404.87
1639435526, 1, 247, 576, 428, 0, 0.90%, 7, 0, 2, 1340.53
1639435531, 1, 276, 576, 420, 0, 0.90%, 7, 0, 2, 1385.91
1639435536, 1, 304, 576, 412, 0, 0.90%, 8, 0, 2, 1407.64
1639435541, 1, 330, 576, 408, 0, 0.90%, 8, 0, 2, 1428.09
1639435546, 1, 362, 577, 402, 0, 0.90%, 8, 0, 2, 1420.03
1639435551, 1, 395, 577, 399, 0, 0.90%, 9, 0, 2, 1399.07
1639435556, 1, 429, 577, 398, 0, 0.90%, 9, 0, 2, 1418.03
1639435561, 1, 447, 577, 395, 0, 0.90%, 9, 0, 2, 1404.44
1639435566, 1, 479, 578, 390, 0, 0.90%, 9, 0, 2, 1427.75
1639435571, 1, 493, 578, 388, 0, 0.90%, 9, 0, 2, 1424.94
1639435577, 1, 521, 578, 383, 0, 0.90%, 9, 0, 2, 1390.64
1639435582, 1, 553, 578, 378, 0, 0.90%, 9, 0, 2, 1413.57
1639435587, 1, 572, 578, 374, 0, 0.90%, 9, 0, 2, 1421.82
1639435592, 2, 0, 579, 373, 0, 0.90%, 9, 0, 3, 1394.12
1639435597, 2, 19, 579, 367, 0, 0.90%, 9, 0, 3, 1423.51
1639435602, 2, 44, 579, 365, 0, 0.90%, 9, 0, 3, 1395.19
1639435607, 2, 79, 579, 361, 0, 0.90%, 9, 0, 3, 1412.74
1639435612, 2, 111, 579, 359, 0, 0.90%, 10, 0, 3, 1416.82
1639435617, 2, 139, 580, 357, 0, 0.90%, 10, 0, 3, 1429.44
1639435622, 2, 174, 580, 352, 0, 0.90%, 10, 0, 3, 1415.26
1639435627, 2, 193, 580, 345, 0, 0.90%, 10, 0, 3, 1427.00
1639435632, 2, 228, 580, 342, 0, 0.90%, 10, 0, 3, 1427.13
1639435638, 2, 262, 580, 332, 0, 0.90%, 10, 0, 3, 1424.50
1639435643, 2, 307, 580, 327, 0, 0.90%, 10, 0, 3, 1422.66
1639435648, 2, 339, 580, 322, 0, 0.90%, 10, 0, 3, 1426.95
1639435653, 2, 373, 580, 319, 0, 0.90%, 10, 0, 3, 1409.54
1639435658, 2, 408, 580, 313, 0, 0.90%, 11, 0, 3, 1431.39
1639435663, 2, 429, 580, 311, 0, 0.90%, 11, 0, 3, 1410.29
1639435668, 2, 451, 582, 310, 0, 0.90%, 11, 0, 3, 1401.55
1639435673, 2, 486, 582, 304, 0, 0.90%, 11, 0, 3, 1624.53
1639435678, 2, 501, 582, 303, 0, 0.90%, 11, 0, 3, 59.96
1639435683, 2, 534, 582, 297, 0, 0.90%, 11, 0, 3, 768.35
1639435689, 2, 572, 582, 295, 0, 0.90%, 11, 0, 3, 1274.47
1639435694, 2, 582, 584, 297, 1, 0.90%, 11, 0, 5, 1388.24
1639435699, 2, 583, 584, 296, 0, 0.90%, 11, 0, 5, 1416.46
1639435704, 3, 19, 584, 293, 0, 0.90%, 11, 0, 5, 1425.61
1639435709, 3, 41, 584, 288, 0, 0.90%, 11, 0, 5, 1434.72
1639435714, 3, 584, 585, 286, 1, 0.90%, 11, 0, 5, 1434.95
1639435719, 4, 33, 585, 284, 0, 0.90%, 11, 0, 5, 1434.73
