# unix_time, cycles_done, cur_path, paths_total, pending_total, pending_favs, map_size, unique_crashes, unique_hangs, max_depth, execs_per_sec
1639483067, 0, 0, 1, 1, 1, 0.12%, 0, 0, 1, 2000.00
1639483072, 0, 0, 75, 75, 1, 0.42%, 4, 0, 2, 1519.86
1639483077, 0, 6, 94, 93, 38, 0.46%, 4, 0, 3, 1463.16
1639483082, 0, 15, 123, 117, 38, 0.49%, 5, 0, 3, 1428.50
1639483087, 0, 26, 133, 120, 31, 0.50%, 5, 0, 3, 1429.45
1639483092, 0, 33, 134, 117, 29, 0.50%, 6, 0, 3, 1436.84
1639483097, 0, 57, 149, 121, 21, 0.51%, 6, 0, 3, 1417.93
1639483103, 0, 77, 167, 133, 18, 0.53%, 6, 0, 3, 1424.16
1639483108, 0, 113, 184, 145, 18, 0.56%, 6, 0, 4, 1425.30
1639483113, 0, 142, 186, 140, 13, 0.56%, 7, 0, 4, 1418.51
1639483118, 0, 169, 193, 142, 11, 0.57%, 7, 0, 4, 1414.94
1639483123, 0, 181, 201, 145, 9, 0.60%, 7, 0, 4, 1430.49
1639483128, 0, 188, 206, 146, 5, 0.60%, 8, 0, 5, 1438.42
1639483133, 0, 198, 212, 149, 6, 0.61%, 8, 0, 5, 1438.49
1639483138, 0, 209, 214, 147, 3, 0.61%, 8, 0, 6, 1448.77
1639483143, 1, 6, 216, 144, 0, 0.61%, 8, 0, 6, 1460.83
1639483148, 2, 12, 219, 142, 0, 0.62%, 8, 0, 6, 1423.26
1639483153, 2, 30, 219, 138, 0, 0.62%, 8, 0, 6, 1446.29
1639483158, 2, 43, 220, 137, 0, 0.62%, 8, 0, 6, 1445.96
1639483163, 3, 16, 220, 133, 0, 0.62%, 8, 0, 6, 1441.34
1639483169, 3, 34, 221, 134, 0, 0.62%, 8, 0, 6, 1422.26
1639483174, 3, 60, 221, 131, 0, 0.62%, 8, 0, 6, 1450.62
1639483179, 3, 71, 221, 126, 0, 0.62%, 8, 0, 6, 1352.78
1639483184, 3, 190, 223, 126, 1, 0.62%, 8, 0, 6, 1402.87
1639483189, 4, 18, 223, 122, 0, 0.62%, 8, 0, 6, 1407.90
1639483194, 4, 37, 223, 122, 0, 0.62%, 8, 0, 6, 1429.53
1639483199, 4, 71, 224, 120, 0, 0.62%, 8, 0, 6, 1437.76
1639483204, 4, 99, 224, 117, 0, 0.62%, 9, 0, 6, 1342.77
1639483210, 4, 118, 224, 111, 0, 0.62%, 9, 0, 6, 1399.79
1639483215, 4, 224, 228, 114, 1, 0.63%, 11, 0, 6, 1408.20
1639483220, 4, 224, 231, 117, 1, 0.63%, 11, 0, 6, 1417.29
1639483225, 4, 227, 236, 121, 3, 0.64%, 11, 0, 6, 1378.41
1639483230, 4, 227, 238, 123, 3, 0.64%, 12, 0, 6, 1398.57
1639483235, 4, 228, 239, 123, 4, 0.64%, 12, 0, 6, 1413.73
1639483240, 4, 228, 241, 125, 4, 0.64%, 13, 0, 6, 1390.06
1639483245, 4, 230, 242, 125, 4, 0.64%, 14, 0, 6, 1362.75
1639483250, 4, 230, 243, 126, 4, 0.64%, 14, 0, 6, 1332.85
1639483255, 4, 234, 247, 129, 4, 0.64%, 16, 0, 7, 1371.33
1639483260, 4, 236, 247, 128, 4, 0.64%, 16, 0, 7, 1410.06
1639483265, 4, 236, 248, 129, 4, 0.64%, 16, 0, 7, 1411.68
1639483271, 4, 236, 251, 132, 4, 0.64%, 16, 0, 7, 1430.75
1639483276, 4, 238, 253, 133, 3, 0.64%, 16, 0, 7, 1406.38
1639483286, 4, 242, 254, 133, 2, 0.64%, 17, 0, 7, 1371.71
1639483291, 4, 242, 255, 134, 2, 0.64%, 17, 0, 7, 1402.74
1639483296, 4, 246, 255, 133, 1, 0.64%, 17, 0, 7, 1427.01
1639483301, 4, 246, 257, 135, 1, 0.64%, 17, 0, 8, 1413.67
1639483306, 4, 252, 258, 135, 0, 0.64%, 17, 0, 8, 1430.98
1639483311, 4, 252, 259, 136, 0, 0.64%, 17, 0, 8, 1420.90
1639483316, 4, 254, 263, 139, 0, 0.64%, 17, 0, 8, 1407.47
1639483326, 4, 255, 267, 142, 0, 0.65%, 17, 0, 9, 2077.70
1639483331, 4, 257, 272, 146, 3, 0.65%, 17, 0, 9, 1675.65
1639483341, 4, 264, 275, 148, 3, 0.65%, 17, 0, 10, 1428.64
1639483346, 4, 264, 276, 149, 3, 0.65%, 17, 0, 10, 1406.83
1639483351, 4, 265, 277, 149, 3, 0.66%, 17, 0, 10, 1424.83
1639483356, 4, 273, 281, 152, 3, 0.67%, 17, 0, 11, 1432.59
1639483362, 4, 273, 284, 155, 3, 0.69%, 17, 0, 11, 1424.29
1639483367, 4, 275, 285, 155, 6, 0.69%, 17, 0, 11, 1401.01
