# unix_time, cycles_done, cur_path, paths_total, pending_total, pending_favs, map_size, unique_crashes, unique_hangs, max_depth, execs_per_sec
1639439894, 0, 0, 1, 1, 1, 0.12%, 0, 0, 1, 2000.00
1639439899, 0, 0, 78, 78, 1, 0.48%, 3, 0, 2, 1541.17
1639439904, 0, 5, 120, 118, 40, 0.52%, 3, 0, 3, 1451.53
1639439909, 0, 33, 132, 119, 33, 0.53%, 4, 0, 3, 1461.25
1639439914, 0, 57, 145, 121, 23, 0.53%, 4, 0, 3, 1451.83
1639439919, 0, 78, 156, 126, 17, 0.53%, 5, 0, 3, 1442.34
1639439925, 0, 89, 170, 137, 15, 0.55%, 5, 0, 3, 1414.67
1639439930, 0, 131, 179, 140, 16, 0.56%, 5, 0, 4, 1397.62
1639439935, 0, 148, 181, 137, 12, 0.56%, 5, 0, 4, 1433.24
1639439940, 0, 160, 192, 145, 13, 0.57%, 5, 0, 4, 1438.14
1639439945, 0, 178, 199, 146, 8, 0.59%, 5, 0, 5, 1435.61
1639439950, 0, 185, 207, 153, 10, 0.60%, 8, 0, 5, 1430.97
1639439955, 0, 189, 211, 155, 12, 0.60%, 9, 0, 5, 1413.03
1639439960, 0, 194, 213, 154, 10, 0.60%, 9, 0, 5, 1426.85
1639439965, 0, 198, 218, 157, 9, 0.60%, 9, 0, 6, 1437.03
1639439970, 0, 200, 223, 160, 7, 0.60%, 9, 0, 6, 1427.43
1639439975, 0, 203, 226, 161, 8, 0.60%, 10, 0, 6, 1424.72
1639439980, 0, 205, 230, 164, 7, 0.60%, 10, 0, 6, 1444.13
1639439985, 0, 211, 233, 164, 5, 0.61%, 10, 0, 6, 1413.63
1639439990, 0, 222, 233, 162, 3, 0.61%, 11, 0, 6, 1425.55
1639439995, 0, 230, 237, 165, 2, 0.64%, 11, 0, 7, 1447.42
1639440001, 0, 234, 238, 164, 4, 0.64%, 11, 0, 8, 1447.93
1639440006, 0, 237, 239, 163, 2, 0.64%, 11, 0, 9, 1443.46
1639440011, 1, 110, 241, 161, 0, 0.64%, 11, 0, 9, 1413.43
1639440016, 1, 134, 242, 155, 0, 0.64%, 11, 0, 9, 1436.58
1639440021, 1, 146, 242, 151, 0, 0.64%, 11, 0, 9, 1443.83
1639440026, 1, 168, 242, 146, 0, 0.64%, 11, 0, 9, 1427.69
1639440031, 1, 178, 243, 144, 0, 0.64%, 11, 0, 9, 1444.70
1639440036, 1, 188, 244, 143, 0, 0.64%, 11, 0, 9, 1445.33
1639440041, 1, 192, 246, 143, 0, 0.64%, 11, 0, 9, 1422.57
1639440046, 1, 198, 246, 141, 0, 0.64%, 11, 0, 9, 1419.04
1639440051, 1, 203, 249, 143, 0, 0.64%, 11, 0, 9, 1447.27
1639440056, 1, 205, 250, 143, 0, 0.64%, 11, 0, 9, 1431.03
1639440061, 1, 211, 250, 142, 0, 0.64%, 11, 0, 9, 1438.38
1639440066, 1, 222, 251, 142, 0, 0.64%, 11, 0, 9, 1462.46
1639440071, 1, 233, 252, 141, 0, 0.64%, 11, 0, 9, 1448.77
1639440076, 1, 235, 256, 145, 0, 0.65%, 11, 0, 9, 1444.32
1639440081, 1, 254, 262, 150, 2, 0.66%, 11, 0, 9, 1448.06
1639440087, 1, 255, 267, 154, 4, 0.66%, 11, 0, 9, 1449.85
1639440092, 1, 262, 270, 155, 4, 0.66%, 11, 0, 10, 1453.50
1639440097, 1, 262, 274, 159, 4, 0.66%, 11, 0, 10, 1448.26
1639440102, 1, 266, 276, 160, 4, 0.67%, 11, 0, 10, 1444.62
1639440107, 1, 267, 276, 159, 3, 0.67%, 11, 0, 10, 1440.80
1639440112, 2, 23, 277, 157, 0, 0.67%, 11, 0, 11, 1450.50
1639440117, 2, 184, 278, 156, 1, 0.67%, 11, 0, 11, 1454.14
1639440122, 2, 277, 282, 160, 1, 0.67%, 11, 0, 11, 1435.13
1639440127, 2, 279, 283, 160, 1, 0.67%, 11, 0, 11, 1444.09
1639440132, 2, 281, 284, 160, 0, 0.67%, 11, 0, 11, 1438.11
1639440137, 3, 29, 286, 159, 0, 0.67%, 11, 0, 11, 1442.47
1639440142, 3, 56, 287, 156, 0, 0.67%, 11, 0, 11, 1439.95
1639440147, 3, 69, 287, 152, 0, 0.67%, 11, 0, 11, 1442.99
1639440152, 3, 87, 289, 151, 0, 0.67%, 11, 0, 11, 1449.25
1639440157, 3, 261, 289, 150, 1, 0.67%, 11, 0, 11, 1427.64
1639440163, 3, 289, 293, 151, 0, 0.67%, 11, 0, 11, 1446.93
1639440168, 4, 20, 293, 150, 0, 0.67%, 11, 0, 11, 1436.15
1639440173, 4, 48, 293, 147, 0, 0.67%, 11, 0, 11, 1425.21
1639440178, 4, 78, 293, 143, 0, 0.67%, 11, 0, 11, 2160.92
1639440183, 4, 95, 294, 140, 0, 0.67%, 11, 0, 11, 1591.03
1639440188, 4, 134, 294, 133, 0, 0.67%, 11, 0, 11, 1413.23
1639440193, 4, 276, 295, 130, 1, 0.68%, 11, 0, 11, 1439.19
