# unix_time, cycles_done, cur_path, paths_total, pending_total, pending_favs, map_size, unique_crashes, unique_hangs, max_depth, execs_per_sec
1639593945, 0, 0, 1, 1, 1, 0.12%, 0, 0, 1, 1333.33
1639593950, 0, 0, 75, 75, 1, 0.46%, 4, 0, 2, 1404.56
1639593955, 0, 16, 97, 91, 31, 0.47%, 6, 0, 3, 1400.41
1639593960, 0, 27, 119, 110, 35, 0.51%, 8, 0, 3, 1409.38
1639593966, 0, 31, 127, 115, 32, 0.51%, 9, 0, 3, 1445.27
1639593971, 0, 41, 142, 126, 31, 0.52%, 9, 0, 3, 1450.68
1639593976, 0, 50, 158, 137, 29, 0.54%, 9, 0, 3, 1439.19
1639593981, 0, 56, 164, 140, 28, 0.54%, 10, 0, 3, 1410.59
1639593986, 0, 78, 173, 141, 21, 0.54%, 11, 0, 3, 1441.61
1639593991, 0, 119, 178, 140, 17, 0.55%, 12, 0, 4, 1447.30
1639593996, 0, 145, 184, 139, 13, 0.56%, 12, 0, 4, 1446.59
1639594002, 0, 162, 205, 155, 12, 0.59%, 12, 0, 4, 1422.00
1639594007, 0, 179, 209, 156, 9, 0.59%, 12, 0, 5, 1442.20
1639594012, 0, 189, 214, 158, 8, 0.59%, 12, 0, 5, 1451.02
1639594017, 0, 191, 217, 160, 8, 0.60%, 12, 0, 5, 1458.27
1639594022, 0, 191, 224, 167, 8, 0.62%, 12, 0, 5, 1444.90
1639594027, 0, 202, 234, 174, 12, 0.63%, 12, 0, 5, 1398.28
1639594032, 0, 208, 237, 176, 12, 0.63%, 12, 0, 6, 1405.82
1639594037, 0, 214, 241, 178, 10, 0.63%, 13, 0, 6, 1378.01
1639594042, 0, 219, 243, 177, 9, 0.65%, 13, 0, 6, 1310.46
1639594047, 0, 221, 246, 179, 8, 0.65%, 13, 0, 6, 1302.64
1639594052, 0, 227, 251, 181, 8, 0.66%, 13, 0, 6, 1274.34
1639594057, 0, 229, 253, 182, 7, 0.66%, 13, 0, 6, 1270.56
1639594062, 0, 240, 256, 183, 5, 0.66%, 15, 0, 7, 1294.52
1639594068, 0, 243, 261, 186, 5, 0.66%, 15, 0, 7, 1369.67
1639594073, 0, 262, 265, 186, 3, 0.66%, 15, 0, 7, 1430.03
1639594078, 1, 245, 271, 190, 2, 0.66%, 15, 0, 8, 1447.68
1639594083, 1, 245, 273, 192, 2, 0.67%, 15, 0, 8, 1451.87
1639594088, 1, 268, 276, 192, 3, 0.67%, 15, 0, 8, 1455.22
1639594093, 1, 271, 278, 193, 2, 0.68%, 15, 0, 8, 1454.10
1639594098, 1, 274, 280, 194, 2, 0.68%, 15, 0, 8, 1436.35
1639594103, 1, 277, 283, 196, 2, 0.68%, 15, 0, 9, 1418.05
1639594108, 1, 279, 289, 201, 2, 0.68%, 15, 0, 9, 1395.14
1639594113, 1, 284, 291, 202, 1, 0.68%, 15, 0, 10, 1391.76
1639594123, 2, 36, 291, 196, 0, 0.68%, 15, 0, 10, 1920.98
1639594128, 2, 58, 292, 194, 0, 0.68%, 15, 0, 10, 1410.65
1639594133, 2, 87, 293, 192, 0, 0.68%, 15, 0, 10, 1307.76
1639594138, 2, 124, 294, 186, 0, 0.68%, 15, 0, 10, 1290.92
1639594144, 2, 145, 294, 182, 0, 0.68%, 15, 0, 10, 1282.06
1639594149, 2, 157, 296, 179, 0, 0.68%, 15, 0, 10, 1252.19
1639594154, 2, 177, 296, 177, 0, 0.68%, 15, 0, 10, 1194.67
1639594159, 2, 184, 296, 175, 0, 0.68%, 15, 0, 10, 1172.90
1639594164, 2, 192, 296, 173, 0, 0.68%, 15, 0, 10, 1176.65
1639594169, 2, 203, 297, 171, 0, 0.68%, 15, 0, 10, 1218.77
1639594174, 2, 214, 298, 171, 0, 0.68%, 15, 0, 10, 1291.14
1639594179, 2, 284, 302, 174, 1, 0.69%, 15, 0, 10, 1312.44
1639594184, 2, 299, 304, 176, 2, 0.70%, 15, 0, 10, 1312.15
1639594189, 2, 299, 306, 178, 2, 0.71%, 15, 0, 10, 1330.10
1639594194, 2, 301, 306, 177, 5, 0.71%, 15, 0, 10, 1263.99
1639594199, 2, 302, 309, 179, 4, 0.73%, 15, 0, 10, 1264.18
1639594204, 2, 303, 314, 183, 10, 0.74%, 15, 0, 10, 1264.03
1639594209, 2, 305, 314, 181, 8, 0.74%, 15, 0, 10, 1285.63
1639594214, 2, 307, 314, 179, 6, 0.74%, 15, 0, 10, 1311.68
1639594219, 2, 308, 314, 178, 5, 0.74%, 15, 0, 10, 1315.81
1639594224, 2, 309, 316, 179, 4, 0.74%, 15, 0, 10, 1332.87
1639594230, 2, 310, 316, 178, 3, 0.74%, 15, 0, 10, 1344.12
1639594235, 2, 315, 319, 179, 0, 0.74%, 15, 0, 10, 1331.97
1639594240, 2, 317, 321, 180, 1, 0.74%, 15, 0, 10, 1333.12
1639594245, 2, 319, 321, 179, 0, 0.74%, 15, 0, 10, 1269.89
