# unix_time, cycles_done, cur_path, paths_total, pending_total, pending_favs, map_size, unique_crashes, unique_hangs, max_depth, execs_per_sec
1639553377, 0, 0, 802, 802, 98, 0.96%, 0, 0, 1, 1169.31
1639553382, 0, 128, 802, 791, 87, 0.96%, 3, 0, 1, 1373.27
1639553387, 0, 187, 802, 781, 77, 0.96%, 5, 0, 1, 1381.82
1639553392, 0, 233, 802, 772, 69, 0.96%, 6, 0, 1, 1394.25
1639553397, 0, 337, 802, 761, 60, 0.96%, 7, 0, 1, 1403.12
1639553403, 0, 386, 802, 754, 54, 0.96%, 7, 0, 1, 1408.22
1639553408, 0, 441, 802, 745, 45, 0.96%, 7, 0, 1, 1401.74
1639553413, 0, 534, 802, 737, 37, 0.96%, 7, 0, 1, 1399.25
1639553418, 0, 592, 802, 726, 26, 0.96%, 7, 0, 1, 1411.15
1639553423, 0, 680, 802, 715, 15, 0.96%, 7, 0, 1, 1430.79
1639553428, 0, 767, 802, 705, 6, 0.96%, 7, 0, 1, 1438.33
1639553433, 1, 10, 802, 697, 0, 0.96%, 7, 0, 1, 1442.56
1639553438, 1, 34, 802, 689, 0, 0.96%, 7, 0, 1, 1405.24
1639553443, 1, 57, 802, 682, 0, 0.96%, 7, 0, 1, 1424.47
1639553448, 1, 76, 802, 677, 0, 0.96%, 7, 0, 1, 1375.82
1639553453, 1, 109, 802, 667, 0, 0.96%, 7, 0, 1, 1975.17
1639553459, 1, 134, 802, 662, 0, 0.96%, 7, 0, 1, 1610.40
1639553464, 1, 180, 802, 657, 0, 0.96%, 7, 0, 1, 1473.32
1639553469, 1, 217, 802, 652, 0, 0.96%, 7, 0, 1, 1415.92
1639553474, 1, 242, 802, 649, 0, 0.96%, 7, 0, 1, 1391.69
1639553479, 1, 280, 802, 645, 0, 0.96%, 7, 0, 1, 1367.69
1639553484, 1, 300, 802, 639, 0, 0.96%, 7, 0, 1, 1392.14
1639553489, 1, 331, 802, 631, 0, 0.96%, 7, 0, 1, 1345.53
1639553494, 1, 358, 802, 622, 0, 0.96%, 7, 0, 1, 1317.37
1639553500, 1, 378, 802, 617, 0, 0.96%, 7, 0, 1, 1349.32
1639553505, 1, 389, 802, 613, 0, 0.96%, 7, 0, 1, 1366.28
1639553510, 1, 414, 802, 606, 0, 0.96%, 7, 0, 1, 1344.55
1639553515, 1, 439, 802, 603, 0, 0.96%, 9, 0, 1, 1392.75
1639553520, 1, 463, 802, 597, 0, 0.96%, 9, 0, 1, 1407.12
1639553525, 1, 493, 802, 590, 0, 0.96%, 9, 0, 1, 1428.51
1639553530, 1, 516, 802, 585, 0, 0.96%, 9, 0, 1, 1405.49
1639553535, 1, 802, 803, 580, 1, 0.96%, 11, 0, 2, 1395.22
1639553540, 2, 24, 803, 574, 0, 0.96%, 11, 0, 2, 1395.97
1639553545, 2, 62, 803, 567, 0, 0.96%, 13, 0, 2, 1417.60
1639553550, 2, 104, 803, 561, 0, 0.96%, 13, 0, 2, 1433.58
1639553556, 2, 141, 803, 554, 0, 0.96%, 14, 0, 2, 1411.05
1639553561, 2, 167, 803, 548, 0, 0.96%, 14, 0, 2, 1417.59
1639553566, 2, 187, 803, 545, 0, 0.96%, 15, 0, 2, 1421.40
1639553571, 2, 214, 803, 539, 0, 0.96%, 15, 0, 2, 1415.76
1639553576, 2, 233, 804, 537, 0, 0.96%, 15, 0, 2, 1429.45
1639553581, 2, 258, 804, 533, 0, 0.96%, 15, 0, 2, 1370.09
1639553586, 2, 289, 804, 525, 0, 0.96%, 15, 0, 2, 1400.00
1639553591, 2, 317, 804, 519, 0, 0.96%, 15, 0, 2, 1409.32
1639553596, 2, 360, 804, 512, 0, 0.96%, 15, 0, 2, 1412.99
1639553601, 2, 385, 804, 508, 0, 0.96%, 15, 0, 2, 1408.33
1639553606, 2, 406, 804, 504, 0, 0.96%, 15, 0, 2, 1361.67
1639553611, 2, 428, 804, 502, 0, 0.96%, 16, 0, 2, 1381.18
1639553617, 2, 463, 804, 496, 0, 0.96%, 16, 0, 2, 1415.42
1639553622, 2, 503, 804, 491, 0, 0.96%, 16, 0, 2, 1408.25
1639553627, 2, 532, 804, 485, 0, 0.96%, 16, 0, 2, 1431.19
1639553632, 2, 558, 804, 482, 0, 0.96%, 16, 0, 2, 1435.54
1639553637, 2, 576, 804, 474, 0, 0.96%, 16, 0, 2, 1421.93
1639553642, 2, 592, 804, 469, 0, 0.96%, 16, 0, 2, 1421.12
1639553647, 2, 625, 804, 464, 0, 0.96%, 16, 0, 2, 1348.24
1639553652, 2, 653, 804, 458, 0, 0.96%, 16, 0, 2, 1392.19
1639553658, 2, 680, 804, 452, 0, 0.96%, 16, 0, 2, 1377.12
1639553663, 2, 717, 804, 446, 0, 0.96%, 16, 0, 2, 1416.11
1639553668, 2, 741, 804, 440, 0, 0.96%, 16, 0, 2, 1406.38
