# unix_time, cycles_done, cur_path, paths_total, pending_total, pending_favs, map_size, unique_crashes, unique_hangs, max_depth, execs_per_sec
1639516656, 0, 0, 1, 1, 1, 0.12%, 0, 0, 1, 2000.00
1639516661, 0, 0, 76, 76, 1, 0.40%, 4, 0, 2, 1540.84
1639516666, 0, 14, 91, 86, 31, 0.42%, 7, 0, 3, 1431.71
1639516671, 0, 24, 123, 113, 30, 0.45%, 8, 0, 3, 1439.98
1639516676, 0, 30, 131, 117, 30, 0.46%, 8, 0, 3, 1466.13
1639516681, 0, 69, 141, 112, 16, 0.48%, 8, 0, 3, 1464.49
1639516687, 0, 108, 151, 115, 12, 0.49%, 9, 0, 4, 1461.03
1639516692, 0, 134, 156, 114, 8, 0.50%, 10, 0, 4, 1459.53
1639516697, 0, 146, 182, 135, 8, 0.52%, 10, 0, 4, 1425.19
1639516702, 0, 156, 189, 139, 6, 0.53%, 10, 0, 5, 1450.10
1639516707, 0, 168, 194, 143, 9, 0.55%, 10, 0, 5, 1475.41
1639516712, 0, 177, 199, 147, 10, 0.55%, 11, 0, 5, 1461.26
1639516717, 0, 181, 202, 149, 9, 0.55%, 12, 0, 5, 1480.61
1639516722, 0, 189, 206, 149, 5, 0.56%, 12, 0, 6, 1491.16
1639516727, 0, 189, 208, 151, 5, 0.57%, 12, 0, 6, 1471.38
1639516732, 0, 191, 214, 156, 6, 0.57%, 12, 0, 6, 1455.83
1639516737, 0, 193, 217, 158, 6, 0.57%, 12, 0, 6, 1458.83
1639516742, 0, 200, 220, 160, 5, 0.57%, 13, 0, 6, 1455.23
1639516747, 0, 218, 221, 156, 0, 0.57%, 13, 0, 7, 1427.66
1639516752, 1, 24, 222, 153, 0, 0.57%, 13, 0, 7, 1425.28
1639516757, 1, 224, 226, 153, 1, 0.57%, 13, 0, 7, 1446.03
1639516763, 1, 225, 231, 157, 0, 0.57%, 13, 0, 7, 1460.82
1639516768, 1, 227, 237, 162, 1, 0.58%, 13, 0, 7, 1449.14
1639516773, 1, 234, 239, 163, 2, 0.58%, 13, 0, 7, 1459.18
1639516778, 1, 239, 241, 163, 1, 0.58%, 13, 0, 8, 1458.87
1639516783, 2, 12, 244, 165, 0, 0.58%, 13, 0, 8, 1438.26
1639516788, 2, 39, 245, 162, 0, 0.58%, 13, 0, 8, 1447.43
1639516793, 2, 65, 245, 156, 0, 0.58%, 13, 0, 8, 1459.81
1639516798, 2, 98, 247, 157, 0, 0.58%, 13, 0, 8, 1465.24
1639516803, 2, 123, 249, 153, 0, 0.58%, 13, 0, 8, 1461.02
1639516808, 2, 139, 250, 151, 0, 0.58%, 13, 0, 8, 1456.83
1639516813, 2, 151, 250, 149, 0, 0.58%, 13, 0, 8, 1463.47
1639516818, 2, 172, 251, 148, 0, 0.58%, 13, 0, 8, 1461.14
1639516823, 2, 181, 251, 145, 0, 0.58%, 13, 0, 8, 1458.92
1639516828, 2, 251, 255, 147, 1, 0.58%, 14, 0, 8, 1478.67
1639516833, 2, 251, 256, 148, 1, 0.58%, 14, 0, 8, 1446.92
1639516838, 2, 256, 257, 147, 0, 0.58%, 14, 0, 8, 1437.75
1639516844, 3, 253, 259, 147, 1, 0.58%, 14, 0, 8, 2297.18
1639516849, 4, 14, 261, 146, 0, 0.58%, 14, 0, 8, 1626.30
1639516854, 4, 46, 262, 147, 0, 0.58%, 14, 0, 8, 1431.46
1639516859, 4, 69, 264, 142, 0, 0.58%, 14, 0, 8, 1430.24
1639516864, 4, 102, 264, 137, 0, 0.58%, 14, 0, 8, 1442.10
1639516869, 4, 136, 264, 135, 0, 0.58%, 14, 0, 8, 1463.18
1639516874, 4, 264, 268, 139, 1, 0.59%, 14, 0, 8, 1457.63
1639516879, 4, 265, 269, 139, 2, 0.59%, 14, 0, 8, 1447.84
1639516884, 4, 266, 272, 141, 2, 0.60%, 14, 0, 8, 1461.43
1639516894, 4, 268, 273, 141, 3, 0.60%, 14, 0, 8, 1464.56
1639516899, 4, 269, 273, 140, 2, 0.60%, 14, 0, 8, 1474.89
1639516904, 5, 0, 274, 139, 0, 0.60%, 14, 0, 8, 1465.72
1639516910, 5, 38, 274, 138, 0, 0.60%, 14, 0, 8, 1453.86
1639516915, 5, 74, 275, 138, 0, 0.60%, 14, 0, 8, 1433.08
1639516920, 5, 117, 275, 133, 0, 0.60%, 14, 0, 8, 1419.09
1639516925, 5, 138, 276, 131, 0, 0.60%, 14, 0, 8, 1446.81
1639516930, 5, 148, 276, 131, 0, 0.60%, 14, 0, 8, 1452.99
1639516935, 5, 173, 276, 130, 0, 0.60%, 14, 0, 8, 1437.77
1639516940, 5, 187, 276, 128, 0, 0.60%, 14, 0, 8, 1416.57
1639516945, 5, 191, 276, 127, 0, 0.60%, 14, 0, 8, 1379.07
1639516950, 5, 199, 276, 125, 0, 0.60%, 14, 0, 8, 1398.93
1639516955, 5, 206, 276, 124, 0, 0.60%, 14, 0, 8, 1365.77
