# unix_time, cycles_done, cur_path, paths_total, pending_total, pending_favs, map_size, unique_crashes, unique_hangs, max_depth, execs_per_sec
1639558882, 0, 0, 1, 1, 1, 0.12%, 0, 0, 1, 1600.00
1639558887, 0, 0, 70, 70, 1, 0.38%, 10, 0, 2, 1128.10
1639558892, 0, 6, 92, 89, 38, 0.39%, 16, 0, 3, 179.10
1639558897, 0, 16, 106, 97, 36, 0.43%, 16, 0, 3, 782.67
1639558902, 0, 25, 125, 111, 33, 0.44%, 18, 0, 3, 918.89
1639558908, 0, 32, 138, 119, 30, 0.45%, 18, 0, 3, 1008.66
1639558913, 0, 45, 141, 114, 23, 0.45%, 19, 0, 3, 959.80
1639558918, 0, 59, 147, 114, 18, 0.45%, 19, 0, 3, 931.98
1639558923, 0, 95, 148, 110, 13, 0.45%, 19, 0, 4, 537.76
1639558928, 0, 106, 159, 118, 10, 0.45%, 22, 0, 4, 748.83
1639558933, 0, 137, 168, 121, 4, 0.45%, 22, 0, 4, 902.90
1639558938, 0, 137, 170, 123, 4, 0.45%, 22, 0, 4, 513.98
1639558943, 0, 153, 173, 123, 3, 0.45%, 23, 0, 5, 942.24
1639558948, 0, 166, 178, 127, 4, 0.46%, 23, 0, 5, 705.96
1639558954, 0, 166, 178, 127, 4, 0.46%, 24, 0, 5, 503.18
1639558959, 0, 166, 178, 127, 4, 0.46%, 25, 0, 5, 117.07
1639558964, 0, 168, 181, 129, 5, 0.46%, 25, 0, 5, 990.77
1639558969, 0, 168, 183, 131, 5, 0.47%, 25, 0, 5, 985.16
1639558974, 0, 175, 188, 134, 8, 0.47%, 25, 0, 6, 855.36
1639558979, 0, 176, 188, 133, 7, 0.47%, 25, 0, 6, 253.88
1639558984, 0, 181, 189, 133, 6, 0.47%, 25, 0, 6, 438.22
1639558990, 0, 184, 195, 137, 5, 0.49%, 25, 0, 6, 877.27
1639558995, 0, 184, 199, 141, 5, 0.50%, 26, 0, 6, 878.97
1639559000, 0, 190, 206, 145, 8, 0.52%, 26, 0, 7, 1021.03
1639559005, 0, 190, 208, 147, 8, 0.54%, 26, 0, 7, 976.17
1639559010, 0, 194, 214, 152, 14, 0.54%, 26, 0, 7, 1026.49
1639559015, 0, 195, 221, 158, 13, 0.55%, 26, 0, 7, 934.72
1639559020, 0, 196, 225, 161, 14, 0.55%, 27, 0, 7, 993.88
1639559025, 0, 197, 227, 162, 13, 0.55%, 28, 0, 7, 943.41
1639559030, 0, 198, 236, 170, 12, 0.55%, 28, 0, 7, 145.46
1639559035, 0, 198, 237, 171, 12, 0.55%, 28, 0, 7, 167.33
1639559041, 0, 198, 239, 173, 12, 0.55%, 28, 0, 7, 172.20
1639559046, 0, 198, 240, 174, 12, 0.55%, 28, 0, 7, 167.67
1639559061, 0, 203, 241, 173, 12, 0.55%, 28, 0, 7, 597.08
1639559066, 0, 208, 243, 172, 10, 0.56%, 28, 0, 8, 866.19
1639559071, 0, 209, 245, 173, 9, 0.56%, 28, 0, 8, 997.23
1639559076, 0, 218, 245, 171, 8, 0.56%, 28, 0, 8, 1006.24
1639559081, 0, 233, 249, 173, 7, 0.56%, 29, 0, 8, 142.00
1639559087, 0, 233, 251, 175, 7, 0.56%, 29, 0, 8, 155.15
1639559092, 0, 233, 252, 176, 7, 0.56%, 29, 0, 8, 156.98
1639559138, 0, 240, 252, 175, 7, 0.56%, 29, 0, 8, 249.19
1639559148, 0, 243, 253, 174, 5, 0.56%, 30, 0, 9, 753.13
1639559153, 0, 247, 254, 173, 3, 0.56%, 30, 0, 9, 163.83
1639559163, 1, 79, 254, 169, 0, 0.56%, 30, 0, 9, 570.04
1639559168, 1, 88, 254, 167, 0, 0.56%, 30, 0, 9, 365.49
1639559173, 1, 95, 254, 165, 0, 0.56%, 30, 0, 9, 344.23
1639559179, 1, 96, 254, 165, 0, 0.56%, 30, 0, 9, 320.26
