# unix_time, cycles_done, cur_path, paths_total, pending_total, pending_favs, map_size, unique_crashes, unique_hangs, max_depth, execs_per_sec
1639587310, 0, 0, 1, 1, 1, 0.12%, 0, 0, 1, 1333.33
1639587315, 0, 0, 68, 68, 1, 0.33%, 8, 0, 2, 1776.16
1639587320, 0, 6, 82, 80, 29, 0.34%, 11, 0, 3, 1555.17
1639587325, 0, 30, 100, 90, 24, 0.34%, 12, 0, 3, 1410.35
1639587330, 0, 56, 114, 94, 16, 0.37%, 14, 0, 3, 1386.02
1639587335, 0, 67, 130, 104, 12, 0.37%, 16, 0, 3, 1386.04
1639587340, 0, 103, 137, 104, 6, 0.38%, 17, 0, 4, 1389.49
1639587346, 0, 126, 143, 107, 3, 0.38%, 17, 0, 4, 1399.45
1639587351, 0, 135, 146, 109, 3, 0.38%, 18, 0, 5, 1396.02
1639587356, 0, 138, 149, 110, 2, 0.38%, 20, 0, 5, 1418.11
1639587361, 1, 17, 150, 106, 0, 0.38%, 20, 0, 5, 1428.65
1639587366, 1, 150, 155, 107, 1, 0.39%, 20, 0, 5, 1437.93
1639587371, 1, 150, 163, 115, 1, 0.40%, 20, 0, 5, 1425.47
1639587376, 1, 155, 167, 117, 5, 0.40%, 20, 0, 5, 1441.48
1639587381, 1, 159, 173, 122, 6, 0.42%, 20, 0, 5, 1424.53
1639587386, 1, 159, 175, 124, 6, 0.42%, 20, 0, 5, 187.50
1639587391, 1, 162, 179, 126, 7, 0.42%, 20, 0, 5, 1293.56
1639587396, 1, 164, 184, 130, 7, 0.42%, 20, 0, 6, 1411.80
1639587401, 1, 172, 186, 130, 5, 0.42%, 20, 0, 6, 1425.14
1639587406, 1, 176, 188, 130, 6, 0.44%, 20, 0, 6, 1423.26
1639587411, 1, 183, 192, 132, 4, 0.44%, 20, 0, 7, 1431.08
1639587416, 1, 185, 193, 132, 3, 0.44%, 20, 0, 7, 1425.25
1639587421, 1, 186, 196, 134, 3, 0.46%, 20, 0, 7, 1407.06
1639587427, 1, 187, 199, 136, 5, 0.46%, 20, 0, 7, 1411.55
1639587432, 1, 192, 199, 135, 6, 0.46%, 20, 0, 7, 1439.68
1639587437, 1, 194, 200, 134, 4, 0.46%, 21, 0, 8, 1445.71
1639587442, 1, 195, 202, 135, 4, 0.47%, 21, 0, 8, 1423.47
1639587447, 1, 198, 205, 136, 3, 0.47%, 21, 0, 8, 1430.94
1639587452, 1, 202, 206, 135, 1, 0.47%, 21, 0, 9, 1420.84
1639587457, 1, 202, 207, 136, 1, 0.47%, 21, 0, 9, 1412.40
1639587462, 1, 205, 208, 136, 0, 0.47%, 22, 0, 10, 1430.02
1639587467, 1, 205, 210, 138, 0, 0.47%, 22, 0, 10, 1439.19
1639587472, 1, 208, 214, 141, 0, 0.47%, 22, 0, 11, 1445.46
1639587477, 1, 211, 217, 143, 1, 0.47%, 22, 0, 11, 1455.90
1639587482, 2, 31, 217, 139, 0, 0.47%, 22, 0, 11, 1445.00
1639587487, 2, 60, 220, 140, 0, 0.47%, 22, 0, 11, 1436.62
1639587492, 2, 77, 221, 137, 0, 0.47%, 22, 0, 11, 1444.48
1639587497, 2, 105, 223, 135, 0, 0.47%, 22, 0, 11, 1443.50
1639587502, 2, 136, 223, 131, 0, 0.47%, 22, 0, 11, 1438.45
1639587508, 2, 146, 223, 129, 0, 0.47%, 22, 0, 11, 1443.79
1639587513, 2, 160, 223, 127, 0, 0.47%, 22, 0, 11, 1444.53
1639587518, 2, 166, 223, 125, 0, 0.47%, 22, 0, 11, 1439.20
1639587523, 2, 168, 224, 124, 0, 0.47%, 22, 0, 11, 1392.08
1639587528, 2, 172, 225, 124, 0, 0.47%, 22, 0, 11, 1408.15
1639587533, 2, 186, 225, 124, 0, 0.47%, 22, 0, 11, 1359.23
1639587538, 2, 190, 225, 123, 0, 0.47%, 23, 0, 11, 1291.20
1639587543, 2, 191, 226, 123, 0, 0.47%, 23, 0, 11, 1238.38
1639587548, 2, 194, 226, 122, 0, 0.47%, 23, 0, 11, 1230.11
1639587553, 2, 201, 228, 124, 0, 0.47%, 23, 0, 11, 1298.62
1639587558, 2, 209, 228, 124, 0, 0.47%, 23, 0, 11, 1278.51
1639587563, 2, 209, 230, 126, 0, 0.47%, 23, 0, 11, 1288.66
1639587568, 2, 212, 231, 126, 0, 0.47%, 23, 0, 11, 1277.67
1639587573, 2, 215, 233, 127, 0, 0.47%, 23, 0, 12, 1370.79
1639587578, 2, 216, 233, 126, 0, 0.47%, 23, 0, 12, 1304.69
1639587583, 2, 219, 233, 125, 0, 0.47%, 23, 0, 12, 1281.46
1639587589, 2, 223, 235, 124, 0, 0.47%, 23, 0, 12, 1300.67
1639587594, 3, 19, 235, 122, 0, 0.47%, 23, 0, 12, 1330.78
1639587599, 3, 41, 235, 118, 0, 0.47%, 23, 0, 12, 1295.83
1639587604, 3, 60, 235, 114, 0, 0.47%, 23, 0, 12, 1324.34
1639587609, 3, 77, 235, 111, 0, 0.47%, 23, 0, 12, 1321.26
