# unix_time, cycles_done, cur_path, paths_total, pending_total, pending_favs, map_size, unique_crashes, unique_hangs, max_depth, execs_per_sec
1639551946, 0, 0, 1, 1, 1, 0.12%, 0, 0, 1, 1600.00
1639551951, 0, 0, 90, 90, 1, 0.42%, 3, 0, 2, 1447.34
1639551956, 0, 14, 115, 109, 36, 0.43%, 4, 0, 3, 1450.81
1639551961, 0, 27, 132, 118, 34, 0.43%, 8, 0, 3, 1405.34
1639551966, 0, 47, 146, 124, 28, 0.44%, 8, 0, 3, 1438.77
1639551971, 0, 63, 162, 132, 20, 0.45%, 9, 0, 3, 1451.16
1639551976, 0, 113, 164, 124, 11, 0.45%, 11, 0, 3, 1442.02
1639551981, 0, 118, 174, 133, 12, 0.50%, 12, 0, 4, 1426.38
1639551986, 0, 137, 183, 137, 15, 0.51%, 13, 0, 4, 1408.33
1639551991, 0, 154, 184, 135, 13, 0.51%, 13, 0, 4, 1404.79
1639551996, 0, 165, 191, 139, 10, 0.51%, 13, 0, 5, 1414.32
1639552001, 0, 171, 198, 143, 9, 0.52%, 14, 0, 5, 1434.79
1639552006, 0, 171, 205, 150, 9, 0.53%, 14, 0, 5, 1434.20
1639552011, 0, 185, 207, 148, 14, 0.54%, 14, 0, 5, 1405.38
1639552016, 0, 186, 209, 149, 13, 0.54%, 14, 0, 6, 1447.64
1639552021, 0, 189, 214, 153, 12, 0.54%, 14, 0, 6, 1440.00
1639552027, 0, 192, 219, 156, 11, 0.54%, 14, 0, 6, 1430.53
1639552032, 0, 200, 221, 154, 7, 0.54%, 14, 0, 6, 1450.41
1639552037, 0, 203, 223, 153, 5, 0.54%, 14, 0, 6, 1444.28
1639552042, 0, 214, 229, 157, 3, 0.54%, 14, 0, 7, 1431.14
1639552047, 1, 31, 234, 158, 1, 0.54%, 14, 0, 7, 1438.40
1639552052, 1, 203, 235, 157, 0, 0.54%, 14, 0, 7, 1466.02
1639552057, 1, 218, 237, 159, 0, 0.54%, 14, 0, 7, 1435.97
1639552062, 1, 219, 239, 160, 0, 0.54%, 14, 0, 7, 1457.24
1639552067, 1, 235, 240, 160, 0, 0.54%, 14, 0, 7, 1457.55
1639552072, 1, 235, 242, 162, 0, 0.55%, 14, 0, 7, 1449.87
1639552077, 1, 239, 243, 162, 2, 0.55%, 14, 0, 8, 1460.69
1639552082, 1, 243, 245, 162, 1, 0.55%, 14, 0, 8, 1463.46
1639552087, 2, 21, 246, 161, 0, 0.55%, 14, 0, 8, 1446.43
1639552093, 2, 50, 247, 159, 0, 0.55%, 14, 0, 8, 1442.14
1639552098, 2, 82, 248, 154, 0, 0.55%, 14, 0, 8, 1448.81
1639552103, 2, 112, 249, 150, 0, 0.55%, 14, 0, 8, 1440.98
1639552108, 2, 133, 250, 148, 0, 0.55%, 14, 0, 8, 1431.55
1639552113, 2, 240, 253, 150, 1, 0.55%, 14, 0, 8, 1452.15
1639552118, 2, 253, 256, 152, 1, 0.55%, 14, 0, 8, 1446.50
1639552123, 2, 254, 259, 154, 0, 0.55%, 14, 0, 8, 1469.92
1639552128, 2, 257, 263, 157, 0, 0.55%, 14, 0, 8, 1448.94
1639552133, 3, 8, 264, 155, 0, 0.55%, 14, 0, 8, 1450.57
1639552138, 3, 41, 265, 155, 0, 0.55%, 14, 0, 8, 1452.74
1639552143, 3, 71, 265, 150, 0, 0.55%, 14, 0, 8, 1473.37
1639552148, 3, 108, 265, 144, 0, 0.55%, 14, 0, 8, 1468.49
1639552154, 3, 132, 265, 139, 0, 0.55%, 14, 0, 8, 2068.00
1639552159, 3, 166, 267, 137, 0, 0.55%, 14, 0, 8, 1635.41
1639552164, 3, 179, 267, 134, 0, 0.55%, 14, 0, 8, 1454.01
1639552169, 3, 182, 268, 135, 0, 0.55%, 14, 0, 8, 1391.03
1639552174, 3, 186, 270, 136, 0, 0.55%, 14, 0, 8, 1418.15
1639552179, 3, 192, 270, 135, 0, 0.55%, 14, 0, 8, 1432.27
1639552184, 3, 198, 270, 135, 0, 0.55%, 14, 0, 8, 1439.77
1639552189, 3, 203, 270, 135, 0, 0.55%, 14, 0, 8, 1417.72
1639552194, 3, 208, 274, 138, 0, 0.55%, 14, 0, 8, 1420.04
1639552199, 3, 221, 277, 139, 0, 0.55%, 14, 0, 8, 1430.06
1639552204, 3, 230, 278, 138, 0, 0.55%, 14, 0, 8, 1364.43
1639552209, 3, 239, 278, 136, 0, 0.55%, 14, 0, 8, 1312.23
1639552214, 3, 242, 278, 135, 0, 0.55%, 14, 0, 8, 1278.00
1639552219, 3, 243, 278, 134, 0, 0.55%, 14, 0, 8, 1392.77
1639552224, 3, 244, 278, 134, 0, 0.55%, 14, 0, 8, 1442.72
1639552229, 4, 11, 278, 131, 0, 0.55%, 14, 0, 8, 1458.05
1639552234, 4, 34, 278, 129, 0, 0.55%, 14, 0, 8, 1455.65
1639552240, 4, 66, 278, 126, 0, 0.55%, 14, 0, 8, 1432.96
1639552245, 4, 109, 278, 124, 0, 0.55%, 14, 0, 8, 1432.65
