# unix_time, cycles_done, cur_path, paths_total, pending_total, pending_favs, map_size, unique_crashes, unique_hangs, max_depth, execs_per_sec
1639590326, 0, 0, 1, 1, 1, 0.12%, 0, 0, 1, 470.59
1639590332, 0, 0, 76, 76, 1, 0.42%, 2, 0, 2, 815.54
1639590337, 0, 5, 95, 94, 41, 0.44%, 3, 0, 2, 973.70
1639590342, 0, 12, 106, 102, 39, 0.47%, 4, 0, 3, 1075.50
1639590347, 0, 19, 123, 115, 36, 0.49%, 4, 0, 3, 1324.70
1639590352, 0, 66, 145, 117, 23, 0.52%, 4, 0, 3, 2111.38
1639590357, 0, 103, 167, 128, 16, 0.54%, 4, 0, 4, 2152.18
1639590362, 0, 131, 176, 132, 12, 0.55%, 4, 0, 4, 2128.81
1639590368, 0, 161, 192, 141, 9, 0.56%, 4, 0, 4, 2054.23
1639590373, 0, 172, 200, 146, 9, 0.57%, 4, 0, 5, 2157.76
1639590378, 0, 182, 206, 148, 6, 0.57%, 4, 0, 5, 2318.84
1639590383, 0, 205, 215, 152, 5, 0.58%, 4, 0, 6, 2413.86
1639590388, 0, 217, 222, 155, 2, 0.61%, 5, 0, 7, 2453.83
1639590393, 0, 219, 227, 158, 5, 0.62%, 5, 0, 8, 2364.55
1639590398, 0, 226, 230, 156, 4, 0.63%, 5, 0, 9, 2312.23
1639590403, 1, 42, 233, 152, 0, 0.63%, 5, 0, 10, 2308.34
1639590408, 2, 16, 235, 146, 0, 0.63%, 9, 0, 10, 2340.07
1639590414, 2, 85, 235, 138, 0, 0.63%, 9, 0, 10, 2374.63
1639590419, 2, 123, 235, 128, 0, 0.63%, 9, 0, 10, 2239.99
1639590424, 2, 157, 238, 125, 0, 0.63%, 10, 0, 10, 2142.21
1639590429, 2, 175, 238, 122, 0, 0.63%, 10, 0, 10, 2100.98
1639590434, 2, 241, 244, 126, 0, 0.63%, 10, 0, 10, 2071.01
1639590439, 2, 243, 246, 126, 0, 0.63%, 10, 0, 10, 1944.33
1639590444, 3, 37, 248, 122, 0, 0.63%, 10, 0, 10, 1895.65
1639590450, 3, 88, 249, 118, 0, 0.63%, 10, 0, 10, 1870.17
1639590455, 3, 136, 250, 112, 0, 0.63%, 10, 0, 10, 1966.96
1639590460, 3, 163, 250, 107, 0, 0.63%, 10, 0, 10, 2130.75
1639590465, 4, 36, 251, 103, 0, 0.63%, 10, 0, 10, 2180.26
1639590470, 4, 92, 251, 97, 0, 0.63%, 10, 0, 10, 2233.70
1639590475, 4, 251, 255, 100, 1, 0.64%, 10, 0, 10, 2237.95
1639590481, 4, 254, 260, 104, 0, 0.64%, 10, 0, 10, 1453.45
1639590491, 4, 258, 261, 104, 0, 0.64%, 10, 0, 10, 1436.58
1639590496, 5, 19, 264, 106, 0, 0.64%, 10, 0, 10, 1439.21
1639590501, 5, 71, 264, 104, 0, 0.64%, 10, 0, 10, 1387.42
1639590506, 5, 115, 264, 103, 0, 0.64%, 10, 0, 10, 1385.09
1639590511, 5, 265, 268, 106, 1, 0.64%, 11, 0, 10, 1419.19
1639590516, 5, 265, 269, 107, 1, 0.64%, 11, 0, 10, 1371.05
1639590521, 5, 268, 269, 106, 1, 0.64%, 11, 0, 10, 1348.62
1639590526, 5, 268, 270, 107, 1, 0.64%, 11, 0, 10, 1345.49
1639590531, 5, 269, 270, 106, 0, 0.64%, 11, 0, 10, 252.89
1639590536, 5, 269, 272, 108, 0, 0.64%, 11, 0, 10, 1485.28
1639590541, 5, 270, 273, 108, 0, 0.64%, 11, 0, 10, 1321.57
1639590546, 5, 270, 274, 109, 0, 0.64%, 11, 0, 10, 1292.92
1639590551, 5, 271, 275, 109, 0, 0.64%, 11, 0, 10, 1237.60
1639590556, 5, 272, 275, 108, 0, 0.64%, 11, 0, 10, 1210.05
1639590561, 5, 273, 275, 107, 0, 0.64%, 11, 0, 10, 1192.24
1639590567, 6, 19, 275, 105, 0, 0.64%, 12, 0, 10, 1235.37
1639590572, 6, 65, 275, 101, 0, 0.64%, 12, 0, 10, 1225.38
1639590577, 6, 85, 275, 97, 0, 0.64%, 12, 0, 10, 1261.31
1639590582, 6, 115, 275, 94, 0, 0.64%, 12, 0, 10, 1245.96
1639590587, 6, 153, 275, 92, 0, 0.64%, 12, 0, 10, 1262.71
1639590592, 6, 169, 276, 89, 0, 0.64%, 12, 0, 10, 1292.83
1639590597, 6, 175, 276, 88, 0, 0.64%, 12, 0, 10, 1325.23
1639590602, 6, 187, 276, 87, 0, 0.64%, 12, 0, 10, 1330.10
1639590607, 6, 193, 277, 87, 0, 0.64%, 12, 0, 10, 1347.32
1639590612, 6, 277, 290, 98, 1, 0.66%, 12, 0, 10, 1406.26
1639590617, 6, 277, 291, 99, 1, 0.66%, 12, 0, 10, 1436.08
1639590622, 6, 282, 300, 107, 4, 0.66%, 13, 0, 10, 1419.36
