# unix_time, cycles_done, cur_path, paths_total, pending_total, pending_favs, map_size, unique_crashes, unique_hangs, max_depth, execs_per_sec
1639444720, 0, 0, 1, 1, 1, 0.12%, 0, 0, 1, 1600.00
1639444725, 0, 0, 76, 76, 1, 0.46%, 4, 0, 2, 1445.16
1639444730, 0, 9, 112, 110, 41, 0.50%, 4, 0, 3, 1423.84
1639444735, 0, 22, 132, 125, 39, 0.51%, 7, 0, 3, 1411.87
1639444740, 0, 31, 141, 131, 37, 0.51%, 7, 0, 3, 1439.51
1639444745, 0, 46, 150, 131, 28, 0.51%, 7, 0, 3, 1438.63
1639444750, 0, 90, 174, 142, 21, 0.54%, 8, 0, 3, 2157.21
1639444755, 0, 140, 178, 139, 15, 0.57%, 9, 0, 4, 1557.23
1639444761, 0, 157, 188, 145, 12, 0.58%, 10, 0, 4, 1433.51
1639444766, 0, 161, 193, 148, 16, 0.60%, 10, 0, 4, 1441.16
1639444771, 0, 175, 198, 147, 13, 0.60%, 10, 0, 4, 1421.61
1639444776, 0, 182, 203, 149, 11, 0.60%, 10, 0, 5, 1445.48
1639444781, 0, 190, 207, 149, 8, 0.63%, 10, 0, 5, 1445.63
1639444786, 0, 190, 210, 152, 8, 0.63%, 10, 0, 5, 1436.93
1639444791, 0, 196, 215, 156, 11, 0.64%, 10, 0, 5, 1425.01
1639444796, 0, 197, 223, 163, 13, 0.64%, 10, 0, 5, 1416.42
1639444801, 0, 205, 229, 166, 12, 0.64%, 10, 0, 6, 1424.67
1639444806, 0, 206, 232, 168, 13, 0.65%, 10, 0, 6, 1420.61
1639444811, 0, 212, 234, 166, 9, 0.65%, 10, 0, 6, 1431.57
1639444816, 0, 226, 238, 167, 6, 0.65%, 10, 0, 6, 1428.69
1639444821, 0, 230, 242, 169, 4, 0.67%, 10, 0, 7, 1411.55
1639444826, 0, 239, 244, 169, 5, 0.67%, 10, 0, 7, 1427.21
1639444831, 0, 240, 254, 178, 4, 0.70%, 10, 0, 8, 1434.47
1639444837, 0, 246, 257, 178, 10, 0.70%, 10, 0, 9, 1438.91
1639444842, 0, 248, 258, 177, 9, 0.70%, 10, 0, 9, 1438.56
1639444847, 0, 252, 258, 174, 6, 0.70%, 10, 0, 9, 1426.36
1639444852, 0, 253, 259, 174, 5, 0.70%, 10, 0, 9, 1440.37
1639444857, 0, 260, 262, 175, 5, 0.71%, 10, 0, 10, 1442.94
1639444862, 0, 261, 266, 178, 5, 0.71%, 10, 0, 11, 1438.65
1639444867, 1, 112, 266, 172, 0, 0.71%, 10, 0, 11, 1442.89
1639444872, 1, 149, 266, 167, 0, 0.71%, 10, 0, 11, 1431.70
1639444877, 1, 175, 267, 164, 0, 0.71%, 10, 0, 11, 1433.06
1639444882, 1, 265, 269, 165, 1, 0.74%, 11, 0, 12, 1429.42
1639444887, 1, 267, 274, 169, 1, 0.75%, 11, 0, 12, 1426.99
1639444893, 1, 269, 274, 168, 5, 0.75%, 11, 0, 12, 1432.68
1639444898, 1, 270, 274, 167, 4, 0.75%, 11, 0, 12, 1429.67
1639444903, 1, 271, 274, 166, 3, 0.75%, 11, 0, 12, 1429.97
1639444908, 1, 272, 275, 166, 2, 0.75%, 11, 0, 12, 1431.95
1639444913, 1, 272, 278, 169, 2, 0.75%, 11, 0, 12, 1440.76
1639444918, 1, 276, 283, 172, 2, 0.75%, 11, 0, 12, 1419.77
1639444923, 1, 276, 288, 177, 2, 0.77%, 11, 0, 12, 1439.65
1639444928, 1, 282, 294, 182, 5, 0.77%, 11, 0, 12, 1407.20
1639444933, 1, 283, 297, 184, 5, 0.77%, 11, 0, 12, 1435.14
1639444938, 1, 284, 297, 183, 5, 0.77%, 11, 0, 12, 1377.66
1639444943, 1, 286, 300, 185, 4, 0.77%, 11, 0, 12, 1417.95
1639444948, 1, 287, 304, 188, 3, 0.77%, 11, 0, 12, 1425.72
1639444958, 1, 293, 306, 189, 2, 0.77%, 11, 0, 12, 1427.00
1639444963, 1, 296, 307, 189, 1, 0.77%, 11, 0, 12, 1434.01
1639444968, 1, 298, 308, 189, 0, 0.77%, 11, 0, 12, 1404.41
1639444973, 2, 24, 308, 183, 0, 0.77%, 11, 0, 12, 1422.93
1639444979, 2, 261, 312, 183, 2, 0.77%, 11, 0, 12, 1410.97
1639444984, 2, 311, 312, 182, 1, 0.77%, 11, 0, 12, 1412.92
1639444989, 2, 312, 313, 182, 0, 0.77%, 11, 0, 12, 1391.41
1639444994, 3, 30, 313, 178, 0, 0.77%, 12, 0, 12, 1360.98
1639444999, 3, 50, 313, 177, 0, 0.77%, 12, 0, 12, 1393.74
1639445004, 3, 87, 313, 171, 0, 0.77%, 12, 0, 12, 1410.96
1639445009, 3, 103, 314, 168, 0, 0.78%, 12, 0, 12, 1422.11
1639445014, 4, 58, 316, 166, 1, 0.78%, 12, 0, 12, 1393.72
1639445019, 5, 5, 319, 166, 0, 0.78%, 12, 0, 12, 1401.22
