# unix_time, cycles_done, cur_path, paths_total, pending_total, pending_favs, map_size, unique_crashes, unique_hangs, max_depth, execs_per_sec
1639439291, 0, 0, 1, 1, 1, 0.12%, 0, 0, 1, 1000.00
1639439297, 0, 0, 73, 73, 1, 0.42%, 4, 0, 2, 1325.13
1639439302, 0, 11, 106, 103, 34, 0.47%, 6, 0, 3, 1399.28
1639439307, 0, 26, 120, 112, 35, 0.48%, 6, 0, 3, 1436.25
1639439312, 0, 44, 135, 116, 29, 0.49%, 6, 0, 3, 1445.60
1639439317, 0, 58, 143, 116, 22, 0.51%, 6, 0, 3, 1455.13
1639439322, 0, 76, 164, 132, 18, 0.53%, 7, 0, 3, 1441.39
1639439327, 0, 104, 174, 136, 16, 0.54%, 7, 0, 4, 1443.22
1639439332, 0, 137, 178, 136, 12, 0.54%, 8, 0, 4, 1457.25
1639439337, 0, 171, 179, 129, 6, 0.54%, 9, 0, 4, 1451.01
1639439342, 0, 177, 180, 127, 3, 0.54%, 9, 0, 5, 1456.05
1639439347, 1, 23, 181, 123, 0, 0.54%, 9, 0, 5, 1431.40
1639439352, 1, 44, 181, 120, 0, 0.54%, 9, 0, 5, 1445.76
1639439358, 1, 182, 185, 121, 1, 0.55%, 9, 0, 5, 1454.90
1639439363, 1, 182, 194, 130, 1, 0.57%, 9, 0, 5, 1470.79
1639439368, 1, 186, 206, 140, 12, 0.61%, 9, 0, 5, 1448.59
1639439373, 1, 191, 208, 140, 11, 0.61%, 9, 0, 5, 1454.95
1639439378, 1, 191, 211, 143, 11, 0.61%, 9, 0, 5, 1470.01
1639439383, 1, 195, 215, 145, 11, 0.62%, 9, 0, 5, 1458.46
1639439388, 1, 197, 217, 146, 10, 0.62%, 9, 0, 5, 1461.37
1639439393, 1, 199, 222, 150, 10, 0.63%, 9, 0, 5, 1465.70
1639439398, 1, 200, 222, 149, 11, 0.63%, 9, 0, 5, 1463.10
1639439403, 1, 202, 222, 147, 9, 0.63%, 9, 0, 5, 1473.57
1639439408, 1, 206, 223, 146, 7, 0.63%, 10, 0, 6, 1467.14
1639439413, 1, 210, 223, 145, 6, 0.63%, 10, 0, 6, 1453.52
1639439418, 1, 217, 229, 149, 4, 0.63%, 10, 0, 6, 1435.94
1639439423, 1, 218, 231, 150, 5, 0.63%, 10, 0, 6, 1455.71
1639439428, 1, 221, 233, 150, 5, 0.66%, 10, 0, 6, 1464.02
1639439433, 1, 223, 236, 152, 4, 0.66%, 10, 0, 7, 1453.20
1639439438, 1, 230, 243, 158, 5, 0.67%, 10, 0, 7, 1425.91
1639439444, 1, 231, 254, 168, 9, 0.69%, 10, 0, 7, 1436.44
1639439449, 1, 232, 258, 171, 18, 0.70%, 10, 0, 7, 1433.78
1639439454, 1, 234, 259, 171, 17, 0.70%, 10, 0, 8, 1464.30
1639439459, 1, 237, 261, 171, 16, 0.70%, 10, 0, 8, 1472.81
1639439464, 1, 239, 263, 172, 15, 0.70%, 10, 0, 8, 1456.60
1639439469, 1, 241, 268, 176, 14, 0.70%, 10, 0, 8, 1448.65
1639439479, 1, 242, 271, 178, 14, 0.70%, 10, 0, 8, 1409.09
1639439484, 1, 247, 271, 176, 12, 0.70%, 10, 0, 8, 1443.42
1639439489, 1, 249, 274, 178, 11, 0.71%, 10, 0, 8, 1455.36
1639439494, 1, 250, 275, 178, 12, 0.71%, 10, 0, 8, 1455.30
1639439499, 1, 252, 275, 176, 10, 0.71%, 10, 0, 8, 1432.42
1639439504, 1, 254, 275, 174, 8, 0.71%, 10, 0, 8, 1455.72
1639439509, 1, 256, 277, 174, 6, 0.71%, 10, 0, 8, 1455.05
1639439514, 1, 257, 277, 173, 5, 0.71%, 10, 0, 8, 1459.00
1639439519, 1, 258, 279, 174, 4, 0.71%, 10, 0, 9, 1454.49
1639439530, 1, 272, 280, 173, 2, 0.71%, 10, 0, 9, 1432.95
1639439535, 1, 274, 281, 173, 1, 0.71%, 10, 0, 9, 1438.18
1639439545, 1, 276, 285, 176, 0, 0.71%, 10, 0, 9, 1448.04
1639439555, 1, 284, 286, 176, 0, 0.71%, 10, 0, 10, 1458.19
1639439560, 2, 25, 287, 171, 0, 0.71%, 10, 0, 10, 1463.69
1639439565, 2, 50, 288, 171, 0, 0.71%, 11, 0, 10, 1441.62
1639439570, 2, 174, 292, 167, 1, 0.71%, 12, 0, 10, 2134.29
1639439575, 3, 24, 294, 165, 0, 0.71%, 12, 0, 10, 1564.40
1639439581, 3, 50, 294, 164, 0, 0.71%, 12, 0, 10, 1484.37
1639439586, 3, 83, 294, 160, 0, 0.71%, 12, 0, 10, 1450.04
1639439591, 3, 122, 294, 156, 0, 0.71%, 12, 0, 10, 1469.40
