# unix_time, cycles_done, cur_path, paths_total, pending_total, pending_favs, map_size, unique_crashes, unique_hangs, max_depth, execs_per_sec
1639449846, 0, 0, 1, 1, 1, 0.12%, 0, 0, 1, 1600.00
1639449851, 0, 0, 77, 77, 1, 0.45%, 2, 0, 2, 1480.11
1639449856, 0, 2, 98, 97, 39, 0.48%, 4, 0, 3, 1460.11
1639449861, 0, 4, 108, 105, 39, 0.50%, 4, 0, 3, 1466.38
1639449866, 0, 18, 126, 118, 40, 0.52%, 4, 0, 3, 1464.05
1639449872, 0, 58, 134, 110, 25, 0.52%, 4, 0, 3, 1441.67
1639449877, 0, 61, 147, 122, 24, 0.54%, 4, 0, 3, 1474.08
1639449882, 0, 66, 154, 125, 27, 0.54%, 5, 0, 3, 1444.06
1639449887, 0, 69, 161, 129, 28, 0.55%, 5, 0, 3, 1454.24
1639449892, 0, 106, 165, 124, 19, 0.56%, 5, 0, 3, 1470.86
1639449897, 0, 111, 172, 128, 17, 0.57%, 5, 0, 4, 1465.48
1639449902, 0, 139, 180, 130, 14, 0.57%, 5, 0, 4, 1463.10
1639449907, 0, 141, 186, 135, 14, 0.57%, 5, 0, 4, 1466.53
1639449912, 0, 159, 195, 137, 11, 0.64%, 6, 0, 4, 1433.93
1639449917, 0, 176, 196, 133, 9, 0.64%, 7, 0, 5, 1449.47
1639449922, 0, 189, 202, 137, 7, 0.64%, 7, 0, 5, 1474.73
1639449927, 0, 190, 206, 140, 7, 0.65%, 7, 0, 5, 1475.99
1639449932, 0, 194, 207, 137, 6, 0.65%, 7, 0, 5, 1476.25
1639449937, 0, 203, 210, 137, 5, 0.66%, 7, 0, 6, 1477.11
1639449943, 0, 207, 214, 139, 3, 0.66%, 7, 0, 7, 1468.15
1639449948, 0, 209, 219, 143, 2, 0.67%, 8, 0, 7, 1471.27
1639449953, 0, 215, 220, 143, 5, 0.67%, 8, 0, 8, 1480.88
1639449958, 0, 218, 222, 143, 2, 0.67%, 8, 0, 8, 1473.98
1639449963, 0, 224, 240, 159, 4, 0.68%, 8, 0, 10, 2227.16
1639449968, 0, 225, 243, 161, 5, 0.68%, 8, 0, 10, 1634.02
1639449973, 0, 237, 247, 163, 3, 0.69%, 8, 0, 11, 1450.00
1639449978, 0, 237, 257, 173, 3, 0.70%, 8, 0, 11, 1429.11
1639449983, 0, 248, 268, 183, 4, 0.72%, 8, 0, 12, 1399.51
1639449988, 0, 256, 269, 182, 8, 0.72%, 8, 0, 12, 1442.11
1639449994, 0, 256, 273, 186, 8, 0.72%, 8, 0, 12, 1439.92
1639449999, 0, 263, 275, 186, 8, 0.72%, 8, 0, 13, 1356.69
1639450004, 0, 264, 275, 185, 7, 0.72%, 8, 0, 13, 1387.54
1639450009, 0, 268, 278, 186, 5, 0.72%, 8, 0, 13, 1433.80
1639450014, 0, 269, 282, 189, 6, 0.73%, 8, 0, 13, 1447.97
1639450019, 0, 280, 288, 193, 4, 0.73%, 8, 0, 14, 1453.06
1639450024, 0, 280, 294, 199, 4, 0.73%, 8, 0, 14, 1446.55
1639450029, 1, 262, 296, 195, 1, 0.73%, 8, 0, 14, 1452.35
1639450034, 1, 265, 298, 196, 0, 0.73%, 8, 0, 14, 1450.77
1639450039, 1, 269, 298, 196, 0, 0.73%, 8, 0, 14, 1397.40
1639450044, 1, 273, 299, 197, 0, 0.73%, 8, 0, 14, 1411.65
1639450050, 1, 276, 299, 195, 0, 0.73%, 8, 0, 14, 1426.47
1639450055, 1, 280, 299, 193, 0, 0.73%, 8, 0, 14, 1443.32
1639450060, 1, 299, 300, 194, 1, 0.73%, 8, 0, 14, 1437.62
1639450065, 2, 249, 302, 194, 1, 0.73%, 8, 0, 15, 1441.51
1639450070, 2, 301, 304, 194, 1, 0.73%, 9, 0, 15, 1458.50
1639450075, 3, 47, 304, 190, 0, 0.73%, 9, 0, 15, 1468.05
1639450080, 3, 75, 304, 185, 0, 0.73%, 9, 0, 15, 1454.67
1639450085, 3, 98, 305, 179, 0, 0.73%, 9, 0, 15, 1450.64
1639450090, 3, 306, 309, 180, 1, 0.74%, 10, 0, 15, 1459.66
1639450095, 3, 306, 322, 193, 1, 0.76%, 10, 0, 15, 1468.99
1639450100, 3, 313, 326, 195, 6, 0.76%, 10, 0, 15, 1468.70
1639450105, 3, 314, 329, 197, 6, 0.76%, 10, 0, 15, 1463.47
1639450110, 3, 316, 331, 197, 4, 0.76%, 10, 0, 15, 1462.71
1639450115, 3, 316, 335, 201, 4, 0.76%, 10, 0, 15, 1448.00
1639450121, 3, 324, 338, 202, 3, 0.76%, 10, 0, 15, 1482.25
1639450126, 3, 325, 341, 204, 2, 0.76%, 10, 0, 15, 1463.55
1639450131, 3, 335, 343, 205, 1, 0.76%, 10, 0, 15, 1465.68
1639450136, 3, 340, 343, 204, 0, 0.76%, 10, 0, 15, 1484.20
1639450141, 4, 18, 344, 203, 0, 0.76%, 11, 0, 15, 1476.11
1639450146, 4, 64, 345, 202, 0, 0.76%, 11, 0, 15, 1469.67
