# unix_time, cycles_done, cur_path, paths_total, pending_total, pending_favs, map_size, unique_crashes, unique_hangs, max_depth, execs_per_sec
1639483638, 0, 0, 834, 834, 97, 0.91%, 0, 0, 1, 1277.43
1639483643, 0, 92, 834, 823, 86, 0.91%, 4, 0, 1, 1358.89
1639483648, 0, 186, 834, 811, 74, 0.91%, 5, 0, 1, 1382.99
1639483653, 0, 249, 834, 800, 64, 0.91%, 7, 0, 1, 1395.11
1639483658, 0, 356, 834, 790, 55, 0.91%, 8, 0, 1, 1367.97
1639483663, 0, 425, 834, 782, 47, 0.91%, 8, 0, 1, 1386.97
1639483668, 0, 506, 834, 774, 39, 0.91%, 9, 0, 1, 1390.58
1639483673, 0, 603, 834, 763, 28, 0.91%, 9, 0, 1, 1568.59
1639483678, 0, 667, 834, 754, 20, 0.91%, 9, 0, 1, 1441.67
1639483683, 0, 746, 834, 745, 12, 0.91%, 10, 0, 1, 1424.65
1639483688, 0, 824, 834, 735, 2, 0.91%, 11, 0, 1, 1395.22
1639483694, 1, 35, 834, 728, 0, 0.91%, 11, 0, 1, 1402.47
1639483699, 1, 60, 834, 723, 0, 0.91%, 11, 0, 1, 1398.55
1639483704, 1, 92, 834, 715, 0, 0.91%, 11, 0, 1, 1416.43
1639483709, 1, 125, 834, 709, 0, 0.91%, 11, 0, 1, 1380.98
1639483714, 1, 145, 834, 703, 0, 0.91%, 11, 0, 1, 1403.08
1639483719, 1, 181, 834, 697, 0, 0.91%, 11, 0, 1, 1394.43
1639483725, 1, 212, 834, 692, 0, 0.91%, 11, 0, 1, 1409.36
1639483730, 1, 234, 834, 686, 0, 0.91%, 12, 0, 1, 1404.37
1639483735, 1, 265, 834, 680, 0, 0.91%, 12, 0, 1, 1385.71
1639483740, 1, 308, 834, 673, 0, 0.91%, 12, 0, 1, 1402.83
1639483745, 1, 325, 834, 666, 0, 0.91%, 12, 0, 1, 1398.12
1639483751, 1, 368, 834, 657, 0, 0.91%, 12, 0, 1, 1393.60
1639483756, 1, 404, 834, 652, 0, 0.91%, 12, 0, 1, 1408.43
1639483761, 1, 425, 834, 648, 0, 0.91%, 12, 0, 1, 1393.88
1639483766, 1, 451, 834, 642, 0, 0.91%, 12, 0, 1, 1404.97
1639483771, 1, 469, 834, 636, 0, 0.91%, 12, 0, 1, 1394.59
1639483776, 1, 495, 834, 629, 0, 0.91%, 12, 0, 1, 1420.49
1639483781, 1, 526, 834, 624, 0, 0.91%, 12, 0, 1, 1408.26
1639483786, 1, 556, 834, 617, 0, 0.91%, 12, 0, 1, 1417.63
1639483792, 1, 582, 834, 609, 0, 0.91%, 12, 0, 1, 1413.81
1639483797, 1, 601, 834, 603, 0, 0.91%, 12, 0, 1, 1418.41
1639483802, 1, 617, 834, 600, 0, 0.91%, 12, 0, 1, 1407.85
1639483807, 1, 649, 834, 595, 0, 0.91%, 12, 0, 1, 1415.28
1639483812, 1, 682, 834, 589, 0, 0.91%, 12, 0, 1, 1424.71
1639483817, 1, 713, 834, 581, 0, 0.91%, 13, 0, 1, 1413.27
1639483822, 1, 749, 834, 578, 0, 0.91%, 13, 0, 1, 1415.54
1639483827, 1, 772, 834, 572, 0, 0.91%, 13, 0, 1, 1408.42
1639483832, 1, 791, 834, 568, 0, 0.91%, 13, 0, 1, 1367.64
1639483832, 1, 795, 834, 567, 0, 0.91%, 13, 0, 1, 0.00
1639483837, 1, 817, 834, 560, 0, 0.91%, 13, 0, 1, 1389.06
1639483842, 2, 18, 834, 555, 0, 0.91%, 13, 0, 1, 1387.24
1639483847, 2, 45, 834, 550, 0, 0.91%, 13, 0, 1, 1384.80
1639483853, 2, 77, 834, 543, 0, 0.91%, 13, 0, 1, 1398.92
1639483858, 2, 102, 834, 538, 0, 0.91%, 13, 0, 1, 1416.43
1639483863, 2, 135, 834, 533, 0, 0.91%, 13, 0, 1, 2583.99
1639483868, 2, 152, 834, 530, 0, 0.91%, 13, 0, 1, 820.81
1639483873, 2, 182, 834, 525, 0, 0.91%, 13, 0, 1, 1389.75
1639483878, 2, 204, 834, 520, 0, 0.91%, 13, 0, 1, 1401.03
1639483883, 2, 251, 834, 514, 0, 0.91%, 13, 0, 1, 1391.28
1639483888, 2, 274, 834, 509, 0, 0.91%, 13, 0, 1, 1402.62
1639483893, 2, 296, 834, 504, 0, 0.91%, 13, 0, 1, 1391.15
1639483898, 2, 355, 834, 499, 0, 0.91%, 13, 0, 1, 1404.25
1639483904, 2, 386, 834, 493, 0, 0.91%, 13, 0, 1, 1415.90
1639483909, 2, 414, 834, 489, 0, 0.91%, 13, 0, 1, 1415.36
1639483914, 2, 439, 834, 487, 0, 0.91%, 13, 0, 1, 1401.68
1639483919, 2, 480, 834, 483, 0, 0.91%, 13, 0, 1, 1400.19
1639483924, 2, 515, 834, 478, 0, 0.91%, 13, 0, 1, 1435.58
1639483929, 2, 539, 834, 473, 0, 0.91%, 13, 0, 1, 1415.93
