# unix_time, cycles_done, cur_path, paths_total, pending_total, pending_favs, map_size, unique_crashes, unique_hangs, max_depth, execs_per_sec
1639521180, 0, 0, 1, 1, 1, 0.12%, 0, 0, 1, 1333.33
1639521185, 0, 0, 79, 79, 1, 0.45%, 3, 0, 2, 1390.23
1639521190, 0, 14, 105, 102, 36, 0.49%, 3, 0, 3, 1443.50
1639521196, 0, 19, 117, 111, 36, 0.50%, 4, 0, 3, 1445.71
1639521201, 0, 34, 134, 119, 30, 0.51%, 5, 0, 3, 1451.90
1639521206, 0, 44, 149, 129, 26, 0.51%, 5, 0, 3, 1461.04
1639521211, 0, 64, 158, 129, 18, 0.52%, 5, 0, 3, 1448.87
1639521216, 0, 73, 164, 133, 18, 0.52%, 5, 0, 3, 1421.44
1639521221, 0, 100, 172, 139, 16, 0.54%, 5, 0, 4, 1445.71
1639521226, 0, 123, 180, 140, 15, 0.55%, 5, 0, 4, 1425.10
1639521231, 0, 161, 189, 142, 9, 0.56%, 5, 0, 4, 1395.73
1639521236, 0, 169, 195, 144, 9, 0.57%, 5, 0, 5, 1353.48
1639521242, 0, 177, 198, 144, 7, 0.59%, 6, 0, 5, 1300.21
1639521247, 0, 183, 200, 145, 8, 0.62%, 7, 0, 5, 1283.36
1639521252, 0, 188, 209, 153, 11, 0.65%, 7, 0, 5, 1298.78
1639521257, 0, 190, 214, 157, 13, 0.65%, 7, 0, 5, 1345.55
1639521262, 0, 197, 217, 158, 12, 0.65%, 7, 0, 5, 1395.75
1639521267, 0, 200, 221, 160, 12, 0.66%, 8, 0, 6, 1424.53
1639521272, 0, 202, 225, 163, 13, 0.66%, 8, 0, 6, 1427.64
1639521277, 0, 208, 240, 174, 11, 0.69%, 8, 0, 6, 1412.58
1639521282, 0, 208, 242, 176, 11, 0.70%, 8, 0, 6, 1365.83
1639521287, 0, 212, 249, 182, 15, 0.70%, 9, 0, 6, 1296.08
1639521292, 0, 218, 250, 181, 15, 0.70%, 10, 0, 7, 1314.08
1639521297, 0, 223, 251, 180, 13, 0.70%, 10, 0, 7, 1311.96
1639521302, 0, 231, 254, 181, 11, 0.70%, 10, 0, 7, 1302.94
1639521307, 0, 234, 259, 185, 10, 0.70%, 10, 0, 7, 1303.74
1639521312, 0, 236, 261, 185, 9, 0.70%, 10, 0, 7, 1276.52
1639521317, 0, 245, 263, 183, 5, 0.70%, 10, 0, 7, 1232.39
1639521323, 0, 251, 267, 185, 3, 0.71%, 10, 0, 8, 1311.12
1639521328, 0, 265, 274, 189, 4, 0.71%, 10, 0, 9, 1366.12
1639521333, 1, 25, 274, 186, 1, 0.71%, 10, 0, 9, 1430.09
1639521338, 1, 51, 274, 184, 0, 0.71%, 10, 0, 9, 1440.36
1639521343, 1, 79, 275, 182, 0, 0.71%, 10, 0, 9, 1459.37
1639521348, 1, 118, 275, 175, 0, 0.71%, 10, 0, 9, 1487.30
1639521353, 1, 139, 275, 169, 0, 0.71%, 10, 0, 9, 1412.78
1639521358, 1, 275, 279, 170, 1, 0.75%, 10, 0, 9, 1403.70
1639521363, 1, 276, 279, 169, 3, 0.75%, 11, 0, 9, 1464.89
1639521368, 1, 278, 288, 176, 2, 0.77%, 11, 0, 9, 1442.55
1639521373, 1, 278, 291, 179, 2, 0.78%, 11, 0, 9, 1353.12
1639521378, 1, 280, 293, 179, 9, 0.78%, 11, 0, 9, 1229.97
1639521383, 1, 282, 293, 177, 7, 0.78%, 12, 0, 9, 1189.63
1639521388, 1, 284, 294, 176, 5, 0.78%, 12, 0, 9, 1169.38
1639521393, 1, 286, 295, 175, 3, 0.78%, 12, 0, 9, 1109.69
1639521398, 1, 288, 295, 173, 1, 0.78%, 12, 0, 9, 1113.69
1639521404, 1, 289, 300, 177, 0, 0.78%, 12, 0, 9, 1170.74
1639521409, 1, 297, 303, 179, 1, 0.78%, 12, 0, 9, 1207.03
1639521414, 2, 25, 306, 178, 0, 0.78%, 12, 0, 9, 1272.75
1639521419, 2, 65, 307, 176, 0, 0.78%, 12, 0, 9, 1865.74
1639521424, 2, 108, 309, 173, 0, 0.78%, 12, 0, 9, 1849.00
1639521429, 2, 136, 309, 169, 0, 0.78%, 13, 0, 9, 1331.12
1639521434, 2, 155, 311, 167, 0, 0.78%, 13, 0, 9, 1248.94
1639521439, 2, 166, 314, 168, 0, 0.78%, 13, 0, 9, 1255.81
1639521444, 2, 170, 316, 170, 0, 0.78%, 14, 0, 9, 1277.01
1639521450, 2, 180, 316, 167, 0, 0.78%, 14, 0, 9, 1278.73
1639521455, 2, 315, 318, 168, 1, 0.78%, 14, 0, 9, 1275.77
1639521460, 3, 25, 318, 166, 0, 0.78%, 14, 0, 9, 1300.84
1639521465, 3, 51, 318, 164, 0, 0.78%, 14, 0, 9, 1341.61
1639521470, 3, 81, 318, 162, 0, 0.78%, 14, 0, 9, 1384.90
1639521475, 3, 129, 318, 160, 0, 0.78%, 14, 0, 9, 1436.08
