# unix_time, cycles_done, cur_path, paths_total, pending_total, pending_favs, map_size, unique_crashes, unique_hangs, max_depth, execs_per_sec
1639513200, 0, 0, 636, 636, 93, 0.90%, 0, 0, 1, 1134.70
1639513206, 0, 73, 638, 630, 86, 0.90%, 4, 0, 2, 1325.77
1639513211, 0, 130, 638, 621, 77, 0.90%, 4, 0, 2, 1405.79
1639513216, 0, 208, 639, 611, 66, 0.90%, 4, 0, 2, 1424.80
1639513221, 0, 255, 639, 602, 57, 0.90%, 4, 0, 2, 1439.65
1639513226, 0, 291, 639, 593, 49, 0.90%, 4, 0, 2, 1443.00
1639513231, 0, 376, 639, 582, 39, 0.90%, 5, 0, 2, 1434.93
1639513236, 0, 398, 639, 575, 32, 0.90%, 6, 0, 2, 1439.62
1639513242, 0, 524, 639, 564, 21, 0.90%, 6, 0, 2, 1439.76
1639513247, 0, 571, 639, 556, 13, 0.90%, 7, 0, 2, 1441.09
1639513252, 0, 607, 639, 548, 5, 0.90%, 7, 0, 2, 1432.54
1639513257, 1, 289, 640, 542, 0, 0.90%, 9, 0, 3, 1432.02
1639513262, 1, 330, 640, 536, 0, 0.90%, 9, 0, 3, 1447.48
1639513267, 1, 363, 641, 531, 0, 0.90%, 9, 0, 3, 1437.01
1639513272, 1, 385, 641, 528, 0, 0.90%, 9, 0, 3, 1451.86
1639513277, 1, 402, 641, 525, 0, 0.90%, 10, 0, 3, 1460.11
1639513282, 1, 438, 641, 514, 0, 0.90%, 10, 0, 3, 1462.24
1639513288, 1, 469, 641, 508, 0, 0.90%, 10, 0, 3, 1446.81
1639513293, 1, 500, 641, 501, 0, 0.90%, 10, 0, 3, 1442.87
1639513298, 1, 532, 641, 494, 0, 0.90%, 10, 0, 3, 1450.46
1639513303, 1, 552, 641, 491, 0, 0.90%, 10, 0, 3, 1446.68
1639513308, 1, 576, 641, 486, 0, 0.90%, 10, 0, 3, 1435.26
1639513314, 1, 607, 641, 481, 0, 0.90%, 10, 0, 3, 1439.22
1639513319, 1, 637, 641, 474, 0, 0.90%, 10, 0, 3, 1447.12
1639513324, 2, 49, 641, 468, 0, 0.90%, 11, 0, 3, 1441.70
1639513329, 2, 72, 641, 463, 0, 0.90%, 11, 0, 3, 1421.16
1639513334, 2, 100, 641, 461, 0, 0.90%, 12, 0, 3, 1429.28
1639513339, 2, 119, 641, 454, 0, 0.90%, 12, 0, 3, 1757.83
1639513344, 2, 147, 641, 449, 0, 0.90%, 12, 0, 3, 1475.70
1639513349, 2, 165, 641, 444, 0, 0.90%, 12, 0, 3, 1343.52
1639513354, 2, 194, 641, 438, 0, 0.90%, 12, 0, 3, 1314.28
1639513359, 2, 219, 641, 434, 0, 0.90%, 12, 0, 3, 1319.45
1639513364, 2, 239, 641, 429, 0, 0.90%, 12, 0, 3, 1318.67
1639513369, 2, 260, 641, 424, 0, 0.90%, 12, 0, 3, 1318.69
1639513374, 2, 277, 641, 420, 0, 0.90%, 12, 0, 3, 1376.30
1639513379, 2, 301, 641, 416, 0, 0.90%, 12, 0, 3, 1401.54
1639513384, 2, 328, 642, 411, 0, 0.90%, 14, 0, 3, 1409.54
1639513389, 2, 363, 642, 405, 0, 0.90%, 14, 0, 3, 1433.74
1639513394, 2, 390, 642, 403, 0, 0.90%, 14, 0, 3, 1445.37
1639513399, 2, 414, 642, 398, 0, 0.90%, 14, 0, 3, 1433.30
1639513404, 2, 453, 642, 390, 0, 0.90%, 14, 0, 3, 1405.20
1639513410, 2, 489, 642, 384, 0, 0.90%, 14, 0, 3, 1368.80
1639513415, 2, 512, 642, 377, 0, 0.90%, 14, 0, 3, 1311.66
1639513420, 2, 535, 642, 373, 0, 0.90%, 14, 0, 3, 1321.87
1639513425, 2, 560, 642, 369, 0, 0.90%, 14, 0, 3, 1275.26
1639513430, 2, 574, 642, 366, 0, 0.90%, 14, 0, 3, 1188.51
1639513435, 2, 595, 642, 363, 0, 0.90%, 14, 0, 3, 1152.52
1639513440, 2, 615, 642, 360, 0, 0.90%, 14, 0, 3, 1149.36
1639513445, 3, 1, 642, 356, 0, 0.90%, 14, 0, 3, 1141.02
1639513450, 3, 15, 643, 352, 0, 0.90%, 14, 0, 3, 1267.54
1639513455, 3, 55, 644, 347, 0, 0.90%, 14, 0, 3, 1350.69
1639513460, 3, 86, 644, 345, 0, 0.90%, 14, 0, 3, 1372.25
1639513465, 3, 104, 644, 340, 0, 0.90%, 14, 0, 3, 1362.49
1639513470, 3, 130, 644, 336, 0, 0.90%, 14, 0, 3, 1297.37
1639513476, 3, 156, 644, 331, 0, 0.90%, 15, 0, 3, 1313.32
1639513481, 3, 188, 645, 325, 0, 0.90%, 15, 0, 3, 1329.73
1639513486, 3, 209, 645, 320, 0, 0.90%, 15, 0, 3, 1366.69
1639513491, 3, 257, 645, 317, 0, 0.90%, 15, 0, 3, 1373.35
