# unix_time, cycles_done, cur_path, paths_total, pending_total, pending_favs, map_size, unique_crashes, unique_hangs, max_depth, execs_per_sec
1639441403, 0, 0, 1, 1, 1, 0.12%, 0, 0, 1, 800.00
1639441408, 0, 0, 74, 74, 1, 0.44%, 4, 0, 2, 1320.67
1639441413, 0, 21, 104, 98, 35, 0.47%, 4, 0, 3, 1414.77
1639441418, 0, 37, 124, 107, 25, 0.51%, 5, 0, 3, 1441.81
1639441423, 0, 49, 149, 127, 28, 0.54%, 5, 0, 3, 1426.92
1639441429, 0, 73, 165, 133, 20, 0.55%, 6, 0, 3, 1419.84
1639441434, 0, 82, 178, 143, 19, 0.57%, 7, 0, 4, 1462.47
1639441439, 0, 114, 183, 144, 22, 0.57%, 7, 0, 4, 1467.97
1639441444, 0, 148, 189, 141, 15, 0.58%, 7, 0, 4, 1446.46
1639441449, 0, 169, 197, 143, 10, 0.59%, 8, 0, 5, 1412.49
1639441454, 0, 173, 203, 148, 11, 0.60%, 8, 0, 5, 1409.61
1639441459, 0, 187, 207, 148, 11, 0.61%, 8, 0, 5, 1429.06
1639441464, 0, 191, 211, 150, 10, 0.61%, 8, 0, 5, 1425.83
1639441469, 0, 195, 215, 153, 10, 0.61%, 9, 0, 6, 1410.50
1639441474, 0, 203, 219, 152, 9, 0.62%, 9, 0, 6, 1445.39
1639441479, 0, 208, 227, 158, 8, 0.64%, 9, 0, 6, 1434.16
1639441484, 0, 212, 230, 159, 7, 0.67%, 10, 0, 7, 1440.22
1639441490, 0, 219, 237, 162, 3, 0.68%, 10, 0, 7, 1437.53
1639441495, 0, 219, 238, 163, 3, 0.68%, 10, 0, 7, 1439.03
1639441500, 0, 227, 241, 163, 5, 0.68%, 11, 0, 7, 1462.50
1639441505, 0, 236, 246, 164, 1, 0.68%, 11, 0, 8, 1457.38
1639441510, 1, 35, 247, 161, 0, 0.68%, 11, 0, 8, 1464.34
1639441515, 1, 61, 247, 157, 0, 0.68%, 11, 0, 8, 1439.22
1639441520, 1, 88, 247, 153, 0, 0.68%, 11, 0, 8, 1431.87
1639441525, 1, 104, 247, 143, 0, 0.68%, 12, 0, 8, 1459.41
1639441530, 1, 143, 247, 138, 0, 0.68%, 12, 0, 8, 1448.35
1639441535, 1, 166, 250, 138, 0, 0.68%, 12, 0, 8, 1444.96
1639441540, 1, 173, 252, 137, 0, 0.68%, 12, 0, 8, 1453.48
1639441545, 1, 184, 252, 135, 0, 0.68%, 12, 0, 8, 1445.89
1639441551, 1, 187, 255, 136, 0, 0.68%, 12, 0, 8, 1442.61
1639441556, 1, 195, 255, 135, 0, 0.68%, 12, 0, 8, 1441.42
1639441561, 1, 202, 255, 134, 0, 0.68%, 12, 0, 8, 1455.42
1639441566, 2, 22, 257, 132, 0, 0.68%, 12, 0, 8, 1451.97
1639441571, 2, 44, 258, 130, 0, 0.68%, 12, 0, 8, 1446.11
1639441576, 2, 75, 259, 129, 0, 0.68%, 12, 0, 8, 1438.88
1639441581, 2, 110, 260, 125, 0, 0.68%, 13, 0, 8, 1439.84
1639441587, 2, 136, 260, 117, 0, 0.68%, 13, 0, 8, 1446.41
1639441592, 2, 164, 260, 114, 0, 0.68%, 13, 0, 8, 1460.83
1639441597, 2, 177, 260, 114, 0, 0.68%, 13, 0, 8, 1455.15
1639441602, 2, 187, 260, 111, 0, 0.68%, 13, 0, 8, 1464.57
1639441607, 2, 195, 261, 110, 0, 0.68%, 13, 0, 8, 1424.39
1639441612, 2, 201, 261, 109, 0, 0.68%, 13, 0, 8, 1379.60
1639441617, 2, 206, 262, 109, 0, 0.68%, 13, 0, 8, 1441.84
1639441622, 2, 212, 262, 108, 0, 0.68%, 13, 0, 8, 1446.34
1639441627, 2, 226, 262, 108, 0, 0.68%, 14, 0, 8, 1448.18
1639441632, 2, 233, 263, 107, 0, 0.69%, 14, 0, 8, 1455.73
1639441637, 2, 264, 271, 114, 1, 0.69%, 14, 0, 10, 1426.39
1639441642, 2, 268, 274, 116, 1, 0.69%, 14, 0, 10, 1435.34
1639441647, 2, 268, 276, 118, 1, 0.70%, 14, 0, 11, 1437.37
1639441652, 2, 274, 278, 119, 1, 0.70%, 14, 0, 12, 1451.81
1639441657, 2, 277, 278, 117, 1, 0.70%, 14, 0, 12, 1464.40
1639441662, 2, 278, 287, 125, 8, 0.75%, 14, 0, 14, 1465.04
1639441667, 2, 278, 290, 128, 8, 0.76%, 14, 0, 14, 1449.12
1639441673, 2, 280, 290, 126, 9, 0.76%, 14, 0, 14, 1451.56
1639441678, 2, 282, 292, 126, 8, 0.76%, 14, 0, 14, 1475.54
1639441683, 2, 284, 293, 125, 6, 0.76%, 14, 0, 14, 1454.69
1639441688, 2, 284, 295, 127, 6, 0.76%, 14, 0, 14, 1454.02
1639441693, 2, 286, 295, 125, 5, 0.76%, 14, 0, 14, 1448.23
1639441698, 2, 289, 295, 123, 3, 0.76%, 14, 0, 14, 2026.73
1639441703, 2, 293, 295, 121, 1, 0.76%, 14, 0, 14, 1755.40
