# unix_time, cycles_done, cur_path, paths_total, pending_total, pending_favs, map_size, unique_crashes, unique_hangs, max_depth, execs_per_sec
1639556427, 0, 0, 849, 849, 101, 0.96%, 0, 0, 1, 1239.64
1639556432, 0, 70, 849, 841, 93, 0.96%, 1, 0, 1, 1357.87
1639556437, 0, 169, 849, 831, 83, 0.96%, 4, 0, 1, 1394.61
1639556442, 0, 212, 849, 822, 74, 0.96%, 4, 0, 1, 1417.44
1639556447, 0, 282, 849, 813, 66, 0.96%, 4, 0, 1, 1422.59
1639556452, 0, 355, 849, 801, 54, 0.96%, 4, 0, 1, 1410.63
1639556457, 0, 465, 849, 791, 44, 0.96%, 4, 0, 1, 1405.42
1639556463, 0, 518, 849, 783, 36, 0.96%, 4, 0, 1, 1401.68
1639556468, 0, 616, 849, 773, 27, 0.96%, 4, 0, 1, 1430.51
1639556473, 0, 722, 849, 762, 16, 0.96%, 4, 0, 1, 1627.97
1639556478, 0, 772, 849, 753, 7, 0.96%, 4, 0, 1, 1433.39
1639556483, 1, 5, 849, 745, 0, 0.96%, 5, 0, 1, 1423.88
1639556488, 1, 34, 849, 739, 0, 0.96%, 5, 0, 1, 1306.13
1639556493, 1, 54, 849, 733, 0, 0.96%, 5, 0, 1, 1413.54
1639556498, 1, 80, 849, 728, 0, 0.96%, 5, 0, 1, 1422.67
1639556503, 1, 98, 849, 723, 0, 0.96%, 5, 0, 1, 1429.81
1639556508, 1, 122, 849, 717, 0, 0.96%, 5, 0, 1, 1414.26
1639556513, 1, 149, 849, 709, 0, 0.96%, 5, 0, 1, 1426.36
1639556518, 1, 174, 849, 705, 0, 0.96%, 6, 0, 1, 1410.13
1639556523, 1, 208, 849, 701, 0, 0.96%, 6, 0, 1, 1420.85
1639556528, 1, 229, 849, 696, 0, 0.96%, 7, 0, 1, 1395.48
1639556533, 1, 262, 849, 690, 0, 0.96%, 8, 0, 1, 1427.40
1639556539, 1, 289, 849, 683, 0, 0.96%, 8, 0, 1, 1372.42
1639556544, 1, 305, 849, 676, 0, 0.96%, 9, 0, 1, 1412.82
1639556549, 1, 341, 849, 666, 0, 0.96%, 9, 0, 1, 1284.06
1639556554, 1, 355, 849, 662, 0, 0.96%, 9, 0, 1, 1426.13
1639556559, 1, 392, 849, 655, 0, 0.96%, 9, 0, 1, 1444.32
1639556564, 1, 417, 849, 651, 0, 0.96%, 9, 0, 1, 1433.60
1639556569, 1, 454, 849, 644, 0, 0.96%, 10, 0, 1, 1395.51
1639556574, 1, 473, 849, 638, 0, 0.96%, 10, 0, 1, 1433.26
1639556579, 1, 496, 849, 633, 0, 0.96%, 11, 0, 1, 1422.22
1639556584, 1, 518, 849, 628, 0, 0.96%, 11, 0, 1, 1439.05
1639556590, 1, 558, 849, 619, 0, 0.96%, 11, 0, 1, 1435.92
1639556595, 1, 574, 849, 614, 0, 0.96%, 11, 0, 1, 1426.23
1639556600, 1, 609, 849, 606, 0, 0.96%, 11, 0, 1, 1418.69
1639556605, 1, 638, 849, 602, 0, 0.96%, 11, 0, 1, 1432.25
1639556610, 1, 666, 849, 594, 0, 0.96%, 11, 0, 1, 1426.18
1639556615, 1, 706, 849, 588, 0, 0.96%, 11, 0, 1, 1406.64
1639556620, 1, 720, 849, 583, 0, 0.96%, 11, 0, 1, 1410.76
1639556626, 1, 743, 849, 579, 0, 0.96%, 11, 0, 1, 1355.29
1639556631, 1, 765, 849, 574, 0, 0.96%, 11, 0, 1, 1212.62
1639556636, 1, 783, 849, 568, 0, 0.96%, 11, 0, 1, 1196.15
1639556641, 1, 807, 849, 563, 0, 0.96%, 11, 0, 1, 1393.36
1639556646, 1, 844, 849, 556, 0, 0.96%, 11, 0, 1, 1417.40
1639556651, 2, 35, 849, 550, 0, 0.96%, 11, 0, 1, 1407.85
1639556656, 2, 56, 849, 545, 0, 0.96%, 11, 0, 1, 1429.83
1639556661, 2, 83, 849, 543, 0, 0.96%, 11, 0, 1, 1431.43
1639556667, 2, 116, 849, 538, 0, 0.96%, 11, 0, 1, 1440.42
1639556672, 2, 156, 849, 531, 0, 0.96%, 11, 0, 1, 1364.33
1639556677, 2, 179, 849, 529, 0, 0.96%, 11, 0, 1, 1364.84
1639556682, 2, 211, 849, 521, 0, 0.96%, 11, 0, 1, 1425.99
1639556687, 2, 230, 849, 518, 0, 0.96%, 11, 0, 1, 1344.41
1639556692, 2, 273, 849, 511, 0, 0.96%, 11, 0, 1, 1409.90
1639556697, 2, 298, 849, 507, 0, 0.96%, 11, 0, 1, 1440.53
1639556702, 2, 338, 849, 499, 0, 0.96%, 11, 0, 1, 1437.41
1639556707, 2, 368, 849, 496, 0, 0.96%, 11, 0, 1, 1446.08
1639556712, 2, 403, 850, 494, 0, 0.96%, 11, 0, 2, 1439.22
1639556717, 2, 427, 850, 489, 0, 0.96%, 11, 0, 2, 1436.49
