# unix_time, cycles_done, cur_path, paths_total, pending_total, pending_favs, map_size, unique_crashes, unique_hangs, max_depth, execs_per_sec
1639475828, 0, 0, 1, 1, 1, 0.12%, 0, 0, 1, 1600.00
1639475833, 0, 0, 80, 80, 1, 0.43%, 5, 0, 2, 1400.72
1639475838, 0, 1, 107, 106, 37, 0.48%, 5, 0, 3, 1379.29
1639475843, 0, 22, 128, 121, 35, 0.49%, 5, 0, 3, 1356.45
1639475848, 0, 35, 151, 137, 30, 0.52%, 7, 0, 3, 1367.13
1639475853, 0, 57, 163, 139, 24, 0.54%, 7, 0, 3, 1340.61
1639475858, 0, 75, 168, 140, 26, 0.54%, 8, 0, 3, 1384.75
1639475863, 0, 94, 186, 153, 23, 0.56%, 8, 0, 4, 1377.46
1639475869, 0, 151, 192, 150, 16, 0.57%, 8, 0, 4, 1369.69
1639475874, 0, 160, 203, 159, 14, 0.57%, 10, 0, 4, 1337.05
1639475879, 0, 168, 209, 160, 10, 0.58%, 10, 0, 4, 1370.87
1639475884, 0, 175, 214, 163, 14, 0.58%, 10, 0, 4, 1353.07
1639475889, 0, 196, 224, 169, 15, 0.62%, 11, 0, 5, 1332.00
1639475894, 0, 201, 226, 170, 16, 0.63%, 11, 0, 5, 1304.40
1639475899, 0, 207, 227, 168, 15, 0.63%, 11, 0, 5, 1319.05
1639475904, 0, 213, 229, 167, 12, 0.63%, 11, 0, 5, 1333.19
1639475909, 0, 219, 236, 170, 9, 0.63%, 11, 0, 5, 1361.11
1639475914, 0, 223, 243, 176, 12, 0.65%, 11, 0, 5, 1371.17
1639475919, 0, 225, 250, 181, 10, 0.65%, 12, 0, 6, 1359.08
1639475924, 0, 236, 252, 181, 9, 0.65%, 13, 0, 6, 1392.27
1639475929, 0, 238, 259, 186, 8, 0.69%, 13, 0, 6, 1383.11
1639475934, 0, 241, 260, 186, 11, 0.69%, 13, 0, 6, 1359.36
1639475939, 0, 249, 265, 189, 9, 0.69%, 13, 0, 7, 1370.49
1639475945, 0, 257, 271, 192, 7, 0.69%, 13, 0, 7, 1347.71
1639475950, 0, 258, 283, 203, 6, 0.71%, 13, 0, 7, 1357.11
1639475955, 0, 269, 288, 206, 14, 0.72%, 13, 0, 7, 1363.39
1639475960, 0, 277, 288, 202, 10, 0.72%, 13, 0, 7, 1362.98
1639475965, 0, 282, 291, 201, 6, 0.72%, 13, 0, 8, 1357.58
1639475970, 0, 283, 294, 203, 5, 0.72%, 13, 0, 8, 1313.73
1639475975, 0, 293, 299, 206, 4, 0.72%, 13, 0, 9, 1366.01
1639475980, 0, 293, 301, 208, 4, 0.72%, 13, 0, 9, 1359.88
1639475985, 1, 187, 303, 202, 1, 0.72%, 13, 0, 9, 1399.13
1639475990, 1, 303, 306, 203, 1, 0.75%, 13, 0, 9, 1370.25
1639475995, 1, 303, 309, 206, 1, 0.75%, 13, 0, 9, 1363.63
1639476000, 1, 309, 313, 207, 1, 0.75%, 13, 0, 9, 1354.07
1639476005, 1, 312, 315, 208, 1, 0.75%, 13, 0, 9, 1375.21
1639476011, 2, 5, 317, 208, 0, 0.75%, 13, 0, 9, 1347.33
1639476016, 2, 39, 317, 203, 0, 0.75%, 13, 0, 9, 1375.61
1639476021, 2, 64, 319, 201, 0, 0.75%, 13, 0, 9, 1359.88
1639476026, 2, 108, 319, 195, 0, 0.75%, 13, 0, 9, 1900.00
1639476031, 2, 133, 321, 191, 0, 0.75%, 13, 0, 9, 1498.22
1639476036, 2, 160, 322, 185, 0, 0.75%, 13, 0, 9, 1413.68
1639476041, 2, 185, 323, 184, 0, 0.75%, 13, 0, 9, 1366.70
1639476046, 2, 196, 325, 183, 0, 0.75%, 13, 0, 9, 1360.90
1639476051, 2, 206, 326, 182, 0, 0.75%, 13, 0, 9, 1364.62
1639476056, 2, 211, 327, 183, 0, 0.75%, 13, 0, 9, 1361.95
1639476062, 2, 218, 327, 183, 0, 0.75%, 13, 0, 9, 1394.55
1639476067, 2, 234, 327, 182, 0, 0.75%, 13, 0, 9, 1371.49
1639476072, 2, 294, 330, 183, 1, 0.76%, 13, 0, 9, 1360.39
1639476077, 2, 327, 332, 184, 2, 0.76%, 13, 0, 9, 1354.18
1639476082, 2, 329, 332, 183, 2, 0.76%, 13, 0, 9, 1342.21
1639476087, 2, 329, 333, 184, 2, 0.76%, 13, 0, 10, 1349.57
1639476092, 2, 330, 336, 186, 1, 0.76%, 13, 0, 10, 1358.34
1639476102, 2, 332, 340, 189, 0, 0.76%, 13, 0, 11, 1365.57
1639476107, 2, 332, 342, 191, 0, 0.76%, 13, 0, 11, 1398.55
1639476112, 2, 333, 343, 191, 0, 0.76%, 13, 0, 11, 1358.01
1639476117, 2, 339, 343, 190, 0, 0.76%, 13, 0, 11, 1381.95
1639476122, 3, 343, 344, 189, 1, 0.76%, 13, 0, 11, 1366.24
1639476128, 4, 36, 344, 184, 0, 0.76%, 14, 0, 11, 1357.96
