# unix_time, cycles_done, cur_path, paths_total, pending_total, pending_favs, map_size, unique_crashes, unique_hangs, max_depth, execs_per_sec
1639548353, 0, 0, 527, 527, 95, 0.90%, 0, 0, 1, 1116.82
1639548358, 0, 65, 527, 514, 82, 0.90%, 2, 0, 1, 1356.03
1639548363, 0, 113, 527, 504, 72, 0.90%, 4, 0, 1, 1408.32
1639548368, 0, 143, 527, 497, 65, 0.90%, 4, 0, 1, 1411.05
1639548373, 0, 204, 527, 486, 55, 0.90%, 4, 0, 1, 1423.58
1639548379, 0, 267, 527, 475, 44, 0.90%, 4, 0, 1, 1406.06
1639548384, 0, 324, 527, 464, 35, 0.90%, 4, 0, 1, 1406.11
1639548389, 0, 394, 527, 454, 25, 0.90%, 4, 0, 1, 1402.42
1639548394, 0, 441, 527, 444, 16, 0.90%, 4, 0, 1, 1407.60
1639548399, 0, 470, 527, 439, 11, 0.90%, 4, 0, 1, 1403.92
1639548404, 0, 506, 527, 432, 4, 0.90%, 4, 0, 1, 1382.62
1639548409, 1, 21, 527, 423, 0, 0.90%, 4, 0, 1, 1372.62
1639548414, 1, 54, 527, 418, 0, 0.90%, 4, 0, 1, 1377.17
1639548419, 1, 78, 527, 413, 0, 0.90%, 5, 0, 1, 1388.97
1639548425, 1, 96, 527, 409, 0, 0.90%, 5, 0, 1, 1412.39
1639548430, 1, 116, 527, 405, 0, 0.90%, 5, 0, 1, 1400.92
1639548435, 1, 135, 527, 399, 0, 0.90%, 5, 0, 1, 1405.60
1639548440, 1, 168, 527, 396, 0, 0.90%, 5, 0, 1, 1388.99
1639548445, 1, 188, 527, 391, 0, 0.90%, 6, 0, 1, 1408.94
1639548450, 1, 221, 527, 384, 0, 0.90%, 8, 0, 1, 1410.93
1639548455, 1, 242, 527, 380, 0, 0.90%, 8, 0, 1, 1430.40
1639548461, 1, 260, 527, 376, 0, 0.90%, 8, 0, 1, 1419.36
1639548466, 1, 300, 527, 371, 0, 0.90%, 8, 0, 1, 1435.23
1639548471, 1, 323, 527, 363, 0, 0.90%, 8, 0, 1, 1430.60
1639548476, 1, 347, 527, 357, 0, 0.90%, 8, 0, 1, 1436.62
1639548481, 1, 386, 528, 351, 0, 0.90%, 8, 0, 2, 1433.09
1639548486, 1, 411, 528, 348, 0, 0.90%, 8, 0, 2, 1418.21
1639548491, 1, 428, 528, 344, 0, 0.90%, 8, 0, 2, 1421.53
1639548496, 1, 447, 528, 340, 0, 0.90%, 9, 0, 2, 1407.86
1639548502, 1, 464, 528, 336, 0, 0.90%, 9, 0, 2, 1389.16
1639548507, 1, 477, 528, 332, 0, 0.90%, 9, 0, 2, 1401.11
1639548512, 1, 499, 528, 328, 0, 0.90%, 10, 0, 2, 1422.30
1639548517, 2, 8, 528, 322, 0, 0.90%, 10, 0, 2, 1433.61
1639548522, 2, 38, 528, 319, 0, 0.90%, 10, 0, 2, 1427.00
1639548527, 2, 73, 528, 315, 0, 0.90%, 10, 0, 2, 1436.30
1639548532, 2, 105, 528, 312, 0, 0.90%, 10, 0, 2, 1435.23
1639548537, 2, 131, 529, 309, 0, 0.90%, 10, 0, 2, 1424.62
1639548543, 2, 154, 529, 306, 0, 0.90%, 10, 0, 2, 1428.71
1639548548, 2, 175, 529, 302, 0, 0.90%, 10, 0, 2, 1319.56
1639548553, 2, 201, 529, 298, 0, 0.90%, 11, 0, 2, 1390.41
1639548558, 2, 221, 529, 293, 0, 0.90%, 12, 0, 2, 1409.35
1639548563, 2, 251, 529, 289, 0, 0.90%, 12, 0, 2, 1420.03
1639548568, 2, 285, 529, 284, 0, 0.90%, 12, 0, 2, 1357.94
1639548573, 2, 303, 529, 278, 0, 0.90%, 12, 0, 2, 1394.76
1639548578, 2, 350, 529, 274, 0, 0.90%, 12, 0, 2, 1409.62
1639548583, 2, 380, 529, 268, 0, 0.90%, 12, 0, 2, 1416.36
1639548588, 2, 403, 529, 266, 0, 0.90%, 12, 0, 2, 1388.55
1639548594, 2, 434, 529, 263, 0, 0.90%, 12, 0, 2, 1391.51
1639548599, 2, 462, 529, 259, 0, 0.90%, 12, 0, 2, 1420.36
1639548604, 2, 480, 529, 258, 0, 0.90%, 12, 0, 2, 1427.68
1639548609, 2, 499, 529, 253, 0, 0.90%, 12, 0, 2, 1410.10
1639548614, 2, 511, 529, 249, 0, 0.90%, 12, 0, 2, 1416.59
1639548619, 3, 26, 529, 244, 0, 0.90%, 12, 0, 2, 1424.34
1639548624, 3, 59, 529, 240, 0, 0.90%, 12, 0, 2, 1416.49
1639548629, 3, 87, 529, 235, 0, 0.90%, 12, 0, 2, 1829.41
1639548634, 3, 117, 529, 232, 0, 0.90%, 12, 0, 2, 1499.22
1639548639, 3, 148, 529, 230, 0, 0.90%, 12, 0, 2, 1421.39
1639548644, 3, 174, 529, 226, 0, 0.90%, 12, 0, 2, 1416.74
