# unix_time, cycles_done, cur_path, paths_total, pending_total, pending_favs, map_size, unique_crashes, unique_hangs, max_depth, execs_per_sec
1639439576, 0, 0, 814, 814, 97, 0.90%, 0, 0, 1, 1192.24
1639439581, 0, 117, 814, 802, 82, 0.90%, 5, 0, 1, 1398.55
1639439586, 0, 156, 814, 795, 75, 0.90%, 5, 0, 1, 1425.32
1639439591, 0, 217, 814, 784, 65, 0.90%, 5, 0, 1, 1454.61
1639439596, 0, 341, 814, 773, 54, 0.90%, 5, 0, 1, 1578.07
1639439601, 0, 377, 814, 767, 49, 0.90%, 5, 0, 1, 1445.76
1639439606, 0, 498, 814, 756, 38, 0.90%, 6, 0, 1, 1431.29
1639439611, 0, 570, 814, 746, 28, 0.90%, 6, 0, 1, 1443.65
1639439616, 0, 634, 814, 737, 20, 0.90%, 6, 0, 1, 1435.89
1639439621, 0, 729, 814, 725, 9, 0.90%, 6, 0, 1, 1455.46
1639439627, 0, 783, 814, 717, 2, 0.90%, 6, 0, 1, 1426.93
1639439632, 1, 15, 814, 710, 0, 0.90%, 6, 0, 1, 1413.76
1639439637, 1, 53, 814, 701, 0, 0.90%, 6, 0, 1, 1437.46
1639439642, 1, 80, 814, 694, 0, 0.90%, 7, 0, 1, 1420.90
1639439647, 1, 96, 814, 690, 0, 0.90%, 7, 0, 1, 1403.76
1639439652, 1, 123, 814, 682, 0, 0.90%, 7, 0, 1, 1429.29
1639439657, 1, 142, 814, 677, 0, 0.90%, 7, 0, 1, 1428.66
1639439662, 1, 154, 814, 672, 0, 0.90%, 9, 0, 1, 1425.55
1639439668, 1, 187, 814, 666, 0, 0.90%, 10, 0, 1, 1397.88
1639439673, 1, 210, 814, 659, 0, 0.90%, 10, 0, 1, 1374.04
1639439678, 1, 243, 814, 654, 0, 0.90%, 10, 0, 1, 1423.92
1639439683, 1, 262, 814, 649, 0, 0.90%, 11, 0, 1, 1426.38
1639439688, 1, 291, 814, 640, 0, 0.90%, 11, 0, 1, 1427.26
1639439693, 1, 326, 814, 633, 0, 0.90%, 11, 0, 1, 1440.37
1639439698, 1, 357, 814, 629, 0, 0.90%, 11, 0, 1, 1457.94
1639439703, 1, 381, 814, 623, 0, 0.90%, 11, 0, 1, 1431.36
1639439708, 1, 429, 814, 619, 0, 0.90%, 11, 0, 1, 1453.91
1639439713, 1, 473, 814, 611, 0, 0.90%, 11, 0, 1, 1443.91
1639439718, 1, 510, 814, 606, 0, 0.90%, 11, 0, 1, 1418.47
1639439723, 1, 541, 814, 600, 0, 0.90%, 11, 0, 1, 1444.24
1639439728, 1, 566, 814, 594, 0, 0.90%, 11, 0, 1, 1449.19
1639439733, 1, 593, 814, 591, 0, 0.90%, 11, 0, 1, 1436.31
1639439738, 1, 617, 814, 587, 0, 0.90%, 11, 0, 1, 1424.19
1639439743, 1, 652, 814, 583, 0, 0.90%, 11, 0, 1, 1441.65
1639439748, 1, 669, 814, 578, 0, 0.90%, 11, 0, 1, 1428.79
1639439753, 1, 689, 814, 570, 0, 0.90%, 11, 0, 1, 1450.57
1639439758, 1, 731, 814, 561, 0, 0.90%, 11, 0, 1, 1456.45
1639439764, 1, 757, 814, 555, 0, 0.90%, 11, 0, 1, 1434.73
1639439769, 1, 775, 814, 551, 0, 0.90%, 11, 0, 1, 1436.03
1639439774, 1, 802, 814, 544, 0, 0.90%, 12, 0, 1, 1430.16
1639439779, 2, 20, 814, 536, 0, 0.90%, 12, 0, 1, 1420.76
1639439784, 2, 65, 814, 527, 0, 0.90%, 12, 0, 1, 1440.96
1639439789, 2, 97, 814, 523, 0, 0.90%, 12, 0, 1, 1449.67
1639439794, 2, 123, 814, 517, 0, 0.90%, 12, 0, 1, 1434.31
1639439799, 2, 163, 814, 514, 0, 0.90%, 12, 0, 1, 1440.46
1639439804, 2, 387, 815, 511, 2, 0.91%, 12, 0, 2, 1428.04
1639439809, 3, 106, 815, 507, 1, 0.91%, 12, 0, 2, 1410.30
1639439814, 3, 176, 815, 501, 0, 0.91%, 12, 0, 2, 1421.81
1639439819, 3, 212, 815, 495, 0, 0.91%, 12, 0, 2, 1446.40
1639439825, 3, 237, 815, 490, 0, 0.91%, 13, 0, 2, 1448.59
1639439830, 3, 279, 815, 485, 0, 0.91%, 13, 0, 2, 1441.47
1639439835, 3, 308, 815, 480, 0, 0.91%, 13, 0, 2, 1431.14
1639439840, 3, 335, 815, 472, 0, 0.91%, 13, 0, 2, 1431.58
1639439845, 3, 352, 815, 466, 0, 0.91%, 13, 0, 2, 1427.26
1639439850, 3, 377, 815, 462, 0, 0.91%, 13, 0, 2, 1433.77
1639439855, 3, 407, 815, 459, 0, 0.91%, 13, 0, 2, 1431.05
1639439861, 3, 442, 815, 453, 0, 0.91%, 13, 0, 2, 1437.07
1639439866, 3, 470, 815, 447, 0, 0.91%, 13, 0, 2, 1430.36
