# unix_time, cycles_done, cur_path, paths_total, pending_total, pending_favs, map_size, unique_crashes, unique_hangs, max_depth, execs_per_sec
1639563158, 0, 0, 941, 941, 99, 0.96%, 0, 0, 1, 1233.29
1639563163, 0, 132, 941, 929, 87, 0.96%, 2, 0, 1, 1378.39
1639563168, 0, 261, 941, 917, 75, 0.96%, 3, 0, 1, 1421.14
1639563173, 0, 339, 941, 908, 68, 0.96%, 4, 0, 1, 1411.13
1639563178, 0, 372, 941, 902, 63, 0.96%, 5, 0, 1, 1377.00
1639563183, 0, 387, 941, 898, 59, 0.96%, 5, 0, 1, 1416.54
1639563189, 0, 453, 941, 888, 50, 0.96%, 6, 0, 1, 1420.09
1639563194, 0, 518, 941, 876, 39, 0.96%, 6, 0, 1, 1432.79
1639563199, 0, 628, 941, 865, 29, 0.96%, 7, 0, 1, 1419.72
1639563204, 0, 717, 941, 856, 21, 0.96%, 7, 0, 1, 1416.55
1639563209, 0, 777, 941, 848, 13, 0.96%, 7, 0, 1, 1416.52
1639563214, 0, 874, 941, 839, 6, 0.96%, 7, 0, 1, 1426.67
1639563219, 1, 406, 941, 830, 1, 0.96%, 7, 0, 1, 1416.27
1639563225, 1, 431, 941, 824, 0, 0.96%, 7, 0, 1, 1411.64
1639563230, 1, 452, 941, 819, 0, 0.96%, 8, 0, 1, 1399.44
1639563235, 1, 481, 941, 812, 0, 0.96%, 8, 0, 1, 1392.32
1639563240, 1, 499, 941, 807, 0, 0.96%, 8, 0, 1, 1338.95
1639563245, 1, 521, 941, 804, 0, 0.96%, 8, 0, 1, 1382.03
1639563250, 1, 551, 941, 797, 0, 0.96%, 8, 0, 1, 1380.44
1639563255, 1, 574, 941, 789, 0, 0.96%, 8, 0, 1, 1421.92
1639563260, 1, 591, 941, 782, 0, 0.96%, 8, 0, 1, 1385.13
1639563265, 1, 629, 941, 774, 0, 0.96%, 8, 0, 1, 1416.86
1639563271, 1, 650, 941, 768, 0, 0.96%, 9, 0, 1, 1352.04
1639563276, 1, 681, 941, 760, 0, 0.96%, 9, 0, 1, 1393.76
1639563281, 1, 711, 941, 752, 0, 0.96%, 9, 0, 1, 1394.55
1639563286, 1, 734, 941, 749, 0, 0.96%, 9, 0, 1, 1379.37
1639563291, 1, 769, 941, 743, 0, 0.96%, 9, 0, 1, 1407.23
1639563296, 1, 792, 941, 738, 0, 0.96%, 9, 0, 1, 1381.77
1639563301, 1, 822, 941, 730, 0, 0.96%, 9, 0, 1, 1386.19
1639563306, 1, 851, 941, 725, 0, 0.96%, 9, 0, 1, 1386.75
1639563312, 1, 879, 941, 720, 0, 0.96%, 9, 0, 1, 1370.20
1639563317, 1, 912, 941, 713, 0, 0.96%, 9, 0, 1, 1417.42
1639563322, 1, 928, 941, 705, 0, 0.96%, 10, 0, 1, 1398.96
1639563327, 2, 16, 941, 697, 0, 0.96%, 10, 0, 1, 1425.10
1639563332, 2, 56, 941, 687, 0, 0.96%, 10, 0, 1, 1413.11
1639563337, 2, 96, 941, 681, 0, 0.96%, 10, 0, 1, 1426.84
1639563342, 2, 119, 941, 674, 0, 0.96%, 10, 0, 1, 1408.11
1639563347, 2, 144, 941, 669, 0, 0.96%, 10, 0, 1, 1348.20
1639563353, 2, 171, 941, 663, 0, 0.96%, 10, 0, 1, 1333.14
1639563358, 2, 201, 941, 656, 0, 0.96%, 10, 0, 1, 1407.26
1639563363, 2, 227, 941, 649, 0, 0.96%, 10, 0, 1, 1409.90
1639563368, 2, 243, 941, 642, 0, 0.96%, 10, 0, 1, 1403.46
1639563373, 2, 266, 941, 637, 0, 0.96%, 10, 0, 1, 1384.78
1639563378, 2, 287, 941, 632, 0, 0.96%, 10, 0, 1, 1356.41
1639563383, 2, 315, 941, 626, 0, 0.96%, 10, 0, 1, 1385.28
1639563388, 2, 339, 941, 620, 0, 0.96%, 10, 0, 1, 1386.77
1639563393, 2, 364, 941, 618, 0, 0.96%, 10, 0, 1, 1385.87
1639563398, 2, 376, 941, 613, 0, 0.96%, 10, 0, 1, 1412.66
1639563403, 2, 393, 941, 611, 0, 0.96%, 10, 0, 1, 1397.89
1639563409, 2, 433, 941, 603, 0, 0.96%, 11, 0, 1, 1635.11
1639563414, 2, 467, 941, 599, 0, 0.96%, 13, 0, 1, 1461.55
1639563419, 2, 488, 941, 592, 0, 0.96%, 13, 0, 1, 1360.39
1639563424, 2, 520, 941, 591, 0, 0.96%, 14, 0, 1, 1369.12
1639563429, 2, 546, 941, 586, 0, 0.96%, 14, 0, 1, 1382.87
1639563434, 2, 601, 941, 578, 0, 0.96%, 14, 0, 1, 1400.28
1639563440, 2, 653, 941, 573, 0, 0.96%, 14, 0, 1, 1398.39
1639563445, 2, 709, 941, 569, 0, 0.96%, 14, 0, 1, 1420.56
1639563450, 2, 731, 941, 564, 0, 0.96%, 14, 0, 1, 1432.14
