# unix_time, cycles_done, cur_path, paths_total, pending_total, pending_favs, map_size, unique_crashes, unique_hangs, max_depth, execs_per_sec
1639447815, 0, 0, 958, 958, 103, 0.93%, 0, 0, 1, 1253.93
1639447820, 0, 134, 958, 946, 91, 0.93%, 2, 0, 1, 1394.04
1639447825, 0, 179, 958, 937, 83, 0.93%, 3, 0, 1, 1419.55
1639447830, 0, 285, 958, 927, 73, 0.93%, 4, 0, 1, 1433.97
1639447835, 0, 404, 958, 918, 65, 0.93%, 4, 0, 1, 1418.89
1639447840, 0, 492, 958, 907, 54, 0.93%, 4, 0, 1, 1451.70
1639447845, 0, 551, 958, 897, 45, 0.93%, 4, 0, 1, 1451.10
1639447850, 0, 618, 958, 888, 36, 0.93%, 4, 0, 1, 1453.55
1639447855, 0, 709, 958, 877, 25, 0.93%, 4, 0, 1, 1463.50
1639447860, 0, 769, 958, 870, 18, 0.93%, 4, 0, 1, 1459.63
1639447865, 0, 876, 958, 862, 11, 0.93%, 5, 0, 1, 1419.70
1639447871, 0, 956, 958, 852, 2, 0.93%, 5, 0, 1, 1428.26
1639447876, 1, 78, 958, 845, 0, 0.93%, 5, 0, 1, 1438.37
1639447881, 1, 110, 958, 839, 0, 0.93%, 6, 0, 1, 1450.58
1639447886, 1, 140, 958, 835, 0, 0.93%, 7, 0, 1, 1439.30
1639447891, 1, 182, 958, 833, 0, 0.93%, 7, 0, 1, 1447.16
1639447896, 1, 229, 958, 825, 0, 0.93%, 7, 0, 1, 1443.20
1639447901, 1, 247, 958, 821, 0, 0.93%, 7, 0, 1, 1422.24
1639447906, 1, 285, 959, 815, 0, 0.93%, 8, 0, 2, 1450.37
1639447911, 1, 326, 959, 807, 0, 0.93%, 8, 0, 2, 1461.33
1639447917, 1, 365, 959, 799, 0, 0.93%, 9, 0, 2, 1456.26
1639447922, 1, 390, 959, 793, 0, 0.93%, 9, 0, 2, 1453.11
1639447927, 1, 431, 959, 783, 0, 0.93%, 9, 0, 2, 1429.18
1639447932, 1, 444, 959, 777, 0, 0.93%, 9, 0, 2, 1457.17
1639447937, 1, 468, 959, 772, 0, 0.93%, 9, 0, 2, 1440.05
1639447942, 1, 492, 959, 766, 0, 0.93%, 9, 0, 2, 1437.44
1639447947, 1, 508, 959, 760, 0, 0.93%, 10, 0, 2, 1384.55
1639447952, 1, 540, 959, 755, 0, 0.93%, 10, 0, 2, 1423.51
1639447957, 1, 560, 959, 749, 0, 0.93%, 10, 0, 2, 1440.11
1639447962, 1, 573, 959, 744, 0, 0.93%, 10, 0, 2, 1439.21
1639447967, 1, 596, 959, 738, 0, 0.93%, 10, 0, 2, 1439.85
1639447973, 1, 618, 959, 730, 0, 0.93%, 11, 0, 2, 1442.57
1639447978, 1, 653, 959, 727, 0, 0.93%, 11, 0, 2, 1448.43
1639447983, 1, 691, 959, 720, 0, 0.93%, 11, 0, 2, 1439.38
1639447988, 1, 718, 960, 718, 0, 0.93%, 11, 0, 2, 1424.21
1639447993, 1, 743, 960, 713, 0, 0.93%, 11, 0, 2, 1445.61
1639447998, 1, 770, 960, 707, 0, 0.93%, 11, 0, 2, 1441.37
1639448003, 1, 788, 960, 701, 0, 0.93%, 12, 0, 2, 1431.72
1639448008, 1, 816, 960, 694, 0, 0.93%, 12, 0, 2, 1432.23
1639448013, 1, 851, 960, 687, 0, 0.93%, 12, 0, 2, 1443.29
1639448018, 1, 879, 960, 681, 0, 0.93%, 12, 0, 2, 1448.74
1639448024, 1, 923, 961, 675, 0, 0.93%, 12, 0, 2, 1440.60
1639448029, 1, 956, 961, 672, 0, 0.93%, 12, 0, 2, 1428.37
1639448034, 2, 46, 961, 664, 0, 0.93%, 12, 0, 2, 1441.75
1639448039, 2, 87, 961, 656, 0, 0.93%, 12, 0, 2, 1563.18
1639448044, 2, 112, 961, 649, 0, 0.93%, 12, 0, 2, 1464.37
1639448049, 2, 136, 961, 644, 0, 0.93%, 12, 0, 2, 1441.87
1639448054, 2, 161, 961, 640, 0, 0.93%, 12, 0, 2, 1435.89
1639448059, 2, 191, 961, 633, 0, 0.93%, 12, 0, 2, 1428.08
1639448064, 2, 230, 961, 627, 0, 0.93%, 12, 0, 2, 1442.11
1639448070, 2, 254, 961, 621, 0, 0.93%, 12, 0, 2, 1429.45
1639448075, 2, 283, 961, 614, 0, 0.93%, 12, 0, 2, 1431.94
1639448080, 2, 326, 961, 607, 0, 0.93%, 12, 0, 2, 1434.05
1639448085, 2, 385, 961, 601, 0, 0.93%, 12, 0, 2, 1431.92
1639448090, 2, 425, 961, 596, 0, 0.93%, 12, 0, 2, 1426.51
1639448095, 2, 447, 961, 594, 0, 0.93%, 12, 0, 2, 1453.58
1639448100, 2, 492, 961, 588, 0, 0.93%, 12, 0, 2, 1452.73
1639448105, 2, 514, 961, 583, 0, 0.93%, 12, 0, 2, 1449.95
