# unix_time, cycles_done, cur_path, paths_total, pending_total, pending_favs, map_size, unique_crashes, unique_hangs, max_depth, execs_per_sec
1639516959, 0, 0, 1, 1, 1, 0.12%, 0, 0, 1, 1333.33
1639516964, 0, 0, 80, 80, 1, 0.45%, 2, 0, 2, 1343.13
1639516970, 0, 10, 100, 98, 34, 0.47%, 3, 0, 3, 1357.34
1639516975, 0, 14, 128, 123, 38, 0.49%, 5, 0, 3, 1387.55
1639516980, 0, 40, 141, 126, 29, 0.50%, 6, 0, 3, 1434.62
1639516985, 0, 63, 159, 134, 22, 0.54%, 6, 0, 3, 1409.61
1639516990, 0, 95, 170, 139, 19, 0.55%, 6, 0, 4, 1426.15
1639516995, 0, 103, 182, 148, 18, 0.56%, 6, 0, 4, 1440.56
1639517000, 0, 116, 184, 148, 20, 0.57%, 6, 0, 4, 1453.12
1639517005, 0, 126, 192, 154, 18, 0.57%, 8, 0, 4, 1415.61
1639517010, 0, 127, 198, 159, 19, 0.58%, 11, 0, 4, 1359.06
1639517015, 0, 145, 204, 161, 15, 0.58%, 11, 0, 4, 1299.16
1639517020, 0, 160, 211, 164, 14, 0.60%, 11, 0, 4, 1274.80
1639517025, 0, 177, 213, 163, 12, 0.60%, 11, 0, 5, 1249.12
1639517030, 0, 183, 217, 164, 10, 0.62%, 11, 0, 5, 1272.65
1639517041, 0, 183, 219, 166, 10, 0.63%, 11, 0, 5, 9.00
1639517046, 0, 190, 222, 168, 12, 0.63%, 11, 0, 5, 1319.43
1639517051, 0, 194, 225, 169, 11, 0.63%, 11, 0, 5, 1375.83
1639517056, 0, 210, 226, 166, 7, 0.63%, 11, 0, 5, 1391.36
1639517061, 0, 220, 227, 161, 1, 0.63%, 11, 0, 6, 1389.95
1639517066, 0, 220, 234, 168, 1, 0.69%, 12, 0, 6, 1410.34
1639517071, 0, 228, 238, 171, 5, 0.71%, 13, 0, 7, 1450.44
1639517076, 0, 231, 242, 173, 5, 0.71%, 13, 0, 7, 1466.79
1639517081, 0, 231, 244, 175, 5, 0.71%, 13, 0, 7, 1446.26
1639517086, 0, 233, 244, 173, 4, 0.71%, 13, 0, 7, 1426.24
1639517091, 0, 235, 250, 177, 3, 0.73%, 13, 0, 8, 1470.07
1639517097, 0, 239, 253, 179, 5, 0.73%, 13, 0, 8, 1469.34
1639517102, 0, 245, 257, 182, 5, 0.73%, 13, 0, 9, 1470.47
1639517107, 0, 245, 260, 185, 5, 0.73%, 13, 0, 9, 1480.21
1639517112, 0, 246, 262, 186, 5, 0.73%, 13, 0, 9, 1484.61
1639517117, 0, 256, 269, 191, 3, 0.75%, 13, 0, 10, 1458.23
1639517122, 0, 258, 272, 193, 7, 0.75%, 13, 0, 10, 1467.45
1639517127, 0, 262, 275, 195, 6, 0.75%, 13, 0, 11, 1470.83
1639517132, 0, 263, 278, 197, 6, 0.76%, 13, 0, 11, 1475.30
1639517137, 0, 266, 282, 200, 6, 0.76%, 13, 0, 11, 1475.61
1639517142, 0, 271, 286, 203, 5, 0.76%, 13, 0, 11, 1483.83
1639517147, 0, 273, 293, 209, 6, 0.76%, 13, 0, 12, 2221.03
1639517152, 0, 274, 293, 208, 6, 0.76%, 13, 0, 12, 1757.16
1639517158, 0, 278, 296, 209, 4, 0.76%, 13, 0, 12, 1516.12
1639517163, 0, 282, 301, 213, 3, 0.76%, 13, 0, 12, 1482.70
1639517168, 0, 286, 305, 216, 3, 0.77%, 13, 0, 12, 1457.80
1639517173, 0, 287, 306, 216, 3, 0.77%, 13, 0, 12, 1436.17
1639517178, 0, 289, 308, 217, 2, 0.77%, 13, 0, 13, 1411.60
1639517183, 0, 302, 311, 218, 1, 0.77%, 13, 0, 13, 1425.02
1639517188, 1, 311, 314, 218, 1, 0.77%, 13, 0, 13, 1483.81
1639517193, 2, 43, 318, 219, 0, 0.77%, 13, 0, 13, 1485.79
1639517198, 2, 70, 320, 218, 0, 0.77%, 13, 0, 13, 1469.82
1639517203, 2, 98, 323, 214, 0, 0.77%, 13, 0, 13, 1472.10
1639517208, 2, 117, 325, 211, 0, 0.77%, 13, 0, 13, 1458.60
1639517214, 2, 137, 328, 209, 0, 0.77%, 13, 0, 13, 1456.08
1639517219, 2, 160, 329, 206, 0, 0.77%, 13, 0, 13, 1482.80
1639517224, 2, 179, 329, 201, 0, 0.77%, 13, 0, 13, 1474.44
1639517229, 2, 186, 330, 202, 0, 0.77%, 13, 0, 13, 1474.16
1639517234, 2, 193, 330, 201, 0, 0.77%, 13, 0, 13, 1465.41
1639517239, 2, 210, 330, 198, 0, 0.77%, 13, 0, 13, 1446.00
1639517244, 2, 232, 330, 198, 0, 0.77%, 13, 0, 13, 1482.60
1639517249, 2, 235, 330, 198, 0, 0.77%, 14, 0, 13, 1489.12
1639517254, 2, 246, 332, 199, 0, 0.77%, 14, 0, 13, 1482.21
