# unix_time, cycles_done, cur_path, paths_total, pending_total, pending_favs, map_size, unique_crashes, unique_hangs, max_depth, execs_per_sec
1639523893, 0, 0, 1, 1, 1, 0.12%, 0, 0, 1, 1333.33
1639523898, 0, 0, 83, 83, 1, 0.44%, 3, 0, 2, 1402.92
1639523903, 0, 1, 98, 97, 37, 0.45%, 4, 0, 3, 1455.20
1639523908, 0, 28, 117, 108, 33, 0.51%, 5, 0, 3, 1428.41
1639523913, 0, 41, 135, 121, 28, 0.53%, 8, 0, 3, 1273.28
1639523918, 0, 55, 144, 125, 31, 0.53%, 8, 0, 3, 1167.06
1639523923, 0, 73, 157, 130, 26, 0.55%, 8, 0, 3, 1343.56
1639523928, 0, 79, 171, 139, 22, 0.55%, 9, 0, 3, 1262.31
1639523933, 0, 109, 178, 140, 17, 0.55%, 9, 0, 4, 1358.09
1639523938, 0, 116, 183, 142, 15, 0.55%, 9, 0, 4, 1356.99
1639523943, 0, 128, 183, 138, 11, 0.55%, 9, 0, 4, 1320.84
1639523948, 0, 146, 199, 148, 14, 0.61%, 9, 0, 4, 1240.19
1639523953, 0, 186, 205, 150, 11, 0.61%, 9, 0, 5, 1147.94
1639523958, 0, 191, 206, 147, 8, 0.61%, 10, 0, 5, 1166.55
1639523963, 0, 195, 211, 148, 5, 0.61%, 10, 0, 5, 1264.32
1639523968, 0, 210, 214, 148, 2, 0.62%, 10, 0, 6, 1253.15
1639523973, 0, 212, 217, 150, 3, 0.62%, 11, 0, 7, 1264.47
1639523979, 0, 213, 223, 155, 3, 0.63%, 11, 0, 7, 1272.20
1639523984, 0, 219, 227, 157, 4, 0.63%, 11, 0, 8, 1311.79
1639523989, 0, 221, 230, 159, 6, 0.63%, 11, 0, 8, 1378.02
1639523994, 0, 222, 237, 165, 7, 0.63%, 11, 0, 8, 1409.36
1639523999, 0, 225, 240, 167, 7, 0.63%, 11, 0, 8, 1401.44
1639524004, 0, 229, 244, 169, 5, 0.63%, 12, 0, 9, 1430.65
1639524009, 0, 229, 245, 170, 5, 0.63%, 12, 0, 9, 1444.78
1639524014, 0, 239, 245, 168, 4, 0.63%, 12, 0, 9, 1386.42
1639524019, 1, 146, 248, 166, 0, 0.63%, 12, 0, 9, 1351.95
1639524024, 2, 1, 251, 164, 0, 0.64%, 12, 0, 9, 1364.48
1639524029, 2, 29, 253, 162, 0, 0.64%, 12, 0, 9, 1344.98
1639524034, 2, 56, 253, 156, 0, 0.64%, 12, 0, 9, 1332.79
1639524039, 2, 73, 253, 153, 0, 0.64%, 12, 0, 9, 1310.28
1639524044, 2, 89, 253, 151, 0, 0.64%, 12, 0, 9, 1270.46
1639524049, 2, 109, 253, 147, 0, 0.64%, 13, 0, 9, 1223.49
1639524054, 2, 126, 253, 144, 0, 0.64%, 13, 0, 9, 1221.23
1639524060, 2, 147, 253, 143, 0, 0.64%, 13, 0, 9, 1241.15
1639524065, 2, 183, 253, 140, 0, 0.64%, 13, 0, 9, 1320.83
1639524070, 2, 191, 253, 139, 0, 0.64%, 13, 0, 9, 1353.52
1639524075, 2, 254, 259, 145, 1, 0.65%, 13, 0, 9, 1359.71
1639524080, 2, 256, 261, 146, 2, 0.65%, 13, 0, 9, 1369.71
1639524085, 2, 258, 264, 148, 2, 0.65%, 13, 0, 9, 1396.07
1639524090, 2, 258, 266, 150, 2, 0.66%, 13, 0, 9, 1390.14
1639524095, 2, 260, 268, 151, 3, 0.66%, 13, 0, 9, 1395.12
1639524100, 2, 265, 268, 149, 3, 0.66%, 13, 0, 9, 1399.00
1639524105, 2, 266, 272, 152, 3, 0.67%, 14, 0, 9, 1381.64
1639524110, 2, 266, 273, 153, 3, 0.67%, 14, 0, 9, 1230.62
1639524115, 2, 268, 279, 157, 3, 0.67%, 15, 0, 9, 1292.93
1639524120, 2, 268, 281, 159, 3, 0.67%, 16, 0, 9, 1273.37
1639524125, 2, 271, 282, 159, 2, 0.68%, 16, 0, 10, 1207.38
1639524130, 2, 271, 283, 160, 2, 0.68%, 16, 0, 10, 1224.68
1639524136, 2, 281, 285, 160, 3, 0.70%, 16, 0, 11, 1310.66
1639524141, 2, 281, 290, 165, 3, 0.72%, 16, 0, 11, 1397.72
1639524146, 2, 283, 297, 170, 7, 0.72%, 16, 0, 11, 1427.50
1639524156, 2, 286, 297, 167, 5, 0.72%, 16, 0, 11, 1475.55
1639524161, 2, 288, 300, 169, 4, 0.72%, 16, 0, 12, 1480.28
1639524166, 2, 292, 302, 170, 4, 0.73%, 16, 0, 12, 1489.04
1639524171, 2, 293, 302, 169, 3, 0.73%, 16, 0, 12, 1446.02
1639524176, 2, 295, 302, 168, 2, 0.73%, 16, 0, 12, 1418.33
1639524181, 2, 303, 307, 171, 1, 0.73%, 16, 0, 14, 2011.56
1639524186, 2, 303, 313, 177, 1, 0.73%, 16, 0, 14, 2049.06
1639524191, 2, 307, 315, 178, 0, 0.73%, 16, 0, 15, 1344.81
