# unix_time, cycles_done, cur_path, paths_total, pending_total, pending_favs, map_size, unique_crashes, unique_hangs, max_depth, execs_per_sec
1639488194, 0, 0, 1, 1, 1, 0.12%, 0, 0, 1, 1600.00
1639488199, 0, 0, 83, 83, 1, 0.46%, 4, 0, 2, 1302.61
1639488204, 0, 12, 112, 108, 36, 0.47%, 5, 0, 3, 1261.07
1639488209, 0, 28, 135, 123, 34, 0.50%, 6, 0, 3, 1264.71
1639488214, 0, 45, 152, 131, 30, 0.52%, 7, 0, 3, 1231.68
1639488219, 0, 73, 168, 135, 20, 0.53%, 8, 0, 3, 1806.08
1639488224, 0, 127, 177, 138, 16, 0.54%, 8, 0, 4, 1687.51
1639488229, 0, 146, 190, 144, 11, 0.55%, 8, 0, 4, 1372.85
1639488234, 0, 173, 195, 144, 8, 0.56%, 9, 0, 5, 1413.93
1639488239, 0, 178, 202, 149, 7, 0.56%, 9, 0, 5, 1421.49
1639488244, 0, 190, 209, 154, 6, 0.57%, 9, 0, 5, 1400.20
1639488249, 0, 200, 210, 152, 6, 0.57%, 9, 0, 6, 1410.53
1639488254, 0, 205, 216, 155, 6, 0.58%, 9, 0, 6, 1406.10
1639488260, 0, 209, 216, 152, 3, 0.58%, 9, 0, 6, 1411.68
1639488265, 0, 213, 231, 166, 2, 0.59%, 11, 0, 7, 1413.09
1639488270, 0, 225, 236, 168, 4, 0.60%, 12, 0, 8, 1394.99
1639488275, 0, 227, 242, 172, 3, 0.60%, 12, 0, 8, 1420.34
1639488280, 0, 235, 246, 175, 2, 0.63%, 12, 0, 9, 1422.75
1639488285, 0, 237, 250, 178, 8, 0.63%, 12, 0, 9, 1407.17
1639488290, 0, 243, 253, 179, 6, 0.64%, 12, 0, 10, 1414.30
1639488295, 0, 244, 259, 184, 6, 0.65%, 12, 0, 10, 1434.92
1639488300, 0, 251, 259, 180, 3, 0.65%, 12, 0, 10, 1463.50
1639488305, 0, 256, 267, 186, 1, 0.65%, 12, 0, 11, 1443.71
1639488310, 0, 265, 270, 187, 1, 0.65%, 12, 0, 12, 1415.18
1639488320, 1, 12, 271, 184, 0, 0.65%, 13, 0, 13, 1423.39
1639488326, 1, 74, 272, 181, 1, 0.65%, 13, 0, 13, 1430.79
1639488331, 1, 259, 274, 182, 1, 0.65%, 13, 0, 13, 1436.18
1639488336, 1, 272, 275, 181, 0, 0.65%, 13, 0, 13, 1441.98
1639488341, 1, 273, 275, 180, 0, 0.65%, 13, 0, 13, 1437.90
1639488346, 2, 18, 275, 178, 0, 0.65%, 13, 0, 13, 1432.00
1639488351, 2, 58, 278, 179, 0, 0.65%, 13, 0, 13, 1441.27
1639488356, 2, 77, 278, 176, 0, 0.65%, 13, 0, 13, 1443.76
1639488361, 3, 85, 278, 167, 0, 0.65%, 13, 0, 13, 1395.68
1639488367, 3, 278, 280, 168, 1, 0.65%, 15, 0, 13, 1428.24
1639488372, 4, 22, 280, 165, 0, 0.65%, 15, 0, 13, 1434.84
1639488377, 4, 59, 280, 164, 0, 0.65%, 15, 0, 13, 1427.43
1639488382, 4, 85, 281, 162, 0, 0.65%, 15, 0, 13, 1428.79
1639488387, 4, 108, 281, 155, 0, 0.65%, 15, 0, 13, 1427.67
1639488392, 4, 139, 281, 147, 0, 0.65%, 15, 0, 13, 1450.26
1639488397, 4, 170, 281, 142, 0, 0.65%, 15, 0, 13, 1443.51
1639488402, 4, 281, 284, 144, 1, 0.68%, 15, 0, 13, 1449.90
1639488407, 4, 281, 286, 146, 1, 0.71%, 15, 0, 13, 1434.30
1639488412, 4, 282, 286, 145, 3, 0.71%, 15, 0, 13, 1447.65
1639488417, 4, 284, 286, 144, 2, 0.71%, 15, 0, 13, 1443.56
1639488422, 4, 285, 289, 146, 1, 0.71%, 15, 0, 13, 1451.66
1639488432, 4, 287, 290, 146, 1, 0.71%, 15, 0, 13, 1411.98
1639488437, 4, 289, 292, 147, 0, 0.71%, 15, 0, 13, 1350.27
1639488443, 4, 289, 293, 148, 0, 0.71%, 15, 0, 13, 1420.51
1639488448, 4, 291, 294, 148, 0, 0.71%, 15, 0, 13, 1430.55
1639488458, 5, 17, 294, 144, 0, 0.71%, 15, 0, 13, 1455.58
1639488463, 5, 57, 295, 142, 0, 0.71%, 15, 0, 13, 1454.68
1639488468, 5, 85, 296, 142, 0, 0.71%, 15, 0, 13, 1429.54
1639488473, 5, 132, 296, 139, 0, 0.71%, 15, 0, 13, 1419.60
1639488478, 5, 169, 296, 134, 0, 0.71%, 15, 0, 13, 1440.80
1639488483, 5, 187, 296, 129, 0, 0.71%, 15, 0, 13, 1446.16
1639488488, 5, 200, 296, 127, 0, 0.71%, 15, 0, 13, 1440.34
1639488494, 5, 209, 296, 127, 0, 0.71%, 15, 0, 13, 1435.46
