# unix_time, cycles_done, cur_path, paths_total, pending_total, pending_favs, map_size, unique_crashes, unique_hangs, max_depth, execs_per_sec
1639472210, 0, 0, 1, 1, 1, 0.12%, 0, 0, 1, 615.38
1639472215, 0, 0, 77, 77, 1, 0.43%, 3, 0, 2, 1218.70
1639472220, 0, 15, 107, 101, 40, 0.50%, 3, 0, 3, 1347.80
1639472226, 0, 32, 125, 110, 29, 0.51%, 6, 0, 3, 1382.66
1639472231, 0, 60, 137, 112, 20, 0.51%, 6, 0, 3, 1413.74
1639472236, 0, 69, 148, 119, 17, 0.52%, 7, 0, 3, 1404.87
1639472241, 0, 79, 158, 126, 18, 0.53%, 8, 0, 3, 1848.83
1639472246, 0, 81, 166, 133, 17, 0.54%, 8, 0, 4, 1500.40
1639472251, 0, 91, 180, 143, 20, 0.56%, 8, 0, 4, 1420.39
1639472256, 0, 130, 187, 145, 16, 0.57%, 8, 0, 4, 1437.39
1639472261, 0, 139, 201, 158, 16, 0.59%, 8, 0, 4, 1428.55
1639472266, 0, 160, 210, 163, 17, 0.59%, 9, 0, 5, 1361.95
1639472271, 0, 163, 213, 163, 14, 0.59%, 9, 0, 5, 1372.82
1639472276, 0, 178, 218, 165, 11, 0.59%, 9, 0, 5, 1401.56
1639472282, 0, 185, 228, 173, 11, 0.59%, 9, 0, 5, 1383.89
1639472287, 0, 186, 230, 174, 10, 0.59%, 9, 0, 5, 1387.78
1639472292, 0, 187, 238, 181, 9, 0.59%, 9, 0, 5, 1389.21
1639472297, 0, 198, 239, 179, 6, 0.59%, 9, 0, 5, 1410.86
1639472302, 0, 207, 242, 179, 4, 0.60%, 10, 0, 5, 1401.62
1639472307, 0, 222, 244, 178, 4, 0.61%, 10, 0, 5, 1436.91
1639472312, 0, 241, 248, 181, 3, 0.62%, 10, 0, 6, 1429.92
1639472317, 0, 245, 249, 178, 3, 0.63%, 10, 0, 6, 1428.64
1639472322, 0, 248, 254, 181, 2, 0.65%, 10, 0, 7, 1423.21
1639472328, 0, 252, 254, 178, 2, 0.65%, 10, 0, 7, 1416.26
1639472333, 1, 17, 255, 175, 0, 0.65%, 10, 0, 8, 1412.55
1639472338, 1, 40, 256, 173, 0, 0.65%, 10, 0, 8, 1435.03
1639472343, 1, 60, 259, 171, 0, 0.65%, 10, 0, 8, 1427.99
1639472348, 1, 261, 263, 172, 1, 0.66%, 10, 0, 8, 1422.02
1639472353, 2, 29, 263, 169, 0, 0.66%, 10, 0, 8, 1420.61
1639472358, 2, 226, 265, 171, 1, 0.66%, 10, 0, 8, 1423.35
1639472363, 2, 250, 272, 177, 1, 0.66%, 10, 0, 8, 1404.38
1639472368, 2, 265, 278, 181, 4, 0.71%, 11, 0, 9, 1387.23
1639472374, 2, 272, 281, 183, 3, 0.71%, 11, 0, 9, 1379.66
1639472379, 2, 275, 284, 185, 2, 0.71%, 11, 0, 9, 1380.77
1639472384, 2, 275, 285, 186, 2, 0.71%, 11, 0, 9, 1387.06
1639472389, 2, 283, 288, 187, 1, 0.71%, 11, 0, 9, 1387.55
1639472394, 2, 283, 289, 188, 1, 0.71%, 12, 0, 9, 1395.29
1639472399, 2, 287, 289, 186, 1, 0.71%, 12, 0, 9, 1432.76
1639472404, 2, 287, 291, 188, 1, 0.71%, 12, 0, 9, 1420.72
1639472409, 3, 15, 293, 187, 0, 0.71%, 12, 0, 9, 1431.12
1639472414, 3, 38, 295, 185, 0, 0.71%, 12, 0, 9, 1423.26
1639472419, 3, 76, 295, 184, 0, 0.71%, 12, 0, 9, 1407.33
1639472424, 3, 91, 295, 180, 0, 0.71%, 12, 0, 9, 1400.45
1639472429, 3, 116, 295, 176, 0, 0.71%, 13, 0, 9, 1413.96
1639472434, 3, 160, 296, 171, 0, 0.71%, 13, 0, 9, 1415.82
1639472439, 4, 15, 297, 169, 0, 0.72%, 13, 0, 9, 1427.29
1639472445, 4, 47, 299, 168, 0, 0.72%, 14, 0, 9, 1424.50
1639472450, 4, 69, 299, 165, 0, 0.72%, 14, 0, 9, 1407.38
1639472455, 4, 91, 299, 163, 0, 0.72%, 14, 0, 9, 1397.77
1639472460, 4, 122, 299, 158, 0, 0.72%, 14, 0, 9, 1399.44
1639472465, 4, 139, 301, 153, 0, 0.72%, 14, 0, 9, 1397.48
1639472470, 4, 161, 301, 151, 0, 0.72%, 14, 0, 9, 1408.84
1639472475, 4, 286, 303, 153, 1, 0.72%, 14, 0, 9, 1402.29
1639472480, 4, 301, 305, 155, 1, 0.72%, 14, 0, 9, 1409.94
1639472485, 4, 304, 307, 156, 1, 0.73%, 14, 0, 9, 1414.71
1639472491, 4, 305, 309, 157, 2, 0.73%, 14, 0, 9, 1430.80
1639472496, 4, 305, 311, 159, 2, 0.73%, 14, 0, 9, 1422.02
1639472501, 4, 306, 313, 160, 1, 0.73%, 14, 0, 9, 1431.85
1639472506, 4, 306, 316, 163, 1, 0.73%, 14, 0, 9, 1410.16
