# unix_time, cycles_done, cur_path, paths_total, pending_total, pending_favs, map_size, unique_crashes, unique_hangs, max_depth, execs_per_sec
1639546519, 0, 0, 1, 1, 1, 0.12%, 0, 0, 1, 1333.33
1639546524, 0, 0, 75, 75, 1, 0.44%, 3, 0, 2, 1401.97
1639546529, 0, 6, 101, 97, 38, 0.47%, 5, 0, 3, 1882.86
1639546534, 0, 22, 107, 99, 35, 0.47%, 5, 0, 3, 1484.78
1639546539, 0, 28, 120, 109, 33, 0.52%, 5, 0, 3, 1467.66
1639546544, 0, 41, 125, 106, 28, 0.52%, 6, 0, 3, 1458.12
1639546549, 0, 69, 130, 99, 17, 0.52%, 6, 0, 3, 1426.53
1639546554, 0, 88, 144, 107, 12, 0.52%, 6, 0, 4, 1395.22
1639546559, 0, 108, 157, 117, 11, 0.55%, 6, 0, 4, 1407.62
1639546565, 0, 116, 164, 120, 13, 0.55%, 7, 0, 4, 1414.22
1639546570, 0, 145, 175, 126, 12, 0.56%, 7, 0, 5, 1441.84
1639546575, 0, 147, 178, 127, 11, 0.56%, 7, 0, 5, 1478.22
1639546580, 0, 148, 189, 137, 10, 0.58%, 8, 0, 5, 1394.90
1639546585, 0, 154, 195, 141, 14, 0.58%, 8, 0, 5, 1441.11
1639546590, 0, 168, 196, 140, 13, 0.58%, 8, 0, 5, 1421.64
1639546595, 0, 171, 199, 140, 12, 0.59%, 8, 0, 5, 1413.20
1639546600, 0, 180, 202, 140, 10, 0.59%, 8, 0, 6, 1403.81
1639546605, 0, 184, 211, 147, 9, 0.59%, 8, 0, 6, 1322.10
1639546610, 0, 189, 217, 151, 8, 0.61%, 8, 0, 6, 1314.78
1639546615, 0, 196, 217, 149, 7, 0.61%, 8, 0, 6, 1374.65
1639546620, 0, 208, 219, 148, 4, 0.61%, 10, 0, 7, 1396.31
1639546625, 0, 216, 225, 150, 2, 0.63%, 11, 0, 7, 1417.78
1639546630, 0, 216, 230, 155, 2, 0.65%, 11, 0, 7, 1435.39
1639546635, 0, 220, 236, 159, 10, 0.65%, 11, 0, 8, 1456.39
1639546641, 0, 225, 236, 154, 5, 0.65%, 11, 0, 8, 1462.17
1639546646, 0, 230, 242, 156, 1, 0.65%, 11, 0, 8, 1433.06
1639546651, 0, 238, 248, 161, 2, 0.66%, 11, 0, 9, 1422.53
1639546656, 0, 238, 251, 164, 2, 0.66%, 11, 0, 9, 1394.13
1639546661, 0, 244, 255, 167, 1, 0.69%, 11, 0, 9, 1392.94
1639546666, 0, 253, 262, 171, 9, 0.70%, 11, 0, 10, 1389.67
1639546671, 0, 256, 264, 170, 6, 0.70%, 11, 0, 11, 1390.04
1639546676, 0, 259, 269, 172, 4, 0.71%, 11, 0, 11, 1439.39
1639546681, 0, 264, 271, 172, 3, 0.71%, 11, 0, 11, 1454.00
1639546686, 0, 269, 278, 177, 2, 0.72%, 11, 0, 12, 1444.27
1639546691, 0, 276, 285, 183, 1, 0.72%, 11, 0, 13, 1453.76
1639546696, 1, 16, 287, 181, 0, 0.72%, 11, 0, 13, 1449.64
1639546701, 1, 50, 289, 177, 1, 0.72%, 11, 0, 13, 1445.69
1639546706, 1, 284, 290, 175, 1, 0.72%, 11, 0, 14, 1451.56
1639546712, 1, 289, 291, 174, 0, 0.72%, 12, 0, 15, 1418.87
1639546717, 2, 25, 293, 172, 0, 0.72%, 12, 0, 15, 1406.14
1639546722, 2, 293, 295, 173, 1, 0.72%, 13, 0, 15, 1399.53
1639546727, 3, 40, 298, 173, 0, 0.72%, 14, 0, 15, 1387.42
1639546732, 3, 63, 299, 170, 0, 0.72%, 14, 0, 15, 1381.86
1639546737, 3, 91, 301, 167, 0, 0.72%, 14, 0, 15, 1416.12
1639546742, 3, 110, 302, 162, 0, 0.72%, 14, 0, 15, 1416.40
1639546747, 3, 132, 302, 157, 0, 0.72%, 14, 0, 15, 1430.10
1639546753, 3, 145, 304, 154, 0, 0.72%, 14, 0, 15, 1437.91
1639546758, 3, 154, 305, 154, 0, 0.72%, 14, 0, 15, 1448.56
1639546763, 3, 170, 305, 153, 0, 0.72%, 14, 0, 15, 1453.36
1639546768, 3, 183, 305, 152, 0, 0.72%, 15, 0, 15, 1422.57
1639546773, 3, 225, 307, 152, 1, 0.72%, 15, 0, 15, 1404.27
1639546778, 4, 15, 307, 151, 0, 0.72%, 15, 0, 15, 1430.94
1639546783, 4, 41, 307, 149, 0, 0.72%, 15, 0, 15, 1437.02
1639546788, 4, 77, 307, 147, 0, 0.72%, 15, 0, 15, 1436.91
1639546794, 4, 103, 307, 142, 0, 0.72%, 15, 0, 15, 1437.87
1639546799, 4, 137, 308, 142, 0, 0.72%, 15, 0, 15, 1462.56
1639546804, 4, 154, 308, 141, 0, 0.72%, 15, 0, 15, 1453.54
1639546809, 4, 170, 308, 140, 0, 0.72%, 15, 0, 15, 1474.87
1639546814, 4, 180, 308, 139, 0, 0.72%, 15, 0, 15, 1419.08
