# unix_time, cycles_done, cur_path, paths_total, pending_total, pending_favs, map_size, unique_crashes, unique_hangs, max_depth, execs_per_sec
1639548026, 0, 0, 1, 1, 1, 0.12%, 0, 0, 1, 666.67
1639548031, 0, 0, 82, 82, 1, 0.43%, 4, 0, 2, 1173.86
1639548036, 0, 14, 97, 94, 38, 0.47%, 5, 0, 3, 1314.93
1639548041, 0, 15, 105, 101, 39, 0.48%, 5, 0, 3, 1337.52
1639548046, 0, 28, 128, 117, 34, 0.50%, 6, 0, 3, 1897.08
1639548051, 0, 40, 132, 114, 30, 0.51%, 6, 0, 3, 1429.91
1639548056, 0, 56, 140, 113, 23, 0.51%, 6, 0, 3, 1409.26
1639548061, 0, 93, 147, 113, 17, 0.53%, 7, 0, 4, 1404.20
1639548067, 0, 95, 156, 121, 20, 0.54%, 7, 0, 4, 1425.08
1639548072, 0, 125, 167, 125, 15, 0.54%, 7, 0, 4, 1449.97
1639548077, 0, 135, 171, 126, 11, 0.54%, 7, 0, 4, 1442.38
1639548082, 0, 137, 180, 134, 14, 0.56%, 7, 0, 4, 1434.60
1639548087, 0, 150, 181, 131, 11, 0.56%, 7, 0, 5, 1444.74
1639548092, 0, 156, 186, 135, 11, 0.56%, 7, 0, 5, 1436.43
1639548097, 0, 170, 189, 134, 10, 0.56%, 8, 0, 5, 1450.75
1639548102, 0, 173, 196, 140, 9, 0.58%, 8, 0, 5, 1458.20
1639548107, 0, 180, 199, 140, 11, 0.59%, 8, 0, 5, 1451.01
1639548112, 0, 186, 199, 137, 8, 0.59%, 8, 0, 5, 1439.41
1639548117, 0, 196, 202, 135, 4, 0.61%, 8, 0, 6, 1450.94
1639548122, 0, 201, 211, 143, 4, 0.63%, 8, 0, 7, 1458.13
1639548127, 0, 205, 214, 143, 7, 0.63%, 8, 0, 8, 1447.17
1639548132, 0, 213, 215, 140, 3, 0.63%, 8, 0, 8, 1453.30
1639548137, 1, 215, 217, 136, 1, 0.63%, 8, 0, 8, 1432.63
1639548143, 1, 216, 220, 138, 1, 0.63%, 8, 0, 8, 1404.69
1639548148, 2, 12, 221, 136, 0, 0.63%, 8, 0, 8, 1380.14
1639548153, 2, 30, 223, 137, 0, 0.63%, 8, 0, 8, 1391.53
1639548158, 2, 46, 223, 135, 0, 0.63%, 8, 0, 8, 1391.96
1639548163, 2, 73, 224, 131, 0, 0.63%, 8, 0, 8, 1416.15
1639548168, 2, 97, 224, 126, 0, 0.63%, 9, 0, 8, 1441.90
1639548173, 2, 135, 224, 119, 0, 0.63%, 9, 0, 8, 1447.54
1639548178, 2, 145, 225, 118, 0, 0.63%, 9, 0, 8, 1459.75
1639548183, 2, 156, 225, 114, 0, 0.63%, 9, 0, 8, 1459.07
1639548188, 2, 161, 226, 115, 0, 0.63%, 9, 0, 8, 1455.80
1639548193, 2, 226, 235, 124, 1, 0.64%, 10, 0, 8, 1440.14
1639548198, 2, 227, 241, 129, 4, 0.65%, 10, 0, 8, 1424.03
1639548203, 2, 229, 241, 128, 5, 0.65%, 10, 0, 8, 1436.84
1639548208, 2, 230, 247, 133, 4, 0.65%, 10, 0, 8, 1459.73
1639548213, 2, 234, 249, 134, 3, 0.65%, 10, 0, 8, 1478.86
1639548218, 2, 239, 250, 134, 3, 0.65%, 10, 0, 8, 1456.28
1639548223, 2, 240, 251, 134, 2, 0.65%, 10, 0, 8, 1442.78
1639548228, 3, 11, 253, 132, 0, 0.65%, 10, 0, 8, 1432.27
1639548233, 4, 12, 254, 127, 0, 0.66%, 10, 0, 8, 1456.01
1639548238, 4, 254, 256, 126, 1, 0.66%, 10, 0, 8, 1461.51
1639548243, 5, 18, 256, 124, 0, 0.66%, 10, 0, 8, 1476.66
1639548249, 5, 40, 257, 122, 0, 0.66%, 10, 0, 8, 1476.07
1639548254, 5, 56, 258, 122, 0, 0.66%, 10, 0, 8, 1465.01
1639548259, 5, 91, 259, 119, 0, 0.66%, 10, 0, 8, 1444.83
1639548264, 5, 120, 259, 113, 0, 0.66%, 10, 0, 8, 1463.83
1639548269, 5, 144, 259, 110, 0, 0.66%, 10, 0, 8, 1399.80
1639548274, 5, 156, 259, 108, 0, 0.66%, 10, 0, 8, 1447.85
1639548279, 5, 160, 259, 107, 0, 0.66%, 10, 0, 8, 1453.56
1639548285, 5, 174, 260, 106, 0, 0.66%, 10, 0, 8, 1459.84
1639548290, 5, 180, 261, 104, 0, 0.66%, 10, 0, 8, 1455.20
1639548295, 5, 186, 261, 103, 0, 0.66%, 10, 0, 8, 1453.32
1639548300, 5, 261, 264, 106, 1, 0.66%, 10, 0, 8, 1437.30
1639548305, 5, 261, 265, 107, 1, 0.66%, 10, 0, 8, 1419.63
1639548310, 5, 262, 267, 108, 2, 0.66%, 10, 0, 8, 1400.81
1639548315, 5, 263, 267, 107, 1, 0.66%, 10, 0, 8, 1423.70
1639548320, 5, 263, 269, 109, 1, 0.66%, 10, 0, 8, 1424.95
1639548325, 6, 20, 269, 107, 0, 0.66%, 10, 0, 8, 1450.45
