# unix_time, cycles_done, cur_path, paths_total, pending_total, pending_favs, map_size, unique_crashes, unique_hangs, max_depth, execs_per_sec
1639588818, 0, 0, 1, 1, 1, 0.12%, 0, 0, 1, 333.33
1639588823, 0, 0, 79, 79, 1, 0.46%, 3, 0, 2, 1017.72
1639588828, 0, 6, 97, 95, 39, 0.47%, 3, 0, 3, 1371.66
1639588833, 0, 30, 114, 99, 29, 0.50%, 3, 0, 3, 1600.62
1639588838, 0, 43, 128, 108, 25, 0.50%, 4, 0, 3, 1363.25
1639588843, 0, 50, 128, 105, 23, 0.50%, 4, 0, 3, 1365.54
1639588848, 0, 72, 154, 125, 23, 0.53%, 4, 0, 3, 1316.66
1639588853, 0, 100, 157, 121, 16, 0.53%, 6, 0, 4, 1287.29
1639588858, 0, 111, 168, 129, 13, 0.54%, 6, 0, 4, 1314.49
1639588863, 0, 131, 171, 129, 16, 0.55%, 6, 0, 4, 1352.15
1639588868, 0, 135, 176, 132, 14, 0.57%, 6, 0, 4, 1285.75
1639588873, 0, 155, 179, 130, 14, 0.57%, 6, 0, 4, 1300.38
1639588878, 0, 163, 184, 132, 11, 0.57%, 7, 0, 5, 1310.77
1639588883, 0, 169, 189, 134, 12, 0.58%, 7, 0, 5, 1363.43
1639588888, 0, 170, 193, 137, 15, 0.59%, 7, 0, 5, 1386.67
1639588893, 0, 170, 198, 142, 15, 0.59%, 7, 0, 5, 1393.83
1639588898, 0, 175, 200, 140, 12, 0.59%, 7, 0, 5, 1305.28
1639588903, 0, 184, 206, 143, 10, 0.60%, 7, 0, 6, 1315.03
1639588908, 0, 185, 211, 147, 9, 0.60%, 7, 0, 6, 1328.70
1639588914, 0, 188, 216, 150, 7, 0.60%, 7, 0, 6, 1305.71
1639588919, 0, 191, 219, 150, 6, 0.60%, 7, 0, 6, 1318.11
1639588924, 0, 217, 225, 152, 5, 0.63%, 7, 0, 7, 1292.01
1639588929, 0, 220, 229, 154, 4, 0.63%, 7, 0, 8, 1325.37
1639588934, 1, 23, 232, 153, 1, 0.63%, 7, 0, 8, 1253.28
1639588939, 1, 77, 234, 153, 1, 0.63%, 7, 0, 8, 1142.41
1639588944, 1, 233, 236, 153, 1, 0.63%, 7, 0, 8, 1099.54
1639588949, 1, 234, 239, 155, 0, 0.63%, 7, 0, 8, 1124.05
1639588954, 1, 236, 241, 156, 2, 0.64%, 7, 0, 8, 1166.18
1639588960, 1, 239, 251, 165, 1, 0.64%, 7, 0, 8, 1124.30
1639588965, 1, 239, 253, 167, 1, 0.65%, 7, 0, 8, 1128.61
1639588970, 1, 242, 256, 169, 3, 0.65%, 7, 0, 9, 1146.75
1639588975, 1, 244, 265, 177, 6, 0.66%, 7, 0, 9, 1242.57
1639588980, 1, 244, 267, 179, 6, 0.66%, 7, 0, 9, 1283.49
1639588985, 1, 252, 272, 183, 6, 0.66%, 7, 0, 9, 1349.25
1639588990, 1, 254, 277, 187, 5, 0.66%, 8, 0, 10, 1193.53
1639588995, 1, 259, 277, 186, 4, 0.66%, 8, 0, 10, 1300.81
1639589000, 1, 259, 283, 192, 4, 0.66%, 8, 0, 10, 1398.98
1639589005, 1, 261, 286, 194, 3, 0.66%, 8, 0, 10, 1431.52
1639589010, 1, 263, 286, 193, 2, 0.66%, 8, 0, 10, 1410.26
1639589016, 1, 268, 288, 194, 1, 0.66%, 8, 0, 10, 1399.53
1639589021, 1, 268, 289, 195, 1, 0.66%, 9, 0, 10, 1431.12
1639589026, 1, 272, 289, 193, 0, 0.66%, 9, 0, 10, 1417.76
1639589031, 1, 272, 290, 194, 0, 0.66%, 9, 0, 10, 1454.52
1639589036, 1, 273, 292, 195, 0, 0.66%, 9, 0, 10, 1450.79
1639589041, 1, 281, 293, 194, 0, 0.66%, 9, 0, 11, 1414.13
1639589046, 1, 287, 294, 194, 0, 0.66%, 9, 0, 11, 1421.64
1639589051, 1, 287, 297, 197, 0, 0.66%, 9, 0, 11, 1218.97
1639589056, 1, 295, 298, 196, 0, 0.66%, 9, 0, 12, 1360.16
1639589061, 1, 295, 299, 197, 0, 0.67%, 9, 0, 12, 1346.29
1639589066, 1, 298, 303, 200, 1, 0.70%, 9, 0, 13, 1376.96
1639589072, 1, 299, 304, 200, 4, 0.70%, 9, 0, 13, 1301.14
1639589077, 1, 301, 313, 207, 2, 0.72%, 9, 0, 14, 1304.76
1639589087, 1, 302, 314, 207, 10, 0.72%, 9, 0, 14, 1345.07
1639589092, 1, 304, 315, 207, 10, 0.72%, 9, 0, 15, 1355.43
1639589097, 1, 305, 315, 206, 9, 0.72%, 9, 0, 15, 1390.23
1639589102, 1, 306, 315, 205, 8, 0.72%, 9, 0, 15, 1384.90
1639589107, 1, 307, 315, 204, 7, 0.72%, 9, 0, 15, 1392.89
1639589112, 1, 308, 315, 203, 6, 0.72%, 9, 0, 15, 1394.09
1639589117, 1, 310, 316, 203, 6, 0.73%, 9, 0, 15, 1413.97
