# unix_time, cycles_done, cur_path, paths_total, pending_total, pending_favs, map_size, unique_crashes, unique_hangs, max_depth, execs_per_sec
1639562803, 0, 0, 1, 1, 1, 0.12%, 0, 0, 1, 1600.00
1639562808, 0, 0, 74, 74, 1, 0.39%, 2, 0, 2, 1418.53
1639562814, 0, 5, 101, 98, 32, 0.44%, 3, 0, 3, 1372.37
1639562819, 0, 15, 113, 108, 33, 0.45%, 3, 0, 3, 1376.84
1639562824, 0, 35, 134, 121, 29, 0.47%, 3, 0, 3, 1363.87
1639562829, 0, 52, 142, 119, 20, 0.47%, 3, 0, 3, 1399.44
1639562834, 0, 109, 149, 117, 12, 0.48%, 3, 0, 4, 1399.47
1639562839, 0, 139, 161, 121, 5, 0.48%, 3, 0, 4, 1386.34
1639562844, 0, 159, 180, 137, 7, 0.51%, 3, 0, 5, 2110.08
1639562849, 0, 166, 188, 142, 5, 0.53%, 4, 0, 5, 1714.13
1639562854, 0, 169, 192, 144, 9, 0.54%, 4, 0, 5, 1442.95
1639562860, 0, 169, 197, 149, 9, 0.54%, 4, 0, 5, 1416.26
1639562865, 0, 185, 204, 152, 7, 0.54%, 4, 0, 6, 1388.84
1639562870, 0, 195, 210, 154, 4, 0.55%, 5, 0, 6, 1032.02
1639562875, 0, 200, 212, 154, 2, 0.57%, 5, 0, 7, 1296.79
1639562880, 0, 211, 218, 157, 2, 0.58%, 5, 0, 8, 1323.34
1639562885, 0, 214, 226, 163, 1, 0.58%, 5, 0, 9, 1344.38
1639562890, 0, 223, 229, 164, 3, 0.58%, 5, 0, 10, 1374.07
1639562895, 1, 13, 229, 161, 0, 0.58%, 5, 0, 10, 1370.69
1639562900, 1, 43, 234, 161, 0, 0.58%, 5, 0, 10, 1372.23
1639562905, 1, 66, 235, 160, 0, 0.58%, 6, 0, 10, 1366.22
1639562911, 1, 237, 241, 161, 1, 0.60%, 8, 0, 10, 1380.46
1639562916, 1, 240, 243, 162, 1, 0.63%, 8, 0, 10, 1345.10
1639562921, 1, 241, 244, 162, 1, 0.63%, 8, 0, 10, 1364.71
1639562926, 2, 31, 244, 158, 0, 0.63%, 8, 0, 10, 1374.45
1639562931, 2, 56, 245, 157, 0, 0.63%, 9, 0, 10, 1387.14
1639562936, 2, 83, 245, 151, 0, 0.63%, 9, 0, 10, 1369.18
1639562941, 2, 106, 245, 146, 0, 0.63%, 9, 0, 10, 1404.10
1639562946, 2, 119, 246, 141, 0, 0.63%, 9, 0, 10, 1382.91
1639562951, 2, 144, 247, 136, 0, 0.63%, 9, 0, 10, 1403.14
1639562956, 2, 165, 248, 136, 0, 0.63%, 9, 0, 10, 1373.15
1639562961, 2, 171, 249, 136, 0, 0.63%, 9, 0, 10, 1348.32
1639562966, 2, 185, 251, 136, 0, 0.63%, 9, 0, 10, 1369.95
1639562971, 2, 253, 255, 140, 1, 0.63%, 9, 0, 10, 1292.96
1639562977, 3, 0, 256, 140, 0, 0.63%, 9, 0, 10, 1353.19
1639562982, 3, 35, 256, 135, 0, 0.63%, 9, 0, 10, 1396.26
1639562987, 3, 56, 257, 134, 0, 0.63%, 9, 0, 10, 1402.10
1639562992, 3, 98, 257, 130, 0, 0.63%, 10, 0, 10, 1381.56
1639562997, 3, 257, 259, 131, 1, 0.64%, 10, 0, 10, 1380.64
1639563002, 4, 29, 259, 127, 0, 0.64%, 10, 0, 10, 1403.62
1639563007, 4, 56, 259, 127, 0, 0.64%, 10, 0, 10, 1431.82
1639563012, 4, 91, 259, 123, 0, 0.64%, 10, 0, 10, 1447.06
1639563017, 4, 259, 260, 119, 1, 0.64%, 10, 0, 10, 1379.52
1639563022, 5, 10, 260, 118, 0, 0.64%, 10, 0, 10, 1299.39
1639563027, 5, 48, 260, 117, 0, 0.64%, 10, 0, 10, 1202.29
1639563032, 5, 73, 262, 118, 0, 0.64%, 10, 0, 10, 1297.26
1639563037, 5, 120, 262, 115, 0, 0.64%, 10, 0, 10, 1392.19
1639563042, 5, 262, 263, 113, 1, 0.64%, 11, 0, 10, 1428.88
1639563047, 5, 262, 265, 115, 1, 0.64%, 11, 0, 10, 1450.06
1639563052, 5, 264, 266, 115, 0, 0.64%, 11, 0, 10, 1436.40
1639563057, 5, 266, 268, 116, 0, 0.64%, 11, 0, 10, 1438.43
1639563062, 5, 266, 269, 117, 0, 0.64%, 11, 0, 10, 1405.72
1639563068, 5, 267, 271, 118, 0, 0.64%, 11, 0, 10, 1415.07
1639563073, 5, 267, 272, 119, 0, 0.64%, 11, 0, 10, 1443.35
1639563078, 5, 269, 273, 119, 0, 0.64%, 11, 0, 10, 1434.02
1639563083, 6, 10, 274, 118, 0, 0.64%, 11, 0, 10, 1458.63
1639563088, 6, 52, 275, 118, 0, 0.64%, 11, 0, 10, 1458.76
1639563093, 6, 102, 275, 115, 0, 0.64%, 11, 0, 10, 1436.37
1639563098, 6, 135, 275, 113, 0, 0.64%, 11, 0, 10, 1445.21
1639563103, 6, 152, 276, 110, 0, 0.64%, 11, 0, 10, 1437.17
