# unix_time, cycles_done, cur_path, paths_total, pending_total, pending_favs, map_size, unique_crashes, unique_hangs, max_depth, execs_per_sec
1639439272, 0, 0, 812, 812, 88, 0.91%, 0, 0, 1, 1120.39
1639439277, 0, 124, 812, 801, 79, 0.91%, 2, 0, 1, 1367.58
1639439282, 0, 166, 812, 791, 69, 0.91%, 3, 0, 1, 1428.33
1639439287, 0, 220, 812, 781, 60, 0.91%, 3, 0, 1, 1445.53
1639439292, 0, 316, 812, 771, 50, 0.91%, 3, 0, 1, 1790.21
1639439297, 0, 430, 812, 762, 42, 0.91%, 4, 0, 1, 1470.46
1639439302, 0, 509, 812, 754, 34, 0.91%, 5, 0, 1, 1417.01
1639439307, 0, 596, 812, 744, 25, 0.91%, 5, 0, 1, 1419.99
1639439312, 0, 664, 812, 735, 16, 0.91%, 5, 0, 1, 1420.68
1639439318, 0, 733, 812, 725, 6, 0.91%, 5, 0, 1, 1421.21
1639439323, 1, 5, 812, 716, 0, 0.91%, 5, 0, 1, 1402.65
1639439328, 1, 28, 812, 708, 0, 0.91%, 6, 0, 1, 1418.21
1639439333, 1, 63, 812, 699, 0, 0.91%, 6, 0, 1, 1425.19
1639439338, 1, 107, 812, 692, 0, 0.91%, 6, 0, 1, 1439.12
1639439343, 1, 144, 812, 686, 0, 0.91%, 6, 0, 1, 1417.63
1639439348, 1, 166, 812, 685, 0, 0.91%, 6, 0, 1, 1415.55
1639439353, 1, 201, 812, 680, 0, 0.91%, 6, 0, 1, 1412.68
1639439358, 1, 221, 812, 676, 0, 0.91%, 6, 0, 1, 1403.44
1639439364, 1, 235, 812, 669, 0, 0.91%, 6, 0, 1, 1416.87
1639439369, 1, 265, 812, 666, 0, 0.91%, 6, 0, 1, 1404.44
1639439374, 1, 313, 812, 657, 0, 0.91%, 6, 0, 1, 1421.94
1639439379, 1, 339, 812, 651, 0, 0.91%, 6, 0, 1, 1432.15
1639439384, 1, 374, 812, 647, 0, 0.91%, 6, 0, 1, 1420.98
1639439389, 1, 417, 812, 639, 0, 0.91%, 6, 0, 1, 1410.11
1639439394, 1, 444, 812, 634, 0, 0.91%, 6, 0, 1, 1433.55
1639439399, 1, 475, 812, 626, 0, 0.91%, 6, 0, 1, 1423.34
1639439404, 1, 497, 812, 619, 0, 0.91%, 6, 0, 1, 1440.53
1639439409, 1, 530, 812, 613, 0, 0.91%, 6, 0, 1, 1433.92
1639439415, 1, 553, 812, 605, 0, 0.91%, 7, 0, 1, 1419.51
1639439420, 1, 577, 812, 601, 0, 0.91%, 7, 0, 1, 1409.13
1639439425, 1, 588, 812, 595, 0, 0.91%, 7, 0, 1, 1414.90
1639439430, 1, 606, 812, 590, 0, 0.91%, 7, 0, 1, 1434.18
1639439435, 1, 630, 812, 586, 0, 0.91%, 8, 0, 1, 1407.90
1639439440, 1, 657, 812, 580, 0, 0.91%, 8, 0, 1, 1396.83
1639439445, 1, 689, 812, 572, 0, 0.91%, 8, 0, 1, 1402.27
1639439450, 1, 702, 812, 567, 0, 0.91%, 8, 0, 1, 1415.91
1639439455, 1, 727, 812, 563, 0, 0.91%, 8, 0, 1, 1412.40
1639439460, 1, 762, 812, 556, 0, 0.91%, 8, 0, 1, 1445.61
1639439465, 1, 790, 812, 549, 0, 0.91%, 9, 0, 1, 1426.94
1639439470, 2, 16, 812, 543, 0, 0.91%, 9, 0, 1, 1409.42
1639439475, 2, 65, 812, 536, 0, 0.91%, 10, 0, 1, 1415.72
1639439480, 2, 92, 812, 528, 0, 0.91%, 10, 0, 1, 1413.55
1639439485, 2, 137, 812, 523, 0, 0.91%, 10, 0, 1, 1417.53
1639439491, 2, 161, 812, 521, 0, 0.91%, 10, 0, 1, 1436.84
1639439496, 2, 192, 812, 518, 0, 0.91%, 10, 0, 1, 1439.39
1639439501, 2, 220, 812, 512, 0, 0.91%, 10, 0, 1, 1413.00
1639439506, 2, 239, 812, 509, 0, 0.91%, 10, 0, 1, 1425.21
1639439511, 2, 257, 812, 503, 0, 0.91%, 10, 0, 1, 1409.10
1639439516, 2, 300, 812, 494, 0, 0.91%, 10, 0, 1, 1409.19
1639439521, 2, 337, 812, 489, 0, 0.91%, 10, 0, 1, 1433.59
1639439526, 2, 363, 812, 483, 0, 0.91%, 10, 0, 1, 1409.87
1639439532, 2, 412, 812, 474, 0, 0.91%, 10, 0, 1, 1420.03
1639439537, 2, 436, 812, 470, 0, 0.91%, 10, 0, 1, 1416.30
1639439542, 2, 492, 813, 466, 0, 0.91%, 10, 0, 2, 1405.29
1639439547, 2, 519, 813, 463, 0, 0.91%, 10, 0, 2, 1419.54
1639439552, 2, 552, 814, 456, 0, 0.91%, 10, 0, 2, 1426.46
1639439557, 2, 588, 814, 453, 0, 0.91%, 10, 0, 2, 1414.97
1639439562, 2, 612, 814, 448, 0, 0.91%, 10, 0, 2, 1421.42
