# unix_time, cycles_done, cur_path, paths_total, pending_total, pending_favs, map_size, unique_crashes, unique_hangs, max_depth, execs_per_sec
1639487289, 0, 0, 1, 1, 1, 0.12%, 0, 0, 1, 1333.33
1639487294, 0, 0, 85, 85, 1, 0.48%, 4, 0, 2, 1407.37
1639487299, 0, 24, 136, 126, 43, 0.54%, 5, 0, 3, 2206.24
1639487304, 0, 51, 145, 124, 32, 0.54%, 5, 0, 3, 1673.90
1639487310, 0, 64, 158, 131, 25, 0.54%, 6, 0, 3, 1486.33
1639487315, 0, 88, 167, 132, 20, 0.54%, 6, 0, 3, 1473.93
1639487320, 0, 108, 180, 138, 17, 0.56%, 6, 0, 4, 1452.22
1639487325, 0, 155, 184, 133, 10, 0.56%, 8, 0, 4, 1451.50
1639487330, 0, 158, 199, 147, 10, 0.58%, 8, 0, 4, 1450.99
1639487335, 0, 167, 204, 149, 14, 0.59%, 8, 0, 5, 1461.21
1639487340, 0, 182, 205, 146, 14, 0.60%, 8, 0, 5, 1446.18
1639487345, 0, 195, 217, 154, 14, 0.61%, 9, 0, 5, 1462.97
1639487350, 0, 198, 228, 163, 12, 0.66%, 9, 0, 5, 1459.18
1639487355, 0, 204, 229, 159, 13, 0.66%, 9, 0, 6, 1453.44
1639487360, 0, 212, 234, 162, 11, 0.66%, 10, 0, 6, 1442.95
1639487365, 0, 224, 239, 162, 11, 0.67%, 12, 0, 6, 1419.64
1639487370, 0, 230, 241, 160, 7, 0.67%, 12, 0, 7, 1449.53
1639487375, 0, 234, 247, 164, 5, 0.67%, 12, 0, 7, 1374.86
1639487380, 0, 235, 251, 167, 4, 0.67%, 12, 0, 7, 1423.00
1639487385, 0, 253, 262, 174, 4, 0.68%, 13, 0, 8, 1415.34
1639487390, 0, 256, 264, 175, 3, 0.68%, 13, 0, 9, 1428.11
1639487395, 0, 264, 266, 175, 2, 0.69%, 13, 0, 10, 1472.77
1639487401, 1, 119, 267, 170, 0, 0.69%, 13, 0, 10, 1480.57
1639487406, 1, 143, 269, 164, 0, 0.69%, 13, 0, 10, 1468.51
1639487411, 1, 173, 270, 160, 0, 0.69%, 13, 0, 10, 1466.12
1639487416, 1, 197, 271, 158, 0, 0.69%, 13, 0, 10, 1454.18
1639487421, 1, 204, 271, 158, 0, 0.69%, 14, 0, 10, 1436.94
1639487426, 1, 226, 271, 158, 0, 0.69%, 14, 0, 10, 1455.90
1639487431, 1, 235, 271, 157, 0, 0.69%, 15, 0, 10, 1465.38
1639487436, 1, 244, 271, 155, 0, 0.69%, 16, 0, 10, 1438.06
1639487441, 1, 253, 274, 155, 0, 0.69%, 16, 0, 10, 1451.50
1639487446, 1, 259, 276, 156, 0, 0.69%, 16, 0, 10, 1437.30
1639487451, 1, 261, 281, 161, 0, 0.69%, 16, 0, 10, 1451.36
1639487456, 1, 265, 281, 160, 0, 0.69%, 16, 0, 10, 1456.15
1639487461, 1, 281, 286, 165, 1, 0.73%, 16, 0, 12, 1452.20
1639487466, 1, 282, 289, 167, 4, 0.74%, 16, 0, 13, 1453.82
1639487471, 1, 283, 292, 169, 6, 0.74%, 17, 0, 13, 1460.93
1639487476, 1, 284, 297, 173, 6, 0.75%, 17, 0, 13, 1451.06
1639487481, 1, 286, 298, 172, 6, 0.75%, 17, 0, 13, 1448.90
1639487487, 1, 290, 300, 172, 4, 0.75%, 17, 0, 14, 1475.61
1639487492, 1, 292, 300, 170, 2, 0.75%, 17, 0, 14, 1478.72
1639487497, 1, 299, 301, 169, 0, 0.75%, 17, 0, 15, 1479.56
1639487502, 1, 301, 305, 172, 1, 0.75%, 17, 0, 16, 1465.23
1639487507, 1, 301, 306, 173, 1, 0.75%, 17, 0, 16, 1468.03
1639487512, 1, 304, 306, 172, 0, 0.75%, 17, 0, 16, 1442.14
1639487517, 1, 304, 307, 173, 0, 0.75%, 17, 0, 17, 1440.22
1639487522, 1, 305, 307, 172, 0, 0.75%, 17, 0, 17, 1460.07
1639487527, 2, 290, 308, 168, 1, 0.75%, 17, 0, 17, 1468.25
1639487532, 2, 311, 313, 171, 0, 0.75%, 17, 0, 17, 1455.72
1639487537, 2, 312, 316, 173, 0, 0.75%, 17, 0, 17, 1408.91
1639487542, 3, 23, 318, 172, 0, 0.75%, 18, 0, 17, 1472.48
1639487548, 3, 65, 319, 170, 0, 0.75%, 18, 0, 17, 1464.42
1639487553, 3, 95, 319, 167, 0, 0.75%, 18, 0, 17, 1451.68
1639487558, 3, 115, 320, 162, 0, 0.75%, 18, 0, 17, 1467.44
1639487563, 3, 172, 321, 160, 0, 0.75%, 18, 0, 17, 1470.33
1639487568, 3, 182, 322, 159, 0, 0.75%, 18, 0, 17, 1445.07
1639487573, 3, 197, 323, 157, 0, 0.75%, 18, 0, 17, 1458.90
1639487578, 3, 204, 323, 157, 0, 0.75%, 18, 0, 17, 1460.79
1639487583, 3, 223, 323, 155, 0, 0.75%, 18, 0, 17, 1455.06
1639487588, 3, 232, 323, 154, 0, 0.75%, 18, 0, 17, 1469.03
