# unix_time, cycles_done, cur_path, paths_total, pending_total, pending_favs, map_size, unique_crashes, unique_hangs, max_depth, execs_per_sec
1639436030, 0, 0, 597, 597, 94, 0.89%, 0, 0, 1, 1238.27
1639436036, 0, 44, 597, 585, 82, 0.89%, 3, 0, 1, 1393.07
1639436041, 0, 113, 597, 573, 70, 0.89%, 3, 0, 1, 1439.54
1639436046, 0, 139, 598, 566, 62, 0.89%, 3, 0, 2, 1455.64
1639436051, 0, 196, 598, 558, 54, 0.89%, 4, 0, 2, 1459.87
1639436056, 0, 289, 598, 548, 44, 0.89%, 6, 0, 2, 1456.14
1639436061, 0, 332, 604, 547, 39, 0.89%, 7, 0, 2, 1432.73
1639436066, 0, 394, 604, 541, 35, 0.89%, 8, 0, 2, 1396.80
1639436071, 0, 440, 604, 532, 26, 0.89%, 8, 0, 2, 1422.25
1639436076, 0, 517, 604, 520, 14, 0.89%, 8, 0, 2, 1448.40
1639436081, 0, 561, 604, 513, 8, 0.89%, 8, 0, 2, 1450.75
1639436086, 1, 0, 604, 505, 0, 0.89%, 8, 0, 2, 1442.28
1639436092, 1, 24, 604, 502, 0, 0.89%, 8, 0, 2, 1441.04
1639436097, 1, 52, 604, 498, 0, 0.89%, 8, 0, 2, 1447.12
1639436102, 1, 91, 604, 492, 0, 0.89%, 8, 0, 2, 1452.70
1639436107, 1, 113, 604, 487, 0, 0.89%, 8, 0, 2, 1424.77
1639436112, 1, 133, 604, 483, 0, 0.89%, 8, 0, 2, 1453.18
1639436117, 1, 142, 604, 479, 0, 0.89%, 8, 0, 2, 1439.30
1639436122, 1, 162, 604, 473, 0, 0.89%, 8, 0, 2, 1430.65
1639436127, 1, 196, 604, 468, 0, 0.89%, 8, 0, 2, 1435.52
1639436132, 1, 238, 604, 464, 0, 0.89%, 8, 0, 2, 1447.59
1639436137, 1, 271, 604, 459, 0, 0.89%, 9, 0, 2, 1442.69
1639436142, 1, 300, 604, 452, 0, 0.89%, 9, 0, 2, 1441.36
1639436147, 1, 342, 604, 445, 0, 0.89%, 9, 0, 2, 1443.08
1639436152, 1, 372, 604, 438, 0, 0.89%, 9, 0, 2, 1452.27
1639436157, 1, 394, 604, 430, 0, 0.89%, 9, 0, 2, 1458.99
1639436162, 1, 409, 604, 425, 0, 0.89%, 9, 0, 2, 1444.10
1639436167, 1, 423, 604, 418, 0, 0.89%, 9, 0, 2, 1448.48
1639436173, 1, 441, 604, 413, 0, 0.89%, 9, 0, 2, 1456.52
1639436178, 1, 482, 604, 407, 0, 0.89%, 10, 0, 2, 1439.28
1639436183, 1, 505, 604, 402, 0, 0.89%, 10, 0, 2, 1452.80
1639436188, 1, 526, 604, 399, 0, 0.89%, 10, 0, 2, 1446.67
1639436193, 1, 556, 604, 392, 0, 0.89%, 11, 0, 2, 1473.62
1639436198, 1, 573, 604, 389, 0, 0.89%, 11, 0, 2, 1452.75
1639436203, 2, 11, 605, 384, 0, 0.90%, 11, 0, 2, 1449.14
1639436208, 2, 42, 605, 380, 0, 0.90%, 11, 0, 2, 1448.00
1639436213, 2, 58, 605, 377, 0, 0.90%, 11, 0, 2, 1456.61
1639436218, 2, 74, 605, 371, 0, 0.90%, 11, 0, 2, 1455.12
1639436223, 2, 105, 605, 367, 0, 0.90%, 12, 0, 2, 1465.23
1639436228, 2, 128, 605, 363, 0, 0.90%, 12, 0, 2, 1454.86
1639436234, 2, 147, 605, 363, 0, 0.90%, 12, 0, 2, 1447.02
1639436239, 2, 163, 605, 359, 0, 0.90%, 12, 0, 2, 1433.02
1639436244, 2, 197, 605, 352, 0, 0.90%, 12, 0, 2, 1446.84
1639436249, 2, 227, 605, 345, 0, 0.90%, 12, 0, 2, 1447.72
1639436254, 2, 254, 605, 339, 0, 0.90%, 12, 0, 2, 1449.59
1639436259, 2, 281, 605, 332, 0, 0.90%, 12, 0, 2, 1456.00
1639436264, 2, 322, 605, 327, 0, 0.90%, 12, 0, 2, 1406.06
1639436270, 2, 340, 605, 321, 0, 0.90%, 12, 0, 2, 1411.94
1639436275, 2, 402, 605, 313, 0, 0.90%, 12, 0, 2, 1814.70
1639436280, 2, 435, 605, 312, 0, 0.90%, 12, 0, 2, 1501.77
1639436285, 2, 462, 605, 307, 0, 0.90%, 12, 0, 2, 1433.07
1639436290, 2, 494, 606, 303, 0, 0.90%, 12, 0, 2, 1452.59
1639436295, 2, 518, 606, 300, 0, 0.90%, 12, 0, 2, 1438.30
1639436300, 2, 540, 606, 295, 0, 0.90%, 12, 0, 2, 1433.40
1639436305, 2, 566, 606, 290, 0, 0.90%, 13, 0, 2, 1442.23
1639436310, 2, 593, 606, 288, 1, 0.90%, 13, 0, 2, 1449.08
1639436316, 3, 16, 606, 284, 0, 0.90%, 13, 0, 2, 1446.20
1639436321, 3, 44, 606, 282, 0, 0.90%, 13, 0, 2, 1442.45
1639436326, 3, 91, 606, 278, 0, 0.90%, 13, 0, 2, 1426.52
