# unix_time, cycles_done, cur_path, paths_total, pending_total, pending_favs, map_size, unique_crashes, unique_hangs, max_depth, execs_per_sec
1639600279, 0, 0, 1, 1, 1, 0.12%, 0, 0, 1, 1600.00
1639600284, 0, 0, 81, 81, 1, 0.42%, 3, 0, 2, 1417.89
1639600289, 0, 9, 96, 91, 37, 0.43%, 3, 0, 3, 1272.51
1639600294, 0, 16, 116, 109, 35, 0.44%, 4, 0, 3, 1246.12
1639600299, 0, 43, 131, 111, 27, 0.45%, 6, 0, 3, 1327.21
1639600304, 0, 53, 147, 121, 26, 0.45%, 6, 0, 3, 1346.03
1639600309, 0, 62, 159, 126, 20, 0.45%, 6, 0, 3, 1303.35
1639600314, 0, 85, 166, 127, 15, 0.45%, 7, 0, 3, 1265.92
1639600320, 0, 119, 174, 129, 12, 0.46%, 10, 0, 4, 1309.73
1639600325, 0, 156, 179, 126, 4, 0.46%, 13, 0, 4, 1357.36
1639600330, 0, 173, 183, 128, 3, 0.46%, 13, 0, 5, 1334.48
1639600335, 0, 176, 187, 131, 4, 0.47%, 14, 0, 5, 1328.85
1639600340, 0, 178, 193, 136, 6, 0.47%, 14, 0, 5, 1357.13
1639600345, 0, 183, 199, 140, 5, 0.47%, 14, 0, 6, 1256.38
1639600350, 0, 184, 199, 139, 4, 0.47%, 14, 0, 6, 1189.21
1639600355, 1, 9, 199, 134, 0, 0.47%, 14, 0, 6, 1273.18
1639600360, 1, 29, 200, 132, 0, 0.47%, 14, 0, 6, 1278.79
1639600365, 1, 45, 201, 130, 0, 0.47%, 15, 0, 6, 1246.25
1639600370, 1, 56, 201, 129, 0, 0.47%, 15, 0, 6, 1186.83
1639600375, 1, 81, 203, 129, 0, 0.47%, 16, 0, 6, 1186.34
1639600381, 1, 104, 206, 129, 0, 0.47%, 16, 0, 6, 1253.45
1639600386, 1, 121, 206, 123, 0, 0.47%, 16, 0, 6, 1214.52
1639600391, 1, 136, 209, 122, 0, 0.47%, 17, 0, 6, 1243.84
1639600396, 1, 151, 210, 119, 0, 0.47%, 17, 0, 6, 1246.49
1639600401, 1, 211, 212, 115, 1, 0.48%, 17, 0, 6, 1374.43
1639600406, 1, 211, 217, 120, 1, 0.49%, 17, 0, 6, 1420.56
1639600411, 1, 213, 220, 122, 2, 0.50%, 17, 0, 7, 1474.61
1639600416, 1, 217, 223, 123, 4, 0.50%, 17, 0, 7, 1455.31
1639600421, 1, 219, 228, 127, 4, 0.53%, 17, 0, 8, 1478.29
1639600426, 1, 223, 231, 128, 4, 0.54%, 17, 0, 9, 1482.34
1639600431, 1, 224, 234, 130, 6, 0.55%, 17, 0, 9, 1466.88
1639600436, 1, 224, 235, 131, 6, 0.55%, 17, 0, 9, 1420.90
1639600441, 1, 229, 235, 129, 6, 0.55%, 17, 0, 9, 1467.11
1639600446, 1, 231, 237, 129, 4, 0.55%, 17, 0, 10, 1485.65
1639600451, 1, 232, 240, 131, 3, 0.55%, 17, 0, 10, 1448.89
1639600456, 1, 233, 245, 135, 3, 0.56%, 17, 0, 10, 1442.87
1639600461, 1, 233, 246, 136, 3, 0.56%, 17, 0, 10, 1421.60
1639600467, 1, 240, 248, 136, 4, 0.57%, 17, 0, 11, 1406.42
1639600472, 1, 243, 251, 138, 4, 0.57%, 17, 0, 11, 1392.39
1639600477, 1, 244, 254, 140, 3, 0.60%, 17, 0, 11, 1401.44
1639600482, 1, 246, 258, 143, 7, 0.61%, 17, 0, 11, 1397.45
1639600487, 1, 247, 260, 144, 7, 0.61%, 17, 0, 12, 1408.04
1639600492, 1, 251, 268, 151, 6, 0.62%, 17, 0, 12, 1382.93
1639600497, 1, 252, 270, 152, 12, 0.63%, 17, 0, 12, 1337.08
1639600502, 1, 253, 270, 151, 11, 0.63%, 17, 0, 12, 1306.95
1639600507, 1, 255, 271, 151, 10, 0.63%, 17, 0, 12, 1290.38
1639600512, 1, 257, 272, 151, 9, 0.63%, 17, 0, 12, 1266.61
1639600517, 1, 260, 273, 151, 9, 0.63%, 17, 0, 13, 1272.26
1639600522, 1, 260, 274, 152, 9, 0.63%, 17, 0, 13, 1168.47
1639600527, 1, 261, 274, 151, 8, 0.63%, 17, 0, 13, 1591.17
1639600532, 1, 263, 274, 149, 6, 0.63%, 17, 0, 13, 1822.93
1639600537, 1, 263, 275, 150, 6, 0.63%, 17, 0, 13, 1323.71
1639600542, 1, 265, 275, 149, 5, 0.63%, 17, 0, 13, 1263.23
1639600547, 1, 266, 275, 148, 4, 0.63%, 17, 0, 13, 1321.50
1639600553, 1, 267, 275, 147, 3, 0.63%, 17, 0, 13, 1328.47
1639600558, 1, 268, 276, 147, 2, 0.63%, 17, 0, 13, 1345.52
1639600563, 1, 277, 279, 148, 1, 0.63%, 17, 0, 14, 1371.22
1639600568, 1, 277, 280, 149, 1, 0.63%, 17, 0, 14, 1415.20
1639600573, 2, 19, 282, 146, 0, 0.63%, 17, 0, 14, 1477.47
1639600578, 2, 38, 283, 144, 0, 0.63%, 17, 0, 14, 1358.84
