# unix_time, cycles_done, cur_path, paths_total, pending_total, pending_favs, map_size, unique_crashes, unique_hangs, max_depth, execs_per_sec
1639599977, 0, 0, 1, 1, 1, 0.12%, 0, 0, 1, 1333.33
1639599983, 0, 0, 75, 75, 1, 0.41%, 4, 0, 2, 1387.30
1639599988, 0, 17, 103, 97, 36, 0.47%, 5, 0, 3, 1440.45
1639599993, 0, 20, 113, 106, 37, 0.49%, 5, 0, 3, 1465.41
1639599998, 0, 46, 124, 104, 24, 0.50%, 5, 0, 3, 1462.13
1639600003, 0, 54, 129, 106, 23, 0.50%, 5, 0, 3, 1444.33
1639600008, 0, 69, 138, 109, 20, 0.52%, 6, 0, 3, 1470.57
1639600013, 0, 77, 147, 115, 17, 0.52%, 6, 0, 3, 1406.05
1639600018, 0, 101, 154, 117, 13, 0.53%, 7, 0, 4, 1460.14
1639600023, 0, 110, 160, 121, 14, 0.54%, 7, 0, 4, 1458.33
1639600028, 0, 118, 170, 129, 20, 0.55%, 7, 0, 4, 1462.33
1639600033, 0, 150, 186, 138, 16, 0.58%, 11, 0, 4, 1420.00
1639600038, 0, 154, 197, 147, 14, 0.61%, 11, 0, 5, 1442.84
1639600043, 0, 161, 199, 147, 13, 0.62%, 11, 0, 5, 1435.84
1639600048, 0, 175, 204, 148, 10, 0.62%, 11, 0, 5, 1467.07
1639600053, 0, 180, 215, 158, 11, 0.62%, 11, 0, 5, 1446.16
1639600059, 0, 191, 223, 163, 10, 0.63%, 12, 0, 6, 1444.17
1639600064, 0, 196, 231, 170, 16, 0.65%, 12, 0, 6, 1480.63
1639600069, 0, 203, 236, 173, 14, 0.65%, 13, 0, 6, 1453.44
1639600074, 0, 205, 239, 174, 12, 0.65%, 14, 0, 6, 1445.42
1639600079, 0, 221, 243, 174, 9, 0.65%, 14, 0, 6, 1458.26
1639600084, 0, 224, 250, 179, 7, 0.65%, 14, 0, 7, 1450.46
1639600089, 0, 227, 252, 179, 5, 0.65%, 15, 0, 7, 1459.57
1639600094, 0, 239, 254, 178, 4, 0.65%, 15, 0, 7, 1473.05
1639600099, 1, 217, 257, 176, 1, 0.65%, 15, 0, 8, 1462.53
1639600104, 1, 225, 260, 178, 0, 0.65%, 15, 0, 8, 1456.01
1639600109, 1, 228, 260, 177, 0, 0.65%, 15, 0, 8, 1465.71
1639600114, 1, 243, 260, 176, 0, 0.65%, 16, 0, 8, 1461.62
1639600119, 1, 257, 261, 175, 0, 0.65%, 16, 0, 8, 1449.74
1639600124, 2, 17, 263, 172, 0, 0.65%, 16, 0, 8, 1459.85
1639600130, 2, 265, 269, 176, 0, 0.66%, 16, 0, 8, 1450.54
1639600135, 2, 265, 271, 178, 0, 0.66%, 16, 0, 8, 1414.85
1639600140, 2, 270, 275, 180, 0, 0.66%, 16, 0, 8, 1460.68
1639600145, 2, 272, 278, 182, 3, 0.67%, 16, 0, 8, 1456.59
1639600150, 2, 278, 282, 183, 1, 0.67%, 16, 0, 8, 1465.84
1639600155, 2, 278, 284, 185, 1, 0.67%, 16, 0, 8, 1472.21
1639600160, 2, 282, 285, 185, 2, 0.67%, 16, 0, 9, 1395.29
1639600165, 2, 283, 286, 185, 2, 0.67%, 16, 0, 9, 1403.71
1639600170, 2, 284, 291, 189, 1, 0.67%, 16, 0, 10, 1423.59
1639600175, 2, 290, 293, 190, 1, 0.67%, 16, 0, 11, 1441.01
1639600185, 3, 7, 293, 188, 0, 0.67%, 17, 0, 11, 1446.42
1639600190, 3, 33, 294, 184, 0, 0.67%, 17, 0, 11, 1446.05
1639600195, 3, 63, 295, 182, 0, 0.67%, 17, 0, 11, 1444.06
1639600200, 3, 82, 296, 180, 0, 0.67%, 17, 0, 11, 1460.54
1639600205, 3, 101, 298, 176, 0, 0.67%, 17, 0, 11, 1456.78
1639600210, 3, 118, 298, 171, 0, 0.67%, 17, 0, 11, 1459.12
1639600216, 3, 139, 299, 168, 0, 0.67%, 17, 0, 11, 1440.96
1639600221, 3, 158, 300, 166, 0, 0.67%, 17, 0, 11, 1745.15
1639600226, 3, 175, 300, 163, 0, 0.67%, 17, 0, 11, 2005.69
1639600231, 3, 183, 300, 161, 0, 0.67%, 17, 0, 11, 1577.12
1639600236, 4, 21, 301, 158, 0, 0.68%, 17, 0, 11, 1975.22
1639600241, 4, 49, 302, 158, 0, 0.68%, 17, 0, 11, 1519.66
1639600246, 4, 65, 303, 156, 0, 0.68%, 18, 0, 11, 1404.11
1639600252, 4, 95, 303, 153, 0, 0.68%, 18, 0, 11, 1375.41
1639600257, 4, 113, 303, 150, 0, 0.68%, 18, 0, 11, 1310.79
1639600262, 4, 141, 304, 150, 0, 0.68%, 18, 0, 11, 1280.29
1639600267, 4, 154, 305, 147, 0, 0.68%, 18, 0, 11, 1257.86
1639600272, 4, 161, 305, 145, 0, 0.68%, 18, 0, 11, 1230.90
1639600277, 4, 170, 307, 146, 0, 0.68%, 18, 0, 11, 1375.69
