# unix_time, cycles_done, cur_path, paths_total, pending_total, pending_favs, map_size, unique_crashes, unique_hangs, max_depth, execs_per_sec
1639472512, 0, 0, 1, 1, 1, 0.12%, 0, 0, 1, 1000.00
1639472517, 0, 0, 72, 72, 1, 0.40%, 4, 0, 2, 1395.10
1639472522, 0, 18, 111, 106, 38, 0.47%, 5, 0, 2, 1389.32
1639472527, 0, 22, 122, 114, 35, 0.50%, 5, 0, 3, 1437.79
1639472532, 0, 26, 143, 131, 36, 0.51%, 5, 0, 3, 1413.24
1639472537, 0, 53, 152, 129, 26, 0.51%, 7, 0, 3, 1428.27
1639472542, 0, 112, 170, 134, 16, 0.54%, 7, 0, 3, 2003.48
1639472547, 0, 154, 172, 127, 8, 0.54%, 7, 0, 4, 1531.92
1639472552, 0, 169, 174, 122, 1, 0.54%, 7, 0, 4, 1448.92
1639472557, 1, 32, 182, 123, 3, 0.55%, 7, 0, 4, 1423.58
1639472562, 1, 177, 190, 129, 3, 0.57%, 7, 0, 4, 1412.27
1639472567, 1, 182, 197, 135, 6, 0.57%, 7, 0, 5, 1411.91
1639472572, 1, 183, 198, 135, 7, 0.57%, 7, 0, 5, 1406.83
1639472578, 1, 185, 201, 137, 6, 0.57%, 8, 0, 5, 1435.46
1639472583, 1, 187, 203, 137, 6, 0.58%, 8, 0, 5, 1423.44
1639472588, 1, 190, 208, 140, 4, 0.58%, 8, 0, 5, 1415.65
1639472593, 1, 195, 211, 142, 4, 0.58%, 8, 0, 6, 1425.60
1639472598, 1, 197, 212, 142, 5, 0.59%, 8, 0, 6, 1427.62
1639472603, 1, 207, 213, 141, 4, 0.59%, 8, 0, 6, 1453.99
1639472608, 1, 210, 222, 149, 3, 0.63%, 8, 0, 7, 1470.67
1639472613, 1, 214, 224, 149, 8, 0.63%, 8, 0, 7, 1447.90
1639472618, 1, 215, 225, 149, 8, 0.63%, 8, 0, 8, 1455.83
1639472623, 1, 218, 227, 148, 7, 0.64%, 9, 0, 8, 1448.08
1639472628, 1, 222, 231, 151, 7, 0.65%, 9, 0, 8, 1431.07
1639472633, 1, 224, 235, 154, 7, 0.65%, 9, 0, 8, 1436.94
1639472638, 1, 225, 237, 155, 7, 0.68%, 9, 0, 9, 1452.73
1639472643, 1, 226, 238, 155, 7, 0.68%, 9, 0, 9, 1453.45
1639472648, 1, 228, 249, 165, 6, 0.69%, 9, 0, 9, 1439.44
1639472653, 1, 228, 249, 165, 6, 0.69%, 10, 0, 9, 1436.05
1639472658, 1, 229, 253, 168, 7, 0.69%, 10, 0, 9, 1430.67
1639472663, 1, 236, 265, 178, 7, 0.71%, 10, 0, 10, 1426.14
1639472668, 1, 236, 267, 180, 7, 0.72%, 10, 0, 10, 1431.02
1639472673, 1, 240, 273, 185, 16, 0.72%, 10, 0, 10, 1434.63
1639472679, 1, 242, 274, 185, 15, 0.72%, 10, 0, 10, 1403.19
1639472684, 1, 242, 278, 189, 15, 0.72%, 10, 0, 10, 1417.35
1639472689, 1, 244, 279, 189, 14, 0.72%, 10, 0, 10, 1387.35
1639472699, 1, 251, 283, 192, 13, 0.72%, 10, 0, 10, 1425.71
1639472704, 1, 254, 288, 195, 15, 0.73%, 10, 0, 10, 1406.75
1639472709, 1, 255, 288, 194, 14, 0.73%, 10, 0, 10, 1443.43
1639472714, 1, 258, 289, 193, 12, 0.73%, 10, 0, 11, 1430.72
1639472719, 1, 261, 289, 192, 10, 0.73%, 10, 0, 11, 1408.08
1639472724, 1, 263, 291, 193, 10, 0.73%, 10, 0, 11, 1419.97
1639472729, 1, 264, 291, 192, 9, 0.73%, 10, 0, 11, 1423.39
1639472734, 1, 266, 291, 190, 7, 0.73%, 10, 0, 11, 1420.82
1639472739, 1, 281, 293, 191, 6, 0.73%, 10, 0, 11, 1411.87
1639472744, 1, 282, 296, 193, 6, 0.73%, 10, 0, 11, 1435.59
1639472755, 1, 284, 296, 192, 5, 0.73%, 10, 0, 11, 1440.09
1639472760, 1, 286, 299, 194, 4, 0.73%, 10, 0, 11, 1441.58
1639472770, 1, 289, 301, 195, 3, 0.74%, 11, 0, 12, 1429.67
1639472775, 1, 290, 303, 196, 4, 0.74%, 11, 0, 12, 1437.05
1639472780, 1, 292, 305, 197, 3, 0.74%, 12, 0, 12, 1405.29
1639472785, 1, 300, 305, 196, 3, 0.74%, 12, 0, 12, 1418.82
1639472790, 1, 304, 306, 196, 2, 0.74%, 13, 0, 13, 1380.60
1639472795, 2, 44, 310, 193, 0, 0.74%, 13, 0, 13, 1408.14
1639472800, 2, 69, 310, 190, 0, 0.74%, 13, 0, 13, 1425.68
1639472805, 2, 101, 310, 185, 0, 0.74%, 13, 0, 13, 1435.50
1639472810, 2, 114, 310, 182, 0, 0.74%, 13, 0, 13, 1418.37
