# unix_time, cycles_done, cur_path, paths_total, pending_total, pending_favs, map_size, unique_crashes, unique_hangs, max_depth, execs_per_sec
1639561012, 0, 0, 896, 896, 100, 0.97%, 0, 0, 1, 1172.39
1639561017, 0, 98, 896, 884, 88, 0.97%, 3, 0, 1, 1353.80
1639561022, 0, 178, 896, 874, 78, 0.97%, 3, 0, 1, 1390.04
1639561027, 0, 252, 896, 866, 70, 0.97%, 3, 0, 1, 1396.23
1639561032, 0, 330, 896, 858, 63, 0.97%, 3, 0, 1, 1374.68
1639561037, 0, 411, 896, 850, 55, 0.97%, 6, 0, 1, 1364.35
1639561042, 0, 449, 896, 842, 47, 0.97%, 6, 0, 1, 1361.66
1639561047, 0, 541, 896, 829, 35, 0.97%, 6, 0, 1, 1390.86
1639561052, 0, 638, 896, 820, 28, 0.97%, 7, 0, 1, 1413.09
1639561057, 0, 686, 896, 811, 19, 0.97%, 7, 0, 1, 1391.75
1639561062, 0, 797, 896, 803, 11, 0.97%, 8, 0, 1, 1392.19
1639561068, 0, 885, 896, 793, 2, 0.97%, 9, 0, 1, 1402.51
1639561073, 1, 26, 896, 787, 0, 0.97%, 9, 0, 1, 1716.32
1639561078, 1, 53, 896, 783, 0, 0.97%, 9, 0, 1, 1449.95
1639561083, 1, 93, 896, 777, 0, 0.97%, 9, 0, 1, 1391.71
1639561088, 1, 117, 896, 769, 0, 0.97%, 9, 0, 1, 1393.47
1639561093, 1, 141, 896, 761, 0, 0.97%, 9, 0, 1, 1380.69
1639561098, 1, 178, 896, 755, 0, 0.97%, 9, 0, 1, 1394.71
1639561104, 1, 197, 896, 752, 0, 0.97%, 9, 0, 1, 1382.06
1639561109, 1, 780, 896, 743, 0, 0.97%, 9, 0, 1, 1405.67
1639561114, 1, 805, 896, 737, 0, 0.97%, 9, 0, 1, 1375.62
1639561119, 1, 832, 896, 730, 0, 0.97%, 9, 0, 1, 1377.16
1639561124, 1, 859, 896, 723, 0, 0.97%, 9, 0, 1, 1376.11
1639561129, 1, 895, 896, 720, 0, 0.97%, 9, 0, 1, 1388.31
1639561134, 2, 29, 896, 713, 0, 0.97%, 10, 0, 1, 1290.22
1639561140, 2, 55, 896, 708, 0, 0.97%, 10, 0, 1, 1362.02
1639561145, 2, 81, 896, 702, 0, 0.97%, 10, 0, 1, 1353.54
1639561150, 2, 114, 896, 696, 0, 0.97%, 10, 0, 1, 1365.27
1639561155, 2, 158, 896, 690, 0, 0.97%, 10, 0, 1, 1378.76
1639561160, 2, 181, 896, 687, 0, 0.97%, 10, 0, 1, 1334.60
1639561165, 2, 203, 896, 681, 0, 0.97%, 10, 0, 1, 1350.80
1639561170, 2, 229, 896, 677, 0, 0.97%, 10, 0, 1, 1335.70
1639561176, 2, 270, 896, 671, 0, 0.97%, 11, 0, 1, 1345.80
1639561181, 2, 289, 896, 666, 0, 0.97%, 11, 0, 1, 1345.05
1639561186, 2, 313, 896, 659, 0, 0.97%, 11, 0, 1, 1361.16
1639561191, 2, 339, 896, 656, 0, 0.97%, 11, 0, 1, 1326.78
1639561196, 2, 367, 896, 650, 0, 0.97%, 11, 0, 1, 1391.16
1639561201, 2, 398, 896, 645, 0, 0.97%, 12, 0, 1, 1396.31
1639561206, 2, 429, 896, 639, 0, 0.97%, 12, 0, 1, 1401.77
1639561212, 2, 447, 896, 635, 0, 0.97%, 12, 0, 1, 1387.42
1639561217, 2, 474, 896, 632, 0, 0.97%, 12, 0, 1, 1374.43
1639561222, 2, 526, 896, 625, 0, 0.97%, 12, 0, 1, 1391.57
1639561227, 2, 556, 896, 620, 0, 0.97%, 12, 0, 1, 1395.23
1639561232, 2, 593, 896, 612, 0, 0.97%, 12, 0, 1, 1395.30
1639561237, 2, 627, 896, 605, 0, 0.97%, 12, 0, 1, 1413.40
1639561242, 2, 662, 896, 599, 0, 0.97%, 12, 0, 1, 1409.31
1639561247, 2, 680, 896, 594, 0, 0.97%, 12, 0, 1, 1386.91
1639561252, 2, 691, 896, 591, 0, 0.97%, 12, 0, 1, 1369.55
1639561258, 2, 719, 896, 584, 0, 0.97%, 12, 0, 1, 1377.24
1639561263, 2, 741, 896, 577, 0, 0.97%, 12, 0, 1, 1373.23
1639561268, 2, 765, 896, 571, 0, 0.97%, 12, 0, 1, 1397.38
1639561273, 2, 778, 896, 568, 0, 0.97%, 12, 0, 1, 1391.38
1639561278, 2, 821, 896, 560, 0, 0.97%, 12, 0, 1, 1382.03
1639561284, 2, 842, 896, 555, 0, 0.97%, 12, 0, 1, 1375.40
1639561289, 2, 860, 896, 548, 0, 0.97%, 12, 0, 1, 1362.23
1639561294, 3, 515, 896, 543, 0, 0.97%, 13, 0, 1, 1379.18
1639561299, 3, 570, 896, 534, 0, 0.97%, 13, 0, 1, 1585.65
1639561304, 3, 606, 896, 528, 0, 0.97%, 13, 0, 1, 1421.68
