# unix_time, cycles_done, cur_path, paths_total, pending_total, pending_favs, map_size, unique_crashes, unique_hangs, max_depth, execs_per_sec
1639563406, 0, 0, 1, 1, 1, 0.12%, 0, 0, 1, 2000.00
1639563411, 0, 0, 78, 78, 1, 0.42%, 3, 0, 2, 1559.22
1639563416, 0, 9, 101, 99, 35, 0.45%, 4, 0, 3, 1455.08
1639563421, 0, 18, 122, 117, 39, 0.51%, 4, 0, 3, 1349.19
1639563426, 0, 48, 138, 123, 33, 0.53%, 4, 0, 3, 1349.39
1639563431, 0, 64, 154, 131, 25, 0.53%, 5, 0, 3, 1395.63
1639563436, 0, 68, 157, 132, 25, 0.54%, 5, 0, 3, 1420.49
1639563441, 0, 96, 164, 133, 19, 0.54%, 5, 0, 4, 1431.51
1639563447, 0, 116, 169, 133, 16, 0.54%, 5, 0, 4, 1438.87
1639563452, 0, 133, 173, 131, 12, 0.55%, 5, 0, 4, 1357.15
1639563457, 0, 166, 179, 129, 4, 0.55%, 7, 0, 5, 1811.19
1639563462, 0, 170, 182, 130, 3, 0.55%, 7, 0, 5, 1462.14
1639563467, 0, 170, 191, 139, 3, 0.58%, 7, 0, 5, 1259.19
1639563472, 0, 183, 200, 146, 10, 0.60%, 7, 0, 6, 1386.03
1639563477, 0, 185, 206, 150, 10, 0.60%, 7, 0, 6, 1437.88
1639563482, 0, 188, 217, 160, 9, 0.63%, 7, 0, 6, 1429.68
1639563487, 0, 191, 220, 162, 17, 0.63%, 7, 0, 6, 1443.76
1639563492, 0, 196, 220, 158, 13, 0.63%, 7, 0, 6, 1429.64
1639563497, 0, 211, 223, 157, 9, 0.63%, 7, 0, 7, 1434.50
1639563503, 0, 216, 225, 154, 4, 0.63%, 7, 0, 7, 1436.56
1639563508, 0, 225, 229, 156, 3, 0.63%, 7, 0, 8, 1450.70
1639563513, 1, 193, 232, 156, 0, 0.63%, 7, 0, 8, 1429.37
1639563518, 1, 198, 233, 156, 0, 0.63%, 7, 0, 8, 1446.02
1639563523, 1, 233, 235, 158, 1, 0.63%, 7, 0, 8, 1438.02
1639563528, 1, 234, 239, 161, 1, 0.65%, 7, 0, 9, 1410.34
1639563533, 1, 235, 243, 164, 3, 0.68%, 7, 0, 10, 1326.79
1639563538, 1, 237, 246, 166, 6, 0.69%, 7, 0, 10, 1404.01
1639563543, 1, 238, 251, 170, 9, 0.69%, 7, 0, 10, 1394.11
1639563548, 1, 240, 251, 169, 8, 0.69%, 7, 0, 10, 1401.10
1639563553, 1, 242, 251, 167, 6, 0.69%, 7, 0, 10, 1419.08
1639563558, 1, 243, 254, 169, 5, 0.69%, 7, 0, 11, 1408.36
1639563563, 1, 245, 254, 168, 5, 0.69%, 7, 0, 11, 1417.02
1639563568, 1, 246, 254, 167, 4, 0.69%, 7, 0, 11, 1393.24
1639563573, 1, 247, 257, 169, 3, 0.69%, 7, 0, 11, 1400.24
1639563578, 1, 250, 258, 168, 1, 0.69%, 7, 0, 11, 1409.10
1639563583, 1, 253, 270, 179, 1, 0.71%, 7, 0, 12, 1391.53
1639563588, 1, 253, 273, 182, 1, 0.71%, 7, 0, 12, 1397.56
1639563593, 1, 260, 277, 185, 6, 0.71%, 7, 0, 13, 1420.86
1639563598, 1, 262, 281, 188, 5, 0.71%, 9, 0, 13, 1418.79
1639563603, 1, 269, 283, 188, 3, 0.71%, 9, 0, 13, 1425.37
1639563608, 1, 269, 287, 192, 3, 0.71%, 9, 0, 13, 1393.51
1639563614, 1, 272, 288, 191, 1, 0.71%, 9, 0, 13, 1401.51
1639563619, 1, 272, 289, 192, 1, 0.71%, 9, 0, 13, 1401.86
1639563624, 1, 273, 293, 195, 0, 0.71%, 9, 0, 13, 1425.15
1639563634, 1, 284, 293, 193, 0, 0.71%, 9, 0, 13, 1386.22
1639563639, 2, 13, 295, 192, 0, 0.71%, 9, 0, 14, 1401.19
1639563644, 2, 35, 296, 188, 0, 0.71%, 10, 0, 14, 1390.98
1639563649, 2, 63, 296, 185, 0, 0.71%, 10, 0, 14, 1379.46
1639563655, 2, 91, 297, 182, 0, 0.71%, 10, 0, 14, 1384.89
1639563660, 2, 99, 297, 181, 0, 0.71%, 10, 0, 14, 1378.23
1639563665, 2, 114, 298, 177, 0, 0.71%, 11, 0, 14, 1721.61
1639563670, 2, 129, 299, 174, 0, 0.71%, 11, 0, 14, 1478.92
1639563675, 2, 298, 299, 170, 1, 0.71%, 11, 0, 14, 1438.72
1639563680, 3, 27, 299, 167, 0, 0.71%, 11, 0, 14, 1409.89
1639563685, 3, 53, 299, 161, 0, 0.71%, 11, 0, 14, 1415.45
1639563690, 3, 81, 299, 156, 0, 0.71%, 11, 0, 14, 1402.09
1639563695, 3, 299, 303, 158, 1, 0.72%, 11, 0, 14, 1431.84
1639563706, 4, 20, 304, 154, 0, 0.72%, 11, 0, 14, 1439.83
