# unix_time, cycles_done, cur_path, paths_total, pending_total, pending_favs, map_size, unique_crashes, unique_hangs, max_depth, execs_per_sec
1639551343, 0, 0, 1, 1, 1, 0.12%, 0, 0, 1, 2000.00
1639551348, 0, 0, 76, 76, 1, 0.48%, 4, 0, 2, 1528.55
1639551353, 0, 11, 98, 92, 39, 0.49%, 5, 0, 3, 1467.35
1639551358, 0, 28, 111, 95, 32, 0.49%, 5, 0, 3, 553.71
1639551363, 0, 32, 137, 118, 28, 0.52%, 7, 0, 3, 1263.12
1639551368, 0, 44, 144, 117, 24, 0.53%, 8, 0, 3, 1407.48
1639551374, 0, 71, 160, 125, 18, 0.54%, 8, 0, 3, 1388.01
1639551379, 0, 119, 165, 123, 13, 0.54%, 8, 0, 4, 1397.54
1639551384, 0, 139, 171, 123, 8, 0.54%, 8, 0, 4, 1405.91
1639551389, 0, 171, 180, 126, 4, 0.59%, 9, 0, 5, 1411.61
1639551394, 0, 171, 188, 134, 4, 0.61%, 9, 0, 5, 1459.18
1639551399, 0, 174, 193, 137, 13, 0.62%, 10, 0, 5, 1453.89
1639551404, 0, 179, 201, 142, 12, 0.62%, 10, 0, 6, 1446.58
1639551409, 0, 185, 202, 139, 8, 0.62%, 10, 0, 6, 1406.07
1639551415, 0, 193, 207, 141, 7, 0.63%, 10, 0, 7, 1430.94
1639551420, 0, 201, 213, 144, 5, 0.64%, 10, 0, 7, 1448.96
1639551425, 0, 203, 219, 149, 4, 0.64%, 10, 0, 7, 1430.85
1639551430, 0, 210, 225, 153, 5, 0.66%, 10, 0, 8, 1445.62
1639551435, 0, 217, 225, 151, 8, 0.66%, 11, 0, 8, 1436.42
1639551440, 0, 219, 235, 160, 11, 0.67%, 11, 0, 9, 1428.50
1639551445, 0, 221, 242, 165, 9, 0.67%, 11, 0, 9, 1432.27
1639551450, 0, 222, 245, 167, 9, 0.67%, 11, 0, 9, 1446.88
1639551455, 0, 226, 248, 167, 6, 0.67%, 11, 0, 9, 1431.78
1639551460, 0, 228, 254, 172, 7, 0.67%, 11, 0, 9, 1413.76
1639551465, 0, 229, 255, 172, 7, 0.67%, 12, 0, 9, 1401.47
1639551470, 0, 232, 259, 175, 7, 0.67%, 12, 0, 9, 1406.97
1639551475, 0, 241, 262, 177, 6, 0.67%, 12, 0, 10, 1443.79
1639551480, 0, 247, 264, 177, 4, 0.67%, 13, 0, 10, 1446.48
1639551485, 0, 253, 268, 180, 3, 0.67%, 13, 0, 10, 1457.74
1639551490, 0, 254, 271, 182, 2, 0.67%, 13, 0, 10, 1437.57
1639551496, 1, 28, 271, 180, 0, 0.67%, 13, 0, 10, 1452.81
1639551501, 1, 54, 272, 179, 0, 0.67%, 13, 0, 10, 1427.18
1639551506, 1, 75, 275, 179, 0, 0.67%, 13, 0, 10, 1437.51
1639551511, 1, 92, 275, 175, 0, 0.67%, 13, 0, 10, 1403.47
1639551516, 1, 201, 279, 174, 1, 0.71%, 13, 0, 10, 1428.86
1639551521, 1, 275, 284, 178, 2, 0.71%, 13, 0, 10, 1443.01
1639551526, 1, 277, 285, 178, 1, 0.71%, 14, 0, 10, 1444.51
1639551531, 1, 277, 294, 187, 1, 0.72%, 14, 0, 10, 1422.16
1639551536, 1, 284, 298, 190, 5, 0.72%, 15, 0, 10, 1436.52
1639551547, 1, 288, 299, 190, 5, 0.73%, 15, 0, 10, 2188.47
1639551552, 1, 291, 301, 191, 5, 0.73%, 15, 0, 10, 1650.46
1639551557, 1, 291, 302, 192, 5, 0.73%, 15, 0, 10, 1476.61
1639551562, 1, 292, 302, 191, 4, 0.73%, 15, 0, 10, 1411.81
1639551567, 1, 293, 304, 192, 3, 0.73%, 15, 0, 10, 1418.19
1639551577, 1, 297, 308, 195, 2, 0.73%, 15, 0, 10, 1443.44
1639551582, 1, 297, 309, 196, 2, 0.73%, 15, 0, 10, 1452.51
1639551587, 1, 297, 310, 197, 2, 0.73%, 15, 0, 10, 1443.84
1639551592, 1, 298, 310, 196, 1, 0.73%, 15, 0, 10, 1430.07
1639551597, 1, 300, 311, 196, 0, 0.73%, 15, 0, 10, 1462.72
1639551603, 1, 300, 312, 197, 0, 0.73%, 15, 0, 10, 1460.66
1639551608, 1, 310, 317, 201, 1, 0.75%, 15, 0, 11, 1451.45
1639551613, 1, 313, 323, 206, 4, 0.76%, 15, 0, 12, 1426.74
1639551618, 1, 313, 329, 212, 4, 0.76%, 15, 0, 12, 1392.00
1639551628, 1, 315, 331, 213, 7, 0.76%, 16, 0, 12, 1437.03
1639551633, 1, 320, 337, 218, 8, 0.76%, 16, 0, 12, 1424.54
1639551638, 1, 320, 339, 220, 8, 0.76%, 16, 0, 13, 1439.33
