# unix_time, cycles_done, cur_path, paths_total, pending_total, pending_favs, map_size, unique_crashes, unique_hangs, max_depth, execs_per_sec
1639517770, 0, 0, 863, 863, 93, 0.91%, 0, 0, 1, 981.66
1639517775, 0, 103, 863, 853, 83, 0.91%, 2, 0, 1, 1356.02
1639517781, 0, 171, 863, 843, 74, 0.91%, 4, 0, 1, 1410.03
1639517786, 0, 263, 863, 830, 62, 0.91%, 5, 0, 1, 1449.33
1639517791, 0, 407, 863, 821, 54, 0.91%, 5, 0, 1, 1455.86
1639517796, 0, 442, 863, 813, 48, 0.91%, 5, 0, 1, 1448.00
1639517801, 0, 521, 863, 804, 41, 0.91%, 6, 0, 1, 1423.90
1639517806, 0, 604, 863, 793, 30, 0.91%, 6, 0, 1, 1421.59
1639517811, 0, 692, 863, 784, 22, 0.91%, 6, 0, 1, 1403.05
1639517817, 0, 747, 863, 775, 14, 0.91%, 6, 0, 1, 1380.28
1639517822, 0, 782, 863, 767, 7, 0.91%, 7, 0, 1, 1381.61
1639517827, 1, 185, 864, 758, 1, 0.92%, 7, 0, 2, 1415.57
1639517832, 2, 22, 864, 752, 0, 0.92%, 10, 0, 2, 1433.58
1639517837, 2, 56, 864, 744, 0, 0.92%, 11, 0, 2, 1413.40
1639517842, 2, 92, 864, 737, 0, 0.92%, 11, 0, 2, 1439.87
1639517848, 2, 105, 864, 732, 0, 0.92%, 13, 0, 2, 1451.62
1639517853, 2, 129, 864, 724, 0, 0.92%, 13, 0, 2, 1447.27
1639517858, 2, 151, 864, 718, 0, 0.92%, 13, 0, 2, 1453.54
1639517863, 2, 193, 864, 710, 0, 0.92%, 13, 0, 2, 1605.26
1639517868, 2, 225, 864, 701, 0, 0.92%, 13, 0, 2, 1793.89
1639517873, 2, 254, 864, 693, 0, 0.92%, 13, 0, 2, 1491.31
1639517878, 2, 308, 864, 685, 0, 0.92%, 13, 0, 2, 1318.12
1639517883, 2, 347, 864, 677, 0, 0.92%, 13, 0, 2, 1395.56
1639517888, 2, 376, 864, 670, 0, 0.92%, 13, 0, 2, 1429.61
1639517893, 2, 400, 864, 662, 0, 0.92%, 13, 0, 2, 1441.12
1639517898, 2, 428, 864, 657, 0, 0.92%, 13, 0, 2, 1428.47
1639517903, 2, 455, 864, 654, 0, 0.92%, 14, 0, 2, 1433.95
1639517908, 2, 478, 864, 647, 0, 0.92%, 14, 0, 2, 1453.68
1639517913, 2, 512, 864, 640, 0, 0.92%, 15, 0, 2, 1440.71
1639517919, 2, 528, 864, 635, 0, 0.92%, 15, 0, 2, 1454.55
1639517924, 2, 576, 864, 630, 0, 0.92%, 15, 0, 2, 1352.40
1639517929, 2, 595, 864, 626, 0, 0.92%, 15, 0, 2, 1352.13
1639517934, 2, 618, 864, 621, 0, 0.92%, 15, 0, 2, 1327.62
1639517939, 2, 638, 864, 614, 0, 0.92%, 15, 0, 2, 1330.10
1639517944, 2, 665, 864, 610, 0, 0.92%, 15, 0, 2, 1350.96
1639517949, 2, 687, 864, 601, 0, 0.92%, 15, 0, 2, 1405.04
1639517954, 2, 702, 864, 596, 0, 0.92%, 16, 0, 2, 1414.68
1639517959, 2, 738, 865, 590, 0, 0.92%, 16, 0, 2, 1431.11
1639517965, 2, 759, 865, 585, 0, 0.92%, 16, 0, 2, 1437.61
1639517970, 2, 793, 865, 579, 0, 0.92%, 16, 0, 2, 1431.25
1639517975, 2, 835, 865, 572, 0, 0.92%, 16, 0, 2, 1443.79
1639517980, 2, 865, 866, 568, 0, 0.92%, 16, 0, 3, 1439.03
1639517985, 3, 309, 866, 564, 1, 0.92%, 16, 0, 3, 1417.17
1639517990, 3, 612, 866, 559, 0, 0.92%, 16, 0, 3, 1378.33
1639517995, 3, 651, 866, 551, 0, 0.92%, 16, 0, 3, 1350.74
1639518001, 3, 683, 866, 546, 0, 0.92%, 17, 0, 3, 1333.40
1639518006, 3, 709, 866, 544, 0, 0.92%, 18, 0, 3, 1340.64
1639518011, 3, 830, 866, 538, 0, 0.92%, 18, 0, 3, 1348.13
1639518016, 3, 857, 866, 534, 0, 0.92%, 19, 0, 3, 1329.58
1639518021, 4, 36, 866, 528, 0, 0.92%, 19, 0, 3, 1357.88
1639518026, 4, 70, 866, 522, 0, 0.92%, 19, 0, 3, 1359.12
1639518031, 4, 129, 866, 519, 0, 0.92%, 20, 0, 3, 1321.33
1639518037, 4, 158, 866, 515, 0, 0.92%, 20, 0, 3, 1342.97
1639518042, 4, 207, 866, 510, 0, 0.92%, 20, 0, 3, 1349.01
1639518047, 4, 243, 867, 506, 0, 0.92%, 21, 0, 3, 1368.26
1639518052, 4, 276, 867, 498, 0, 0.92%, 21, 0, 3, 1390.84
1639518057, 4, 318, 867, 487, 0, 0.92%, 21, 0, 3, 1436.20
1639518062, 4, 347, 867, 482, 0, 0.92%, 21, 0, 3, 1438.85
