# unix_time, cycles_done, cur_path, paths_total, pending_total, pending_favs, map_size, unique_crashes, unique_hangs, max_depth, execs_per_sec
1639588227, 0, 0, 393, 393, 82, 0.78%, 0, 0, 1, 1040.71
1639588232, 0, 35, 393, 386, 75, 0.78%, 3, 0, 1, 1154.65
1639588237, 0, 69, 393, 377, 66, 0.78%, 4, 0, 1, 1238.93
1639588242, 0, 154, 393, 366, 55, 0.78%, 5, 0, 1, 1278.82
1639588247, 0, 196, 393, 356, 46, 0.78%, 6, 0, 1, 1254.26
1639588252, 0, 219, 393, 349, 39, 0.78%, 7, 0, 1, 1217.65
1639588257, 0, 262, 393, 339, 30, 0.78%, 7, 0, 1, 1277.88
1639588262, 0, 294, 394, 332, 23, 0.79%, 7, 0, 2, 1306.56
1639588267, 0, 315, 394, 325, 16, 0.79%, 7, 0, 2, 1323.05
1639588272, 0, 353, 394, 318, 10, 0.79%, 7, 0, 2, 1256.01
1639588277, 0, 388, 394, 310, 3, 0.79%, 7, 0, 2, 1208.24
1639588282, 0, 393, 404, 318, 1, 0.80%, 8, 0, 3, 1210.54
1639588287, 0, 395, 407, 320, 4, 0.81%, 8, 0, 4, 1181.11
1639588292, 0, 406, 409, 318, 1, 0.81%, 8, 0, 4, 1252.12
1639588297, 1, 15, 409, 315, 0, 0.81%, 8, 0, 4, 1302.77
1639588302, 1, 30, 409, 310, 0, 0.81%, 8, 0, 4, 1360.78
1639588308, 1, 56, 409, 305, 0, 0.81%, 9, 0, 4, 1341.51
1639588313, 1, 76, 409, 301, 0, 0.81%, 9, 0, 4, 1334.51
1639588318, 1, 106, 409, 298, 0, 0.81%, 10, 0, 4, 1326.94
1639588323, 1, 133, 409, 290, 0, 0.81%, 10, 0, 4, 1374.20
1639588328, 1, 176, 409, 285, 0, 0.81%, 10, 0, 4, 1344.23
1639588333, 1, 201, 409, 280, 0, 0.81%, 10, 0, 4, 1339.78
1639588338, 1, 230, 409, 276, 0, 0.81%, 10, 0, 4, 1311.64
1639588344, 2, 9, 409, 269, 1, 0.81%, 10, 0, 4, 1361.23
1639588349, 2, 201, 409, 263, 0, 0.81%, 10, 0, 4, 1312.32
1639588354, 2, 217, 409, 259, 0, 0.81%, 10, 0, 4, 1255.81
1639588359, 2, 241, 409, 257, 0, 0.81%, 11, 0, 4, 1278.40
1639588364, 2, 259, 409, 252, 0, 0.81%, 11, 0, 4, 1314.17
1639588369, 2, 284, 410, 246, 0, 0.81%, 11, 0, 4, 1322.26
1639588374, 2, 302, 410, 244, 0, 0.81%, 11, 0, 4, 1319.30
1639588379, 2, 318, 410, 241, 0, 0.81%, 11, 0, 4, 1319.49
1639588385, 2, 342, 410, 237, 0, 0.81%, 11, 0, 4, 1313.77
1639588390, 2, 360, 410, 232, 0, 0.81%, 11, 0, 4, 1268.67
1639588395, 2, 382, 410, 225, 0, 0.81%, 12, 0, 4, 1282.97
1639588400, 2, 395, 410, 221, 0, 0.81%, 13, 0, 4, 1228.69
1639588405, 2, 404, 411, 221, 0, 0.81%, 13, 0, 4, 1195.15
1639588410, 2, 410, 414, 224, 0, 0.81%, 13, 0, 5, 1144.54
1639588420, 2, 411, 415, 224, 0, 0.81%, 13, 0, 6, 1147.23
1639588425, 2, 413, 415, 223, 0, 0.81%, 13, 0, 6, 1170.29
1639588430, 3, 0, 415, 222, 0, 0.81%, 13, 0, 6, 1192.39
1639588435, 3, 28, 415, 219, 0, 0.81%, 13, 0, 6, 1301.50
1639588441, 3, 50, 415, 215, 0, 0.81%, 13, 0, 6, 1316.02
1639588446, 3, 69, 415, 211, 0, 0.81%, 13, 0, 6, 1283.97
1639588451, 3, 95, 415, 206, 0, 0.81%, 13, 0, 6, 1316.23
1639588456, 3, 141, 415, 199, 0, 0.81%, 13, 0, 6, 1284.58
1639588461, 3, 167, 415, 194, 0, 0.81%, 13, 0, 6, 1261.46
1639588466, 3, 203, 415, 190, 0, 0.81%, 13, 0, 6, 1292.86
1639588471, 3, 240, 415, 189, 0, 0.81%, 13, 0, 6, 1271.48
1639588476, 3, 263, 415, 186, 0, 0.81%, 13, 0, 6, 1245.65
1639588481, 3, 293, 415, 180, 0, 0.81%, 13, 0, 6, 1290.77
1639588486, 3, 302, 415, 178, 0, 0.81%, 13, 0, 6, 1238.31
1639588491, 3, 316, 415, 176, 0, 0.81%, 13, 0, 6, 1143.28
1639588496, 3, 332, 415, 173, 0, 0.81%, 13, 0, 6, 1096.17
1639588501, 3, 350, 415, 169, 0, 0.81%, 13, 0, 6, 1031.10
1639588506, 3, 373, 415, 167, 0, 0.81%, 13, 0, 6, 1026.81
1639588511, 3, 395, 415, 163, 0, 0.81%, 14, 0, 6, 999.19
1639588516, 3, 415, 435, 182, 1, 0.84%, 14, 0, 6, 1366.29
1639588521, 3, 415, 439, 186, 1, 0.84%, 14, 0, 6, 1066.12
