# unix_time, cycles_done, cur_path, paths_total, pending_total, pending_favs, map_size, unique_crashes, unique_hangs, max_depth, execs_per_sec
1639444117, 0, 0, 1, 1, 1, 0.12%, 0, 0, 1, 1600.00
1639444122, 0, 0, 79, 79, 1, 0.44%, 4, 0, 2, 1467.12
1639444127, 0, 14, 102, 96, 39, 0.49%, 6, 0, 3, 1426.90
1639444132, 0, 32, 116, 100, 31, 0.49%, 6, 0, 3, 1458.86
1639444137, 0, 44, 129, 106, 27, 0.50%, 6, 0, 3, 1933.96
1639444142, 0, 89, 142, 105, 15, 0.51%, 6, 0, 4, 1878.99
1639444148, 0, 98, 148, 107, 12, 0.51%, 6, 0, 4, 1475.00
1639444153, 0, 137, 154, 104, 6, 0.52%, 6, 0, 4, 1459.43
1639444158, 0, 143, 167, 113, 11, 0.56%, 6, 0, 5, 1446.29
1639444163, 0, 148, 174, 119, 12, 0.60%, 6, 0, 5, 1434.74
1639444168, 0, 155, 181, 125, 15, 0.61%, 7, 0, 5, 1413.59
1639444173, 0, 156, 191, 134, 16, 0.61%, 7, 0, 5, 1455.98
1639444178, 0, 162, 195, 134, 13, 0.61%, 7, 0, 5, 1466.69
1639444183, 0, 168, 197, 131, 9, 0.61%, 7, 0, 6, 1468.62
1639444188, 0, 169, 205, 138, 8, 0.62%, 8, 0, 6, 1439.13
1639444193, 0, 179, 210, 140, 7, 0.62%, 8, 0, 6, 1423.01
1639444198, 0, 196, 214, 140, 4, 0.62%, 8, 0, 7, 1440.20
1639444203, 0, 202, 218, 143, 4, 0.63%, 8, 0, 7, 1452.56
1639444209, 0, 208, 225, 149, 6, 0.64%, 8, 0, 7, 1425.35
1639444214, 0, 213, 230, 152, 6, 0.64%, 8, 0, 8, 1444.54
1639444219, 0, 217, 231, 150, 5, 0.64%, 9, 0, 8, 1433.46
1639444224, 0, 224, 239, 156, 4, 0.64%, 9, 0, 8, 1412.49
1639444229, 0, 227, 242, 157, 4, 0.64%, 9, 0, 9, 1461.62
1639444234, 0, 232, 247, 161, 4, 0.65%, 9, 0, 9, 1451.91
1639444239, 0, 235, 250, 163, 5, 0.65%, 9, 0, 9, 1431.44
1639444244, 0, 236, 253, 165, 4, 0.66%, 9, 0, 9, 1412.92
1639444249, 0, 243, 255, 166, 5, 0.66%, 9, 0, 10, 1409.98
1639444254, 0, 245, 258, 168, 4, 0.66%, 9, 0, 10, 1402.40
1639444259, 0, 252, 262, 170, 4, 0.67%, 9, 0, 10, 1418.46
1639444264, 0, 255, 267, 174, 3, 0.67%, 9, 0, 11, 1421.42
1639444269, 0, 259, 268, 172, 3, 0.67%, 9, 0, 11, 1450.95
1639444274, 0, 260, 272, 175, 4, 0.71%, 9, 0, 11, 1467.21
1639444279, 0, 262, 276, 178, 4, 0.71%, 9, 0, 12, 1429.76
1639444285, 0, 268, 279, 179, 3, 0.72%, 10, 0, 12, 1444.68
1639444290, 0, 269, 281, 180, 3, 0.73%, 10, 0, 12, 1461.56
1639444295, 0, 277, 282, 180, 4, 0.74%, 10, 0, 12, 1461.47
1639444300, 0, 278, 284, 181, 4, 0.74%, 10, 0, 13, 1471.43
1639444305, 0, 282, 286, 180, 2, 0.74%, 10, 0, 13, 1468.11
1639444310, 1, 14, 287, 179, 0, 0.74%, 10, 0, 13, 1448.72
1639444315, 2, 0, 288, 175, 0, 0.74%, 12, 0, 13, 1456.53
1639444320, 2, 38, 289, 172, 0, 0.74%, 12, 0, 13, 1447.92
1639444325, 3, 6, 292, 169, 0, 0.74%, 13, 0, 13, 1452.98
1639444330, 3, 52, 293, 167, 0, 0.74%, 13, 0, 13, 1459.19
1639444335, 3, 87, 294, 166, 0, 0.74%, 13, 0, 13, 1464.26
1639444340, 3, 109, 294, 162, 0, 0.74%, 13, 0, 13, 1455.11
1639444345, 3, 138, 294, 160, 0, 0.74%, 13, 0, 13, 1432.78
1639444350, 3, 146, 294, 158, 0, 0.74%, 13, 0, 13, 1443.10
1639444355, 3, 155, 294, 154, 0, 0.74%, 13, 0, 13, 1460.91
1639444360, 3, 162, 295, 154, 0, 0.74%, 13, 0, 13, 1456.90
1639444365, 3, 169, 295, 154, 0, 0.74%, 13, 0, 13, 1447.16
1639444370, 3, 182, 296, 154, 0, 0.74%, 14, 0, 13, 1433.80
1639444376, 3, 196, 297, 152, 0, 0.74%, 14, 0, 13, 1455.71
1639444381, 3, 208, 297, 149, 0, 0.74%, 14, 0, 13, 1449.74
1639444386, 3, 217, 299, 150, 0, 0.74%, 14, 0, 13, 1447.67
1639444391, 3, 226, 299, 147, 0, 0.74%, 14, 0, 13, 1455.81
1639444396, 3, 235, 300, 148, 0, 0.74%, 14, 0, 13, 1437.78
1639444401, 3, 241, 300, 148, 0, 0.74%, 14, 0, 13, 1431.89
1639444406, 3, 248, 300, 146, 0, 0.74%, 14, 0, 13, 1452.91
1639444411, 3, 252, 300, 145, 0, 0.74%, 14, 0, 13, 1442.97
1639444416, 3, 301, 303, 148, 1, 0.74%, 14, 0, 13, 1437.20
