# unix_time, cycles_done, cur_path, paths_total, pending_total, pending_favs, map_size, unique_crashes, unique_hangs, max_depth, execs_per_sec
1639600540, 0, 0, 894, 894, 88, 0.91%, 0, 0, 1, 891.66
1639600545, 0, 138, 894, 884, 78, 0.91%, 2, 0, 1, 1244.02
1639600551, 0, 233, 894, 874, 68, 0.91%, 5, 0, 1, 1300.71
1639600556, 0, 303, 894, 865, 60, 0.91%, 5, 0, 1, 1322.77
1639600561, 0, 401, 894, 856, 51, 0.91%, 5, 0, 1, 1369.12
1639600566, 0, 514, 894, 845, 41, 0.91%, 6, 0, 1, 1397.96
1639600571, 0, 575, 894, 837, 33, 0.91%, 6, 0, 1, 1435.98
1639600576, 0, 695, 894, 825, 21, 0.91%, 6, 0, 1, 1397.91
1639600581, 0, 795, 894, 815, 12, 0.91%, 6, 0, 1, 1714.90
1639600586, 0, 846, 894, 807, 5, 0.91%, 7, 0, 1, 1391.97
1639600591, 1, 9, 894, 801, 0, 0.91%, 8, 0, 1, 1302.17
1639600596, 1, 40, 894, 795, 0, 0.91%, 8, 0, 1, 1349.52
1639600601, 1, 67, 894, 787, 0, 0.91%, 9, 0, 1, 1342.21
1639600606, 1, 94, 894, 779, 0, 0.91%, 10, 0, 1, 1352.63
1639600612, 1, 130, 894, 771, 0, 0.91%, 10, 0, 1, 1335.25
1639600617, 1, 147, 894, 766, 0, 0.91%, 11, 0, 1, 1346.32
1639600622, 1, 181, 894, 759, 0, 0.91%, 11, 0, 1, 1349.44
1639600627, 1, 210, 894, 750, 0, 0.91%, 13, 0, 1, 1354.28
1639600632, 1, 226, 894, 745, 0, 0.91%, 14, 0, 1, 1342.05
1639600637, 1, 265, 894, 738, 0, 0.91%, 14, 0, 1, 1339.13
1639600642, 1, 279, 894, 732, 0, 0.91%, 14, 0, 1, 1316.60
1639600647, 1, 301, 894, 726, 0, 0.91%, 14, 0, 1, 1312.49
1639600652, 1, 314, 894, 721, 0, 0.91%, 14, 0, 1, 1342.94
1639600657, 1, 365, 894, 717, 0, 0.91%, 14, 0, 1, 1343.60
1639600662, 1, 380, 894, 709, 0, 0.91%, 14, 0, 1, 1357.77
1639600667, 1, 411, 894, 699, 0, 0.91%, 14, 0, 1, 1352.39
1639600672, 1, 437, 894, 695, 0, 0.91%, 14, 0, 1, 1312.05
1639600677, 1, 461, 894, 687, 0, 0.91%, 14, 0, 1, 1313.21
1639600682, 1, 480, 894, 680, 0, 0.91%, 14, 0, 1, 1228.75
1639600688, 1, 507, 894, 674, 0, 0.91%, 14, 0, 1, 1144.06
1639600693, 1, 525, 894, 670, 0, 0.91%, 14, 0, 1, 1096.25
1639600698, 1, 541, 894, 666, 0, 0.91%, 15, 0, 1, 961.70
1639600703, 1, 555, 894, 662, 0, 0.91%, 15, 0, 1, 892.73
1639600708, 1, 560, 894, 660, 0, 0.91%, 15, 0, 1, 879.74
1639600713, 1, 575, 894, 654, 0, 0.91%, 15, 0, 1, 872.00
1639600718, 1, 597, 894, 650, 0, 0.91%, 15, 0, 1, 895.54
1639600724, 1, 640, 894, 646, 0, 0.91%, 16, 0, 1, 1008.56
1639600729, 1, 668, 894, 642, 0, 0.91%, 16, 0, 1, 1082.11
1639600734, 1, 695, 894, 636, 0, 0.91%, 16, 0, 1, 1121.90
1639600739, 1, 720, 894, 632, 0, 0.91%, 16, 0, 1, 1188.19
1639600744, 1, 743, 894, 625, 0, 0.91%, 16, 0, 1, 1242.27
1639600749, 1, 763, 894, 618, 0, 0.91%, 16, 0, 1, 1296.51
1639600754, 1, 788, 894, 611, 0, 0.91%, 16, 0, 1, 1328.77
1639600759, 1, 806, 894, 606, 0, 0.91%, 16, 0, 1, 1367.39
1639600764, 1, 828, 894, 600, 0, 0.91%, 16, 0, 1, 1322.24
1639600769, 1, 835, 894, 594, 0, 0.91%, 16, 0, 1, 1223.19
1639600775, 1, 873, 894, 589, 0, 0.91%, 16, 0, 1, 1332.77
1639600780, 2, 10, 894, 583, 0, 0.91%, 16, 0, 1, 1174.19
1639600785, 2, 52, 894, 579, 0, 0.91%, 16, 0, 1, 1171.69
1639600790, 2, 78, 895, 576, 0, 0.91%, 16, 0, 2, 1151.08
1639600795, 2, 122, 895, 567, 0, 0.91%, 16, 0, 2, 1184.51
1639600800, 2, 177, 895, 562, 0, 0.91%, 16, 0, 2, 1229.65
1639600805, 2, 212, 895, 558, 0, 0.91%, 16, 0, 2, 1274.99
1639600810, 2, 249, 895, 556, 0, 0.91%, 16, 0, 2, 1319.97
1639600815, 2, 267, 896, 552, 0, 0.91%, 16, 0, 2, 1273.78
1639600820, 2, 303, 896, 550, 0, 0.91%, 16, 0, 2, 1278.10
1639600825, 2, 327, 896, 548, 0, 0.91%, 16, 0, 2, 1204.26
1639600831, 2, 355, 896, 543, 0, 0.91%, 16, 0, 2, 1286.90
