# unix_time, cycles_done, cur_path, paths_total, pending_total, pending_favs, map_size, unique_crashes, unique_hangs, max_depth, execs_per_sec
1639473114, 0, 0, 1, 1, 1, 0.12%, 0, 0, 1, 2000.00
1639473119, 0, 0, 78, 78, 1, 0.47%, 3, 0, 2, 1553.27
1639473124, 0, 5, 106, 104, 37, 0.51%, 4, 0, 3, 1444.78
1639473129, 0, 19, 118, 110, 38, 0.51%, 4, 0, 3, 1428.54
1639473135, 0, 40, 127, 109, 29, 0.52%, 4, 0, 3, 1430.56
1639473140, 0, 46, 137, 116, 26, 0.52%, 4, 0, 3, 1400.34
1639473145, 0, 64, 157, 129, 19, 0.54%, 5, 0, 3, 1405.67
1639473150, 0, 89, 173, 136, 14, 0.55%, 6, 0, 4, 1861.16
1639473155, 0, 144, 176, 130, 8, 0.55%, 6, 0, 4, 1499.38
1639473160, 0, 171, 179, 128, 6, 0.56%, 6, 0, 4, 1453.88
1639473165, 0, 176, 185, 132, 4, 0.56%, 6, 0, 5, 1438.54
1639473170, 0, 182, 185, 130, 3, 0.56%, 6, 0, 5, 1414.56
1639473175, 1, 185, 186, 126, 1, 0.56%, 6, 0, 5, 1459.80
1639473180, 2, 186, 199, 134, 1, 0.58%, 6, 0, 5, 1449.03
1639473185, 2, 190, 211, 145, 5, 0.59%, 6, 0, 5, 1451.49
1639473190, 2, 190, 212, 146, 5, 0.60%, 6, 0, 5, 1458.59
1639473195, 2, 194, 223, 156, 12, 0.64%, 7, 0, 5, 1435.88
1639473201, 2, 196, 228, 160, 13, 0.64%, 7, 0, 5, 1414.09
1639473206, 2, 205, 231, 162, 14, 0.64%, 7, 0, 5, 1456.81
1639473211, 2, 205, 236, 167, 14, 0.64%, 7, 0, 5, 1446.28
1639473216, 2, 209, 237, 166, 12, 0.64%, 7, 0, 6, 1443.72
1639473221, 2, 212, 239, 166, 10, 0.65%, 7, 0, 6, 1457.48
1639473226, 2, 214, 241, 166, 10, 0.65%, 7, 0, 6, 1464.55
1639473231, 2, 218, 243, 167, 9, 0.65%, 8, 0, 6, 1346.68
1639473236, 2, 219, 250, 173, 10, 0.66%, 8, 0, 6, 1422.99
1639473246, 2, 225, 250, 171, 8, 0.66%, 8, 0, 6, 1427.86
1639473251, 2, 237, 252, 171, 6, 0.66%, 8, 0, 7, 1441.91
1639473256, 2, 238, 254, 172, 8, 0.69%, 8, 0, 7, 1421.01
1639473261, 2, 241, 254, 170, 6, 0.69%, 8, 0, 7, 1395.13
1639473266, 2, 244, 257, 172, 5, 0.69%, 8, 0, 7, 1425.65
1639473271, 2, 244, 258, 173, 5, 0.69%, 8, 0, 7, 1405.79
1639473276, 2, 246, 261, 175, 5, 0.69%, 8, 0, 7, 1423.19
1639473281, 2, 251, 262, 174, 4, 0.69%, 8, 0, 7, 1431.60
1639473286, 2, 252, 275, 186, 3, 0.72%, 8, 0, 8, 1436.90
1639473291, 2, 255, 277, 187, 14, 0.72%, 8, 0, 8, 1428.23
1639473296, 2, 261, 279, 188, 13, 0.72%, 8, 0, 8, 1437.18
1639473301, 2, 261, 283, 192, 13, 0.72%, 8, 0, 8, 1439.34
1639473306, 2, 263, 284, 191, 12, 0.72%, 8, 0, 9, 1413.15
1639473311, 2, 264, 284, 190, 12, 0.72%, 8, 0, 9, 1433.77
1639473317, 2, 266, 284, 188, 10, 0.72%, 8, 0, 9, 1458.07
1639473322, 2, 267, 284, 187, 9, 0.72%, 8, 0, 9, 1440.08
1639473327, 2, 269, 288, 189, 7, 0.72%, 8, 0, 9, 1458.49
1639473332, 2, 270, 295, 195, 6, 0.73%, 8, 0, 9, 1464.09
1639473337, 2, 273, 295, 193, 5, 0.73%, 8, 0, 9, 1445.20
1639473342, 2, 274, 296, 193, 4, 0.73%, 8, 0, 9, 1462.18
1639473347, 2, 280, 296, 192, 3, 0.73%, 8, 0, 9, 1456.80
1639473352, 2, 283, 300, 195, 2, 0.73%, 8, 0, 10, 1439.97
1639473357, 2, 289, 303, 197, 2, 0.73%, 9, 0, 10, 1446.34
1639473362, 2, 289, 305, 199, 2, 0.73%, 9, 0, 10, 1449.22
1639473367, 2, 296, 307, 200, 2, 0.73%, 9, 0, 11, 1460.17
1639473372, 3, 19, 307, 196, 0, 0.73%, 9, 0, 11, 1458.40
1639473377, 3, 46, 307, 194, 0, 0.73%, 9, 0, 11, 1455.81
1639473382, 3, 73, 308, 191, 0, 0.73%, 9, 0, 11, 1435.84
1639473388, 3, 283, 309, 190, 1, 0.74%, 9, 0, 11, 1464.77
1639473393, 4, 4, 310, 189, 0, 0.74%, 9, 0, 11, 1456.21
1639473398, 4, 41, 310, 187, 0, 0.74%, 9, 0, 11, 1456.01
1639473403, 4, 71, 311, 185, 0, 0.74%, 9, 0, 11, 1433.90
1639473408, 4, 260, 312, 182, 1, 0.75%, 9, 0, 11, 1433.88
1639473413, 4, 311, 312, 181, 1, 0.75%, 9, 0, 11, 1440.32
