# unix_time, cycles_done, cur_path, paths_total, pending_total, pending_favs, map_size, unique_crashes, unique_hangs, max_depth, execs_per_sec
1639488796, 0, 0, 1, 1, 1, 0.12%, 0, 0, 1, 2000.00
1639488802, 0, 0, 76, 76, 1, 0.41%, 4, 0, 2, 1539.52
1639488807, 0, 8, 94, 93, 33, 0.42%, 5, 0, 3, 1479.25
1639488812, 0, 21, 106, 97, 29, 0.43%, 5, 0, 3, 1479.39
1639488817, 0, 35, 126, 111, 24, 0.43%, 6, 0, 3, 1447.18
1639488822, 0, 47, 133, 111, 19, 0.44%, 6, 0, 3, 1469.74
1639488827, 0, 88, 141, 107, 8, 0.44%, 6, 0, 3, 1468.65
1639488832, 0, 127, 158, 118, 6, 0.49%, 7, 0, 4, 2263.25
1639488837, 0, 142, 174, 132, 14, 0.50%, 7, 0, 5, 1650.88
1639488842, 0, 147, 185, 139, 16, 0.51%, 7, 0, 5, 1479.83
1639488847, 0, 154, 189, 140, 13, 0.51%, 7, 0, 5, 1440.81
1639488852, 0, 155, 195, 145, 12, 0.52%, 7, 0, 5, 1455.06
1639488857, 0, 156, 202, 151, 13, 0.52%, 8, 0, 5, 1441.42
1639488863, 0, 159, 204, 150, 12, 0.54%, 8, 0, 5, 1439.41
1639488868, 0, 179, 205, 147, 8, 0.54%, 8, 0, 5, 1405.65
1639488873, 0, 180, 212, 153, 7, 0.55%, 8, 0, 6, 1402.68
1639488878, 0, 199, 220, 159, 10, 0.56%, 8, 0, 6, 1419.47
1639488883, 0, 199, 226, 165, 10, 0.57%, 8, 0, 6, 1411.47
1639488888, 0, 214, 231, 166, 9, 0.57%, 8, 0, 7, 1453.40
1639488893, 0, 216, 234, 167, 7, 0.57%, 9, 0, 7, 1414.95
1639488898, 0, 221, 237, 168, 6, 0.57%, 9, 0, 7, 1420.89
1639488903, 0, 225, 240, 169, 4, 0.57%, 9, 0, 7, 1404.64
1639488908, 0, 244, 247, 173, 3, 0.58%, 9, 0, 9, 1428.54
1639488913, 1, 115, 248, 170, 1, 0.58%, 9, 0, 9, 1428.48
1639488918, 1, 147, 250, 168, 0, 0.58%, 10, 0, 9, 1445.21
1639488923, 1, 158, 253, 170, 0, 0.58%, 10, 0, 9, 1450.42
1639488928, 1, 173, 255, 170, 0, 0.58%, 10, 0, 9, 1445.19
1639488934, 1, 179, 255, 168, 0, 0.58%, 10, 0, 9, 1422.79
1639488939, 1, 186, 256, 167, 0, 0.58%, 10, 0, 9, 1425.76
1639488944, 1, 188, 259, 168, 0, 0.58%, 10, 0, 9, 1450.49
1639488949, 1, 206, 260, 166, 0, 0.58%, 10, 0, 9, 1447.71
1639488954, 1, 214, 260, 164, 0, 0.58%, 10, 0, 9, 1445.27
1639488959, 1, 218, 262, 166, 0, 0.58%, 10, 0, 9, 1332.15
1639488964, 1, 224, 263, 165, 0, 0.58%, 10, 0, 9, 1410.53
1639488969, 1, 263, 267, 168, 1, 0.59%, 10, 0, 9, 1388.97
1639488979, 1, 264, 269, 169, 2, 0.59%, 10, 0, 10, 1443.87
1639488984, 1, 265, 270, 169, 3, 0.59%, 11, 0, 10, 1443.73
1639488989, 1, 268, 271, 168, 2, 0.59%, 11, 0, 11, 1466.79
1639488994, 1, 269, 274, 170, 1, 0.59%, 11, 0, 11, 1445.91
1639488999, 2, 15, 274, 168, 0, 0.59%, 12, 0, 11, 1445.57
1639489005, 2, 32, 275, 163, 0, 0.59%, 12, 0, 11, 1449.19
1639489010, 2, 59, 275, 160, 0, 0.59%, 12, 0, 11, 1407.06
1639489015, 2, 276, 281, 165, 2, 0.60%, 12, 0, 11, 1454.23
1639489020, 3, 44, 282, 163, 0, 0.60%, 12, 0, 11, 1440.91
1639489025, 3, 73, 282, 161, 0, 0.60%, 12, 0, 11, 1455.78
1639489030, 3, 98, 282, 154, 0, 0.60%, 12, 0, 11, 1461.69
1639489035, 3, 120, 282, 148, 0, 0.60%, 12, 0, 11, 1453.86
1639489040, 3, 143, 282, 143, 0, 0.60%, 12, 0, 11, 1432.32
1639489045, 3, 158, 284, 145, 0, 0.60%, 12, 0, 11, 1456.00
1639489050, 3, 171, 285, 144, 0, 0.60%, 12, 0, 11, 1445.55
1639489055, 3, 179, 286, 143, 0, 0.60%, 12, 0, 11, 1449.35
1639489060, 3, 184, 286, 142, 0, 0.60%, 12, 0, 11, 1440.97
1639489065, 3, 199, 286, 138, 0, 0.60%, 12, 0, 11, 1452.12
1639489070, 3, 215, 286, 137, 0, 0.60%, 12, 0, 11, 1426.89
1639489075, 3, 221, 286, 137, 0, 0.60%, 12, 0, 11, 1432.38
1639489080, 3, 235, 289, 139, 0, 0.60%, 12, 0, 11, 1440.93
1639489086, 3, 245, 290, 139, 0, 0.60%, 12, 0, 11, 1440.90
1639489091, 3, 249, 290, 138, 0, 0.60%, 12, 0, 11, 1439.87
1639489096, 3, 256, 290, 136, 0, 0.60%, 12, 0, 11, 1407.52
