# unix_time, cycles_done, cur_path, paths_total, pending_total, pending_favs, map_size, unique_crashes, unique_hangs, max_depth, execs_per_sec
1639519597, 0, 0, 889, 889, 102, 0.94%, 0, 0, 1, 1213.86
1639519602, 0, 118, 889, 880, 93, 0.94%, 3, 0, 1, 1382.73
1639519607, 0, 182, 889, 872, 86, 0.94%, 6, 0, 1, 1418.46
1639519612, 0, 220, 889, 865, 79, 0.94%, 6, 0, 1, 1425.46
1639519617, 0, 324, 889, 854, 68, 0.94%, 6, 0, 1, 1348.73
1639519622, 0, 402, 889, 847, 61, 0.94%, 7, 0, 1, 1379.37
1639519627, 0, 491, 889, 837, 52, 0.94%, 8, 0, 1, 1374.28
1639519632, 0, 596, 889, 827, 42, 0.94%, 8, 0, 1, 1369.76
1639519637, 0, 668, 889, 816, 31, 0.94%, 8, 0, 1, 1341.87
1639519642, 0, 724, 889, 808, 23, 0.94%, 8, 0, 1, 1316.16
1639519647, 0, 812, 889, 799, 14, 0.94%, 10, 0, 1, 1300.73
1639519653, 0, 830, 889, 792, 8, 0.94%, 11, 0, 1, 1313.88
1639519658, 1, 6, 889, 781, 0, 0.94%, 11, 0, 1, 1340.40
1639519663, 1, 20, 889, 776, 0, 0.94%, 11, 0, 1, 1355.21
1639519668, 1, 52, 889, 768, 0, 0.94%, 12, 0, 1, 1362.56
1639519673, 1, 82, 889, 758, 0, 0.94%, 12, 0, 1, 1719.59
1639519678, 1, 110, 889, 752, 0, 0.94%, 12, 0, 1, 1445.53
1639519684, 1, 128, 889, 749, 0, 0.94%, 12, 0, 1, 1366.61
1639519689, 1, 145, 889, 743, 0, 0.94%, 12, 0, 1, 1346.85
1639519694, 1, 178, 889, 738, 0, 0.94%, 12, 0, 1, 1345.19
1639519699, 1, 197, 889, 732, 0, 0.94%, 13, 0, 1, 1344.95
1639519704, 1, 221, 889, 729, 0, 0.94%, 13, 0, 1, 1350.71
1639519709, 1, 236, 889, 723, 0, 0.94%, 13, 0, 1, 1379.29
1639519714, 1, 253, 889, 714, 0, 0.94%, 13, 0, 1, 1353.77
1639519719, 1, 280, 889, 707, 0, 0.94%, 13, 0, 1, 1343.46
1639519724, 1, 307, 889, 700, 0, 0.94%, 13, 0, 1, 1321.95
1639519729, 1, 330, 889, 695, 0, 0.94%, 13, 0, 1, 1297.12
1639519735, 1, 357, 889, 689, 0, 0.94%, 13, 0, 1, 1248.70
1639519740, 1, 372, 889, 682, 0, 0.94%, 13, 0, 1, 1235.82
1639519745, 1, 402, 889, 678, 0, 0.94%, 13, 0, 1, 1235.11
1639519750, 1, 414, 889, 673, 0, 0.94%, 13, 0, 1, 1272.17
1639519755, 1, 447, 889, 668, 0, 0.94%, 13, 0, 1, 1335.91
1639519760, 1, 474, 889, 660, 0, 0.94%, 13, 0, 1, 1391.46
1639519765, 1, 494, 889, 656, 0, 0.94%, 13, 0, 1, 1415.00
1639519770, 1, 541, 889, 648, 0, 0.94%, 14, 0, 1, 1376.93
1639519776, 1, 581, 889, 640, 0, 0.94%, 14, 0, 1, 1366.07
1639519781, 1, 600, 889, 635, 0, 0.94%, 14, 0, 1, 1344.37
1639519786, 1, 625, 889, 629, 0, 0.94%, 14, 0, 1, 1312.45
1639519791, 1, 655, 889, 624, 0, 0.94%, 14, 0, 1, 1298.71
1639519796, 1, 666, 889, 621, 0, 0.94%, 14, 0, 1, 1305.14
1639519801, 1, 685, 889, 618, 0, 0.94%, 15, 0, 1, 1298.38
1639519806, 1, 706, 889, 612, 0, 0.94%, 16, 0, 1, 1293.25
1639519811, 1, 723, 889, 607, 0, 0.94%, 16, 0, 1, 1270.81
1639519816, 1, 739, 889, 603, 0, 0.94%, 16, 0, 1, 1260.38
1639519821, 1, 778, 889, 596, 0, 0.94%, 16, 0, 1, 1330.93
1639519826, 1, 817, 889, 591, 0, 0.94%, 16, 0, 1, 1416.59
1639519832, 1, 828, 889, 586, 0, 0.94%, 17, 0, 1, 1419.63
1639519837, 1, 843, 889, 582, 0, 0.94%, 17, 0, 1, 1421.34
1639519842, 1, 881, 889, 575, 0, 0.94%, 17, 0, 1, 1421.56
1639519847, 2, 44, 889, 571, 0, 0.94%, 17, 0, 1, 1422.56
1639519852, 2, 101, 889, 566, 0, 0.94%, 17, 0, 1, 1407.38
1639519857, 2, 126, 889, 562, 0, 0.94%, 17, 0, 1, 1409.40
1639519862, 2, 152, 890, 560, 0, 0.94%, 17, 0, 2, 1371.09
1639519867, 2, 176, 890, 551, 0, 0.94%, 17, 0, 2, 1329.48
1639519872, 2, 193, 890, 548, 0, 0.94%, 17, 0, 2, 1274.47
1639519877, 2, 213, 890, 542, 0, 0.94%, 17, 0, 2, 1250.87
1639519882, 2, 241, 890, 541, 0, 0.94%, 17, 0, 2, 1285.86
1639519888, 2, 274, 890, 537, 0, 0.94%, 17, 0, 2, 1314.31
