# unix_time, cycles_done, cur_path, paths_total, pending_total, pending_favs, map_size, unique_crashes, unique_hangs, max_depth, execs_per_sec
1639476333, 0, 0, 647, 647, 93, 0.88%, 0, 0, 1, 1256.01
1639476338, 0, 77, 647, 637, 86, 0.88%, 2, 0, 1, 1364.68
1639476343, 0, 168, 647, 623, 72, 0.88%, 4, 0, 1, 1399.37
1639476348, 0, 204, 647, 615, 65, 0.88%, 4, 0, 1, 1445.21
1639476353, 0, 307, 647, 607, 58, 0.88%, 5, 0, 1, 1444.73
1639476358, 0, 356, 647, 597, 48, 0.88%, 6, 0, 1, 1439.60
1639476364, 0, 391, 647, 590, 42, 0.88%, 6, 0, 1, 1444.61
1639476369, 0, 416, 647, 582, 34, 0.88%, 6, 0, 1, 1445.17
1639476374, 0, 507, 647, 570, 24, 0.88%, 8, 0, 1, 1448.36
1639476379, 0, 597, 647, 559, 14, 0.88%, 8, 0, 1, 1439.02
1639476384, 0, 639, 648, 550, 4, 0.88%, 8, 0, 2, 1425.81
1639476389, 1, 19, 648, 543, 0, 0.88%, 8, 0, 2, 1436.39
1639476394, 1, 43, 648, 534, 0, 0.88%, 8, 0, 2, 1445.39
1639476399, 1, 78, 648, 529, 0, 0.88%, 8, 0, 2, 1436.74
1639476404, 1, 98, 648, 524, 0, 0.88%, 8, 0, 2, 1428.66
1639476410, 1, 152, 648, 519, 0, 0.88%, 8, 0, 2, 1436.57
1639476415, 1, 182, 648, 511, 0, 0.88%, 9, 0, 2, 1446.57
1639476420, 1, 203, 648, 508, 0, 0.88%, 9, 0, 2, 1435.91
1639476425, 1, 233, 648, 505, 0, 0.88%, 11, 0, 2, 1441.84
1639476430, 1, 264, 648, 496, 0, 0.88%, 11, 0, 2, 1642.10
1639476435, 1, 283, 648, 488, 0, 0.88%, 11, 0, 2, 1544.78
1639476440, 1, 320, 648, 482, 0, 0.88%, 11, 0, 2, 1450.61
1639476445, 1, 339, 648, 477, 0, 0.88%, 11, 0, 2, 1432.17
1639476450, 1, 355, 648, 470, 0, 0.88%, 11, 0, 2, 1440.38
1639476455, 1, 381, 648, 467, 0, 0.88%, 12, 0, 2, 1443.47
1639476460, 1, 405, 648, 465, 0, 0.88%, 12, 0, 2, 1442.86
1639476466, 1, 425, 648, 460, 0, 0.88%, 12, 0, 2, 1436.83
1639476471, 1, 463, 648, 450, 0, 0.88%, 12, 0, 2, 1443.05
1639476476, 1, 494, 648, 443, 0, 0.88%, 12, 0, 2, 1455.03
1639476481, 1, 522, 648, 438, 0, 0.88%, 12, 0, 2, 1443.02
1639476486, 1, 556, 648, 432, 0, 0.88%, 12, 0, 2, 1452.97
1639476491, 1, 581, 648, 424, 0, 0.88%, 12, 0, 2, 1458.56
1639476496, 1, 597, 648, 417, 0, 0.88%, 12, 0, 2, 1448.09
1639476501, 1, 627, 648, 412, 0, 0.88%, 12, 0, 2, 1434.07
1639476506, 2, 7, 648, 410, 0, 0.88%, 12, 0, 2, 1460.47
1639476512, 2, 50, 648, 406, 0, 0.88%, 12, 0, 2, 1449.89
1639476517, 2, 80, 648, 400, 0, 0.88%, 12, 0, 2, 1455.53
1639476522, 2, 110, 648, 396, 0, 0.88%, 12, 0, 2, 1441.37
1639476527, 2, 140, 648, 389, 0, 0.88%, 12, 0, 2, 1451.97
1639476532, 2, 177, 648, 380, 0, 0.88%, 12, 0, 2, 1439.85
1639476537, 2, 201, 648, 377, 0, 0.88%, 12, 0, 2, 1440.14
1639476542, 2, 216, 648, 372, 0, 0.88%, 12, 0, 2, 1449.50
1639476548, 2, 243, 648, 369, 0, 0.88%, 12, 0, 2, 1440.17
1639476553, 2, 294, 648, 362, 0, 0.88%, 12, 0, 2, 1441.01
1639476558, 2, 316, 648, 357, 0, 0.88%, 12, 0, 2, 1449.91
1639476563, 2, 359, 648, 356, 0, 0.88%, 12, 0, 2, 1445.63
1639476568, 2, 373, 648, 350, 0, 0.88%, 12, 0, 2, 1391.43
1639476573, 2, 391, 648, 345, 0, 0.88%, 12, 0, 2, 1413.41
1639476578, 2, 399, 648, 342, 0, 0.88%, 12, 0, 2, 1421.28
1639476583, 2, 436, 648, 339, 0, 0.88%, 12, 0, 2, 1432.83
1639476588, 2, 477, 648, 332, 0, 0.88%, 12, 0, 2, 1360.72
1639476593, 2, 504, 648, 326, 0, 0.88%, 12, 0, 2, 1418.49
1639476598, 2, 528, 648, 321, 0, 0.88%, 12, 0, 2, 1396.43
1639476604, 2, 566, 648, 315, 0, 0.88%, 12, 0, 2, 1443.28
1639476609, 2, 604, 648, 311, 0, 0.88%, 12, 0, 2, 1451.31
1639476614, 2, 639, 648, 309, 0, 0.88%, 12, 0, 2, 1454.67
1639476619, 3, 12, 648, 306, 0, 0.88%, 12, 0, 2, 1446.86
1639476624, 3, 58, 648, 299, 0, 0.88%, 12, 0, 2, 1441.93
