# unix_time, cycles_done, cur_path, paths_total, pending_total, pending_favs, map_size, unique_crashes, unique_hangs, max_depth, execs_per_sec
1639450148, 0, 0, 1, 1, 1, 0.12%, 0, 0, 1, 2000.00
1639450153, 0, 0, 75, 75, 1, 0.46%, 2, 0, 2, 1554.51
1639450158, 0, 7, 93, 91, 37, 0.47%, 6, 0, 3, 1474.49
1639450163, 0, 10, 111, 108, 38, 0.48%, 7, 0, 3, 1458.14
1639450168, 0, 10, 116, 113, 38, 0.49%, 8, 0, 3, 1416.03
1639450173, 0, 27, 128, 117, 33, 0.50%, 8, 0, 3, 1415.51
1639450178, 0, 52, 140, 116, 23, 0.52%, 8, 0, 3, 1456.56
1639450183, 0, 70, 147, 116, 17, 0.52%, 8, 0, 3, 1417.78
1639450188, 0, 93, 158, 122, 16, 0.53%, 10, 0, 4, 1437.74
1639450194, 0, 114, 165, 125, 14, 0.54%, 10, 0, 4, 1446.24
1639450199, 0, 139, 174, 129, 11, 0.55%, 10, 0, 4, 1457.00
1639450204, 0, 148, 174, 125, 10, 0.55%, 10, 0, 4, 1447.83
1639450209, 0, 162, 180, 127, 6, 0.55%, 10, 0, 5, 1444.19
1639450214, 0, 163, 188, 134, 5, 0.56%, 10, 0, 5, 1437.60
1639450219, 0, 164, 192, 137, 8, 0.56%, 10, 0, 5, 1448.77
1639450224, 0, 171, 194, 137, 7, 0.56%, 10, 0, 5, 1448.87
1639450229, 0, 183, 198, 138, 6, 0.56%, 10, 0, 6, 1449.58
1639450234, 0, 184, 204, 143, 8, 0.57%, 10, 0, 6, 1455.13
1639450239, 0, 194, 211, 148, 8, 0.58%, 10, 0, 6, 1433.64
1639450244, 0, 199, 215, 150, 7, 0.60%, 11, 0, 7, 1256.51
1639450249, 0, 203, 216, 150, 7, 0.60%, 11, 0, 7, 1340.87
1639450254, 0, 205, 221, 154, 7, 0.61%, 11, 0, 7, 1393.36
1639450259, 0, 206, 231, 163, 8, 0.61%, 11, 0, 7, 1420.62
1639450265, 0, 207, 235, 166, 7, 0.61%, 11, 0, 7, 1431.62
1639450270, 0, 211, 243, 172, 5, 0.62%, 11, 0, 8, 2176.33
1639450275, 0, 226, 248, 173, 6, 0.62%, 11, 0, 8, 1645.30
1639450280, 0, 238, 254, 177, 5, 0.62%, 11, 0, 9, 1292.66
1639450285, 0, 245, 260, 180, 4, 0.62%, 11, 0, 9, 1388.53
1639450290, 0, 251, 264, 183, 4, 0.63%, 12, 0, 10, 1450.16
1639450295, 0, 253, 265, 182, 3, 0.64%, 12, 0, 10, 1460.58
1639450300, 0, 263, 272, 188, 4, 0.64%, 12, 0, 11, 1458.48
1639450305, 0, 265, 274, 188, 3, 0.64%, 12, 0, 11, 1420.46
1639450310, 0, 266, 280, 193, 3, 0.65%, 12, 0, 11, 1449.43
1639450316, 0, 275, 284, 195, 2, 0.65%, 12, 0, 12, 1430.82
1639450321, 0, 279, 285, 195, 2, 0.65%, 12, 0, 12, 1410.12
1639450326, 0, 283, 288, 197, 1, 0.65%, 12, 0, 13, 1426.40
1639450331, 1, 12, 290, 195, 0, 0.65%, 12, 0, 13, 1455.84
1639450336, 1, 246, 291, 191, 1, 0.66%, 12, 0, 13, 1442.65
1639450341, 1, 290, 291, 189, 1, 0.66%, 12, 0, 13, 1459.27
1639450346, 2, 27, 293, 188, 0, 0.66%, 12, 0, 13, 1452.98
1639450351, 2, 56, 293, 186, 0, 0.66%, 12, 0, 13, 1464.14
1639450356, 2, 79, 293, 181, 0, 0.66%, 12, 0, 13, 1455.75
1639450361, 2, 105, 293, 176, 0, 0.66%, 12, 0, 13, 1421.61
1639450366, 2, 117, 293, 171, 0, 0.66%, 13, 0, 13, 1435.79
1639450371, 2, 140, 293, 168, 0, 0.66%, 13, 0, 13, 1449.11
1639450376, 2, 199, 294, 166, 1, 0.66%, 13, 0, 13, 1443.21
1639450381, 3, 2, 294, 165, 0, 0.66%, 13, 0, 13, 1431.51
1639450386, 3, 34, 294, 162, 0, 0.66%, 13, 0, 13, 1443.70
1639450392, 3, 63, 294, 161, 0, 0.66%, 13, 0, 13, 1443.43
1639450397, 3, 93, 294, 156, 0, 0.66%, 13, 0, 13, 1445.44
1639450402, 3, 130, 295, 153, 0, 0.66%, 13, 0, 13, 1469.25
1639450407, 3, 154, 295, 149, 0, 0.66%, 13, 0, 13, 1450.91
1639450412, 3, 161, 295, 146, 0, 0.66%, 13, 0, 13, 1429.36
1639450417, 3, 170, 296, 146, 0, 0.66%, 13, 0, 13, 1428.57
1639450422, 3, 192, 296, 145, 0, 0.66%, 13, 0, 13, 1443.21
1639450427, 3, 199, 297, 145, 0, 0.66%, 13, 0, 13, 1454.86
1639450432, 3, 208, 297, 144, 0, 0.66%, 13, 0, 13, 1430.57
1639450437, 3, 223, 298, 143, 0, 0.66%, 13, 0, 13, 1417.65
1639450442, 3, 233, 299, 142, 0, 0.66%, 13, 0, 13, 1444.11
1639450447, 3, 241, 299, 140, 0, 0.66%, 13, 0, 13, 1439.89
