# unix_time, cycles_done, cur_path, paths_total, pending_total, pending_favs, map_size, unique_crashes, unique_hangs, max_depth, execs_per_sec
1639447197, 0, 0, 951, 951, 114, 0.99%, 0, 0, 1, 1242.53
1639447202, 0, 127, 952, 938, 101, 0.99%, 4, 0, 2, 1408.40
1639447207, 0, 191, 953, 929, 93, 1.00%, 4, 0, 2, 1388.68
1639447212, 0, 267, 953, 917, 81, 1.00%, 5, 0, 2, 1427.08
1639447217, 0, 352, 953, 909, 75, 1.00%, 6, 0, 2, 1425.49
1639447222, 0, 447, 953, 899, 68, 1.00%, 6, 0, 2, 1438.93
1639447227, 0, 490, 953, 890, 60, 1.00%, 6, 0, 2, 1430.21
1639447233, 0, 542, 953, 877, 47, 1.00%, 8, 0, 2, 1432.64
1639447238, 0, 618, 954, 868, 39, 1.00%, 9, 0, 2, 1448.20
1639447243, 0, 704, 954, 857, 28, 1.00%, 9, 0, 2, 1448.96
1639447248, 0, 828, 954, 846, 18, 1.00%, 9, 0, 2, 1443.33
1639447253, 0, 893, 954, 834, 6, 1.00%, 10, 0, 2, 1440.82
1639447258, 1, 9, 955, 827, 0, 1.00%, 10, 0, 2, 1435.19
1639447263, 1, 43, 955, 818, 0, 1.00%, 10, 0, 2, 1413.93
1639447268, 1, 74, 955, 811, 0, 1.00%, 10, 0, 2, 1422.32
1639447273, 1, 106, 955, 803, 0, 1.00%, 10, 0, 2, 1457.07
1639447278, 1, 133, 955, 797, 0, 1.00%, 10, 0, 2, 1430.53
1639447283, 1, 928, 955, 787, 0, 1.00%, 10, 0, 2, 1444.50
1639447288, 1, 944, 955, 781, 0, 1.00%, 10, 0, 2, 1441.48
1639447294, 2, 26, 955, 773, 0, 1.00%, 11, 0, 2, 1418.63
1639447299, 2, 62, 955, 765, 0, 1.00%, 11, 0, 2, 1430.49
1639447304, 2, 99, 955, 758, 0, 1.00%, 11, 0, 2, 1436.35
1639447309, 2, 137, 955, 755, 0, 1.00%, 11, 0, 2, 1425.09
1639447314, 2, 158, 955, 751, 0, 1.00%, 11, 0, 2, 1445.81
1639447319, 2, 188, 955, 746, 0, 1.00%, 11, 0, 2, 1402.44
1639447324, 2, 207, 955, 739, 0, 1.00%, 12, 0, 2, 1425.16
1639447329, 2, 231, 955, 735, 0, 1.00%, 12, 0, 2, 1405.88
1639447335, 2, 266, 956, 728, 0, 1.00%, 13, 0, 2, 1446.84
1639447340, 2, 305, 956, 721, 0, 1.00%, 13, 0, 2, 1402.53
1639447345, 2, 351, 956, 713, 0, 1.00%, 13, 0, 2, 1392.75
1639447350, 2, 388, 956, 706, 0, 1.00%, 13, 0, 2, 1412.33
1639447355, 2, 417, 956, 699, 0, 1.00%, 13, 0, 2, 1417.07
1639447360, 2, 436, 956, 692, 0, 1.00%, 13, 0, 2, 1424.37
1639447366, 2, 455, 956, 687, 0, 1.00%, 14, 0, 2, 1431.71
1639447371, 2, 488, 956, 681, 0, 1.00%, 14, 0, 2, 1429.18
1639447376, 2, 517, 956, 677, 0, 1.00%, 14, 0, 2, 1443.99
1639447381, 3, 182, 956, 670, 1, 1.00%, 14, 0, 2, 1411.65
1639447386, 3, 394, 956, 664, 0, 1.00%, 14, 0, 2, 1422.77
1639447391, 3, 434, 956, 659, 0, 1.00%, 14, 0, 2, 1434.78
1639447396, 3, 455, 956, 652, 0, 1.00%, 14, 0, 2, 1436.94
1639447401, 3, 490, 956, 650, 0, 1.00%, 14, 0, 2, 1420.00
1639447407, 3, 525, 956, 645, 0, 1.00%, 15, 0, 2, 1442.59
1639447412, 3, 542, 956, 641, 0, 1.00%, 15, 0, 2, 1438.10
1639447417, 3, 558, 956, 635, 0, 1.00%, 15, 0, 2, 1429.57
1639447422, 3, 588, 956, 627, 0, 1.00%, 15, 0, 2, 1442.44
1639447427, 3, 607, 956, 621, 0, 1.00%, 15, 0, 2, 1434.96
1639447432, 3, 651, 956, 615, 0, 1.00%, 16, 0, 2, 1734.63
1639447437, 3, 680, 956, 608, 0, 1.00%, 16, 0, 2, 1517.12
1639447442, 3, 709, 956, 603, 0, 1.00%, 16, 0, 2, 1459.32
1639447447, 3, 733, 956, 599, 0, 1.00%, 16, 0, 2, 1429.89
1639447452, 3, 769, 956, 594, 0, 1.00%, 16, 0, 2, 1420.59
1639447457, 3, 792, 956, 587, 0, 1.00%, 16, 0, 2, 1407.43
1639447462, 3, 822, 956, 580, 0, 1.00%, 16, 0, 2, 1430.83
1639447467, 3, 853, 956, 574, 0, 1.00%, 16, 0, 2, 1438.54
1639447473, 3, 886, 956, 566, 0, 1.00%, 16, 0, 2, 1434.09
1639447478, 3, 922, 956, 559, 0, 1.00%, 16, 0, 2, 1410.92
1639447483, 4, 8, 956, 556, 0, 1.00%, 16, 0, 2, 1415.92
1639447488, 4, 50, 956, 551, 0, 1.00%, 16, 0, 2, 1436.28
