# unix_time, cycles_done, cur_path, paths_total, pending_total, pending_favs, map_size, unique_crashes, unique_hangs, max_depth, execs_per_sec
1639435121, 0, 0, 598, 598, 96, 0.90%, 0, 0, 1, 1192.13
1639435126, 0, 50, 598, 587, 85, 0.90%, 2, 0, 1, 1365.36
1639435131, 0, 104, 598, 577, 77, 0.90%, 3, 0, 1, 1391.43
1639435136, 0, 176, 598, 567, 67, 0.90%, 4, 0, 1, 1406.90
1639435141, 0, 223, 598, 560, 60, 0.90%, 4, 0, 1, 1401.31
1639435146, 0, 310, 598, 548, 48, 0.90%, 4, 0, 1, 1435.17
1639435152, 0, 357, 598, 539, 40, 0.90%, 5, 0, 1, 1426.22
1639435157, 0, 390, 598, 530, 32, 0.90%, 5, 0, 1, 1414.75
1639435162, 0, 410, 598, 523, 25, 0.90%, 5, 0, 1, 1422.05
1639435167, 0, 459, 598, 514, 17, 0.90%, 5, 0, 1, 1414.26
1639435172, 0, 504, 598, 504, 9, 0.90%, 5, 0, 1, 1397.51
1639435178, 1, 0, 600, 496, 0, 0.90%, 5, 0, 3, 1413.76
1639435183, 1, 36, 600, 490, 0, 0.90%, 5, 0, 3, 1408.03
1639435188, 1, 51, 600, 484, 0, 0.90%, 5, 0, 3, 1380.84
1639435193, 1, 76, 600, 477, 0, 0.90%, 5, 0, 3, 1405.44
1639435198, 1, 104, 600, 469, 0, 0.90%, 6, 0, 3, 1418.39
1639435203, 1, 118, 600, 463, 0, 0.90%, 6, 0, 3, 1405.19
1639435209, 1, 134, 600, 459, 0, 0.90%, 6, 0, 3, 1410.98
1639435214, 1, 164, 600, 450, 0, 0.90%, 6, 0, 3, 1409.02
1639435219, 1, 202, 602, 448, 0, 0.90%, 6, 0, 3, 1400.61
1639435224, 1, 219, 602, 445, 0, 0.90%, 6, 0, 3, 1412.87
1639435229, 1, 237, 602, 439, 0, 0.90%, 6, 0, 3, 1421.71
1639435234, 1, 262, 602, 432, 0, 0.90%, 6, 0, 3, 1409.26
1639435239, 1, 284, 602, 427, 0, 0.90%, 6, 0, 3, 1405.99
1639435244, 1, 309, 602, 419, 0, 0.90%, 6, 0, 3, 1413.37
1639435249, 1, 327, 602, 416, 0, 0.90%, 7, 0, 3, 1353.67
1639435254, 1, 356, 602, 410, 0, 0.90%, 7, 0, 3, 1405.23
1639435259, 1, 378, 603, 407, 0, 0.90%, 7, 0, 3, 1423.01
1639435264, 1, 390, 603, 401, 0, 0.90%, 7, 0, 3, 1430.01
1639435270, 1, 404, 603, 400, 0, 0.90%, 7, 0, 3, 1422.81
1639435275, 1, 423, 603, 394, 0, 0.90%, 7, 0, 3, 1412.89
1639435280, 1, 455, 603, 389, 0, 0.90%, 7, 0, 3, 1399.91
1639435285, 1, 473, 603, 387, 0, 0.90%, 7, 0, 3, 1431.87
1639435290, 1, 497, 603, 382, 0, 0.90%, 7, 0, 3, 1431.57
1639435295, 1, 536, 603, 375, 0, 0.90%, 7, 0, 3, 1428.35
1639435300, 1, 570, 603, 367, 0, 0.90%, 7, 0, 3, 1413.67
1639435305, 1, 594, 603, 361, 0, 0.90%, 7, 0, 3, 1404.00
1639435310, 1, 601, 603, 358, 0, 0.90%, 7, 0, 3, 1394.32
1639435315, 2, 21, 603, 355, 0, 0.90%, 7, 0, 3, 1406.54
1639435320, 2, 57, 603, 351, 0, 0.90%, 7, 0, 3, 1422.59
1639435325, 2, 89, 604, 346, 0, 0.90%, 7, 0, 3, 1402.58
1639435330, 2, 120, 604, 344, 0, 0.90%, 7, 0, 3, 1409.79
1639435336, 2, 603, 606, 344, 1, 0.90%, 7, 0, 3, 1405.19
1639435341, 3, 19, 607, 342, 0, 0.90%, 7, 0, 3, 1423.73
1639435346, 3, 65, 607, 336, 0, 0.90%, 7, 0, 3, 1422.28
1639435351, 3, 104, 608, 334, 0, 0.90%, 7, 0, 3, 1409.13
1639435356, 3, 141, 608, 332, 0, 0.90%, 7, 0, 3, 1410.67
1639435361, 3, 171, 608, 325, 0, 0.90%, 7, 0, 3, 1411.62
1639435367, 3, 202, 608, 321, 0, 0.90%, 7, 0, 3, 1412.12
1639435372, 3, 223, 608, 317, 0, 0.90%, 7, 0, 3, 1611.92
1639435377, 3, 261, 608, 311, 0, 0.90%, 7, 0, 3, 1438.81
1639435382, 3, 293, 608, 307, 0, 0.90%, 7, 0, 3, 1397.17
1639435387, 3, 320, 608, 301, 0, 0.90%, 7, 0, 3, 1421.50
1639435392, 3, 341, 608, 294, 0, 0.90%, 7, 0, 3, 1419.25
1639435397, 3, 378, 608, 292, 0, 0.90%, 7, 0, 3, 1397.80
1639435402, 3, 398, 608, 290, 0, 0.90%, 7, 0, 3, 1409.57
1639435407, 3, 424, 608, 289, 0, 0.90%, 7, 0, 3, 1405.42
1639435412, 3, 440, 608, 283, 0, 0.90%, 7, 0, 3, 1374.58
