# unix_time, cycles_done, cur_path, paths_total, pending_total, pending_favs, map_size, unique_crashes, unique_hangs, max_depth, execs_per_sec
1639480354, 0, 0, 1, 1, 1, 0.12%, 0, 0, 1, 1600.00
1639480360, 0, 0, 74, 74, 1, 0.46%, 3, 0, 2, 1462.04
1639480365, 0, 3, 92, 91, 40, 0.46%, 3, 0, 3, 1442.45
1639480370, 0, 15, 121, 113, 36, 0.52%, 3, 0, 3, 1412.29
1639480375, 0, 19, 131, 121, 40, 0.53%, 3, 0, 3, 1419.68
1639480380, 0, 40, 147, 129, 31, 0.54%, 5, 0, 3, 1407.08
1639480385, 0, 67, 155, 127, 22, 0.54%, 5, 0, 3, 1421.07
1639480390, 0, 92, 163, 128, 15, 0.54%, 6, 0, 4, 1430.78
1639480395, 0, 120, 172, 130, 10, 0.55%, 6, 0, 4, 1428.84
1639480400, 0, 127, 178, 132, 10, 0.55%, 6, 0, 4, 1425.23
1639480405, 0, 135, 182, 134, 9, 0.58%, 7, 0, 4, 1440.47
1639480410, 0, 164, 189, 137, 7, 0.59%, 7, 0, 5, 1423.30
1639480415, 0, 175, 193, 139, 11, 0.60%, 7, 0, 5, 1426.47
1639480420, 0, 177, 197, 141, 10, 0.61%, 7, 0, 5, 1412.72
1639480425, 0, 182, 197, 139, 9, 0.61%, 7, 0, 5, 1403.67
1639480430, 0, 183, 201, 142, 8, 0.61%, 7, 0, 6, 1416.90
1639480435, 0, 184, 207, 147, 7, 0.61%, 7, 0, 6, 1399.65
1639480440, 0, 186, 213, 152, 7, 0.61%, 7, 0, 6, 1409.03
1639480445, 0, 187, 223, 161, 8, 0.62%, 7, 0, 6, 1426.69
1639480450, 0, 194, 225, 161, 9, 0.62%, 7, 0, 6, 1419.53
1639480455, 0, 199, 230, 164, 7, 0.62%, 7, 0, 7, 1412.09
1639480460, 0, 204, 234, 167, 7, 0.63%, 7, 0, 7, 1385.55
1639480466, 0, 213, 237, 169, 7, 0.63%, 7, 0, 7, 1399.07
1639480471, 0, 217, 240, 171, 7, 0.63%, 7, 0, 7, 1396.39
1639480476, 0, 222, 243, 172, 8, 0.65%, 7, 0, 7, 1411.38
1639480481, 0, 232, 249, 175, 5, 0.65%, 7, 0, 8, 1419.88
1639480486, 0, 236, 252, 177, 4, 0.65%, 7, 0, 8, 1437.93
1639480491, 0, 253, 259, 180, 1, 0.67%, 7, 0, 9, 1428.86
1639480496, 0, 254, 265, 185, 7, 0.68%, 7, 0, 9, 1432.41
1639480501, 0, 256, 267, 185, 5, 0.69%, 7, 0, 10, 1403.08
1639480506, 0, 260, 270, 186, 5, 0.69%, 7, 0, 10, 1436.76
1639480511, 0, 265, 275, 189, 3, 0.70%, 7, 0, 11, 1432.05
1639480516, 0, 268, 277, 189, 2, 0.70%, 7, 0, 11, 1417.54
1639480521, 0, 278, 285, 195, 1, 0.70%, 7, 0, 13, 1410.91
1639480526, 0, 281, 287, 196, 1, 0.70%, 7, 0, 14, 1425.66
1639480531, 0, 284, 289, 197, 1, 0.70%, 8, 0, 14, 1435.21
1639480536, 0, 287, 291, 198, 1, 0.70%, 8, 0, 15, 1436.42
1639480541, 1, 3, 293, 199, 0, 0.70%, 8, 0, 15, 1417.22
1639480547, 1, 32, 294, 197, 0, 0.70%, 8, 0, 15, 1428.12
1639480552, 1, 50, 295, 195, 0, 0.70%, 8, 0, 15, 1440.18
1639480557, 1, 190, 299, 198, 1, 0.70%, 8, 0, 15, 1649.99
1639480562, 1, 269, 301, 198, 1, 0.70%, 8, 0, 15, 1812.83
1639480567, 1, 286, 301, 197, 2, 0.70%, 8, 0, 15, 1515.41
1639480572, 1, 300, 302, 196, 1, 0.73%, 8, 0, 15, 1453.34
1639480577, 1, 300, 304, 198, 1, 0.73%, 8, 0, 15, 1440.67
1639480582, 1, 301, 313, 206, 2, 0.74%, 8, 0, 15, 1426.71
1639480587, 1, 302, 317, 209, 9, 0.75%, 8, 0, 15, 1885.21
1639480592, 1, 306, 317, 207, 7, 0.75%, 9, 0, 15, 1796.89
1639480598, 1, 308, 319, 208, 6, 0.76%, 9, 0, 15, 1509.30
1639480603, 1, 309, 319, 207, 6, 0.76%, 9, 0, 15, 1455.78
1639480608, 1, 311, 319, 205, 4, 0.76%, 9, 0, 15, 1438.78
1639480613, 1, 313, 320, 205, 3, 0.76%, 9, 0, 15, 1425.75
1639480618, 1, 313, 321, 206, 3, 0.76%, 9, 0, 15, 1427.09
1639480623, 1, 314, 322, 206, 2, 0.76%, 9, 0, 15, 1422.19
1639480628, 1, 317, 323, 206, 1, 0.76%, 9, 0, 15, 1445.05
1639480633, 2, 29, 324, 204, 0, 0.76%, 9, 0, 15, 1438.21
1639480638, 2, 50, 324, 199, 0, 0.76%, 9, 0, 15, 1432.99
1639480643, 2, 76, 326, 196, 0, 0.76%, 9, 0, 15, 1428.06
1639480648, 2, 95, 328, 195, 0, 0.76%, 10, 0, 15, 1416.34
1639480653, 2, 127, 328, 191, 0, 0.76%, 10, 0, 15, 1429.97
