# unix_time, cycles_done, cur_path, paths_total, pending_total, pending_favs, map_size, unique_crashes, unique_hangs, max_depth, execs_per_sec
1639477242, 0, 0, 345, 345, 60, 0.79%, 0, 0, 1, 1213.72
1639477247, 0, 90, 347, 335, 48, 0.79%, 54, 0, 2, 1370.49
1639477252, 0, 182, 348, 326, 38, 0.79%, 58, 0, 2, 1399.16
1639477257, 0, 244, 349, 316, 27, 0.79%, 68, 0, 2, 1408.91
1639477262, 0, 275, 349, 308, 19, 0.79%, 69, 0, 2, 1414.83
1639477268, 0, 316, 352, 302, 10, 0.79%, 69, 0, 2, 1428.01
1639477273, 0, 344, 353, 294, 1, 0.79%, 72, 0, 2, 1397.23
1639477278, 1, 27, 355, 289, 0, 0.79%, 74, 0, 2, 1389.72
1639477283, 1, 57, 355, 286, 0, 0.79%, 74, 0, 2, 1417.44
1639477288, 1, 89, 355, 278, 0, 0.79%, 74, 0, 2, 1423.63
1639477293, 1, 124, 355, 274, 0, 0.79%, 74, 0, 2, 1432.09
1639477299, 1, 168, 356, 267, 0, 0.79%, 74, 0, 2, 1416.93
1639477304, 1, 202, 357, 265, 0, 0.79%, 74, 0, 2, 1424.33
1639477309, 1, 227, 357, 258, 0, 0.79%, 74, 0, 2, 1415.57
1639477314, 1, 248, 357, 253, 0, 0.79%, 74, 0, 2, 1414.78
1639477319, 1, 268, 357, 248, 0, 0.79%, 74, 0, 2, 1411.46
1639477324, 1, 278, 357, 244, 0, 0.79%, 74, 0, 2, 2456.40
1639477329, 1, 295, 358, 242, 0, 0.79%, 74, 0, 2, 2043.05
1639477334, 1, 328, 358, 240, 0, 0.79%, 74, 0, 2, 1539.50
1639477339, 1, 349, 358, 235, 0, 0.79%, 74, 0, 2, 1616.58
1639477344, 2, 41, 358, 231, 0, 0.79%, 74, 0, 2, 1467.33
1639477349, 2, 62, 358, 226, 0, 0.79%, 74, 0, 2, 1429.07
1639477354, 2, 82, 358, 220, 0, 0.79%, 74, 0, 2, 1404.42
1639477359, 2, 107, 358, 216, 0, 0.79%, 74, 0, 2, 1379.07
1639477365, 2, 147, 358, 210, 0, 0.79%, 74, 0, 2, 1377.02
1639477370, 2, 167, 358, 202, 0, 0.79%, 74, 0, 2, 1375.15
1639477375, 2, 192, 358, 199, 0, 0.79%, 74, 0, 2, 1387.35
1639477380, 2, 219, 358, 194, 0, 0.79%, 74, 0, 2, 1364.82
1639477385, 2, 243, 358, 189, 0, 0.79%, 74, 0, 2, 1373.45
1639477390, 2, 265, 358, 188, 0, 0.79%, 74, 0, 2, 1393.14
1639477395, 2, 282, 358, 185, 0, 0.79%, 74, 0, 2, 1321.31
1639477400, 2, 314, 358, 182, 0, 0.79%, 74, 0, 2, 1370.03
1639477405, 2, 335, 358, 180, 0, 0.79%, 74, 0, 2, 1392.99
1639477410, 2, 356, 358, 175, 0, 0.79%, 74, 0, 2, 1377.77
1639477415, 3, 26, 358, 169, 0, 0.79%, 74, 0, 2, 1388.49
1639477421, 3, 50, 358, 166, 0, 0.79%, 74, 0, 2, 1399.16
1639477426, 3, 91, 358, 162, 0, 0.79%, 75, 0, 2, 1413.25
1639477431, 3, 149, 358, 155, 0, 0.79%, 75, 0, 2, 1393.28
1639477436, 3, 177, 358, 150, 0, 0.79%, 75, 0, 2, 1389.60
1639477441, 3, 194, 358, 147, 0, 0.79%, 75, 0, 2, 1401.77
1639477446, 3, 227, 358, 143, 0, 0.79%, 75, 0, 2, 1394.79
1639477451, 3, 249, 358, 140, 0, 0.79%, 75, 0, 2, 1401.54
1639477457, 3, 272, 358, 139, 0, 0.79%, 75, 0, 2, 1423.30
1639477462, 3, 302, 358, 137, 0, 0.79%, 75, 0, 2, 1392.80
1639477467, 3, 323, 358, 133, 0, 0.79%, 75, 0, 2, 1402.34
1639477472, 3, 340, 358, 130, 0, 0.79%, 75, 0, 2, 1392.92
1639477477, 4, 33, 358, 126, 0, 0.79%, 75, 0, 2, 1408.88
1639477482, 4, 65, 358, 122, 0, 0.79%, 75, 0, 2, 1406.30
1639477487, 4, 94, 358, 119, 0, 0.79%, 75, 0, 2, 1382.33
1639477492, 4, 145, 358, 116, 0, 0.79%, 75, 0, 2, 1389.35
1639477497, 4, 184, 359, 114, 0, 0.79%, 75, 0, 2, 1391.23
1639477503, 4, 216, 360, 114, 0, 0.79%, 75, 0, 2, 1282.21
1639477508, 4, 248, 360, 110, 0, 0.79%, 75, 0, 2, 1381.02
1639477513, 4, 271, 361, 110, 0, 0.79%, 75, 0, 2, 1398.54
1639477518, 4, 297, 361, 108, 0, 0.79%, 75, 0, 2, 1408.44
1639477523, 4, 328, 361, 106, 0, 0.79%, 75, 0, 2, 1411.96
1639477528, 4, 353, 361, 105, 0, 0.79%, 76, 0, 2, 1423.54
1639477533, 4, 360, 367, 109, 0, 0.79%, 76, 0, 3, 1370.58
1639477538, 4, 361, 369, 110, 0, 0.79%, 76, 0, 4, 1386.84
