# unix_time, cycles_done, cur_path, paths_total, pending_total, pending_favs, map_size, unique_crashes, unique_hangs, max_depth, execs_per_sec
1639517562, 0, 0, 1, 1, 1, 0.12%, 0, 0, 1, 2000.00
1639517567, 0, 0, 79, 79, 1, 0.43%, 5, 0, 2, 1565.90
1639517572, 0, 12, 109, 103, 35, 0.43%, 5, 0, 3, 1483.93
1639517578, 0, 26, 124, 109, 31, 0.48%, 5, 0, 3, 1496.93
1639517583, 0, 42, 129, 108, 25, 0.48%, 6, 0, 3, 1481.72
1639517588, 0, 44, 134, 111, 23, 0.48%, 6, 0, 3, 1492.85
1639517593, 0, 62, 149, 118, 16, 0.50%, 6, 0, 3, 1471.02
1639517598, 0, 96, 153, 113, 9, 0.51%, 6, 0, 4, 1409.85
1639517603, 0, 150, 161, 113, 3, 0.52%, 7, 0, 4, 1449.39
1639517608, 0, 159, 167, 116, 1, 0.53%, 7, 0, 5, 1482.08
1639517613, 0, 163, 170, 117, 2, 0.53%, 7, 0, 6, 1448.89
1639517618, 0, 169, 176, 121, 2, 0.54%, 7, 0, 6, 1437.49
1639517623, 1, 13, 176, 119, 0, 0.54%, 7, 0, 6, 1444.87
1639517628, 1, 35, 178, 116, 0, 0.54%, 7, 0, 6, 1435.76
1639517633, 1, 53, 178, 112, 0, 0.54%, 9, 0, 6, 1430.79
1639517638, 1, 75, 180, 109, 0, 0.54%, 10, 0, 6, 1414.96
1639517643, 1, 180, 181, 105, 1, 0.54%, 11, 0, 6, 1388.83
1639517648, 1, 181, 186, 109, 1, 0.54%, 11, 0, 6, 1378.36
1639517654, 1, 182, 189, 111, 1, 0.54%, 11, 0, 6, 1359.80
1639517659, 2, 6, 189, 108, 0, 0.54%, 11, 0, 6, 1358.04
1639517664, 2, 25, 189, 107, 0, 0.54%, 11, 0, 6, 1359.14
1639517669, 2, 55, 189, 107, 0, 0.54%, 12, 0, 6, 1355.37
1639517674, 2, 189, 193, 110, 1, 0.57%, 12, 0, 6, 1327.30
1639517679, 2, 192, 194, 110, 2, 0.57%, 12, 0, 6, 1326.04
1639517684, 2, 195, 198, 112, 1, 0.57%, 12, 0, 7, 1360.04
1639517689, 2, 197, 200, 113, 0, 0.57%, 12, 0, 8, 1374.96
1639517694, 2, 197, 202, 115, 0, 0.57%, 12, 0, 8, 1245.80
1639517699, 2, 202, 203, 114, 1, 0.57%, 12, 0, 9, 1333.79
1639517704, 2, 202, 210, 121, 1, 0.58%, 12, 0, 10, 1438.09
1639517709, 2, 204, 218, 128, 4, 0.59%, 12, 0, 11, 1459.95
1639517714, 2, 205, 223, 132, 6, 0.63%, 12, 0, 11, 1463.58
1639517719, 2, 207, 224, 132, 6, 0.63%, 12, 0, 11, 1454.45
1639517724, 2, 209, 226, 133, 5, 0.63%, 12, 0, 11, 1475.72
1639517729, 2, 213, 231, 137, 5, 0.65%, 12, 0, 12, 1486.83
1639517734, 2, 218, 239, 144, 9, 0.66%, 13, 0, 12, 1456.19
1639517739, 2, 218, 241, 146, 9, 0.67%, 13, 0, 12, 1467.84
1639517744, 2, 219, 242, 146, 12, 0.67%, 13, 0, 12, 1430.87
1639517750, 2, 222, 243, 146, 11, 0.68%, 13, 0, 12, 1434.88
1639517755, 2, 225, 245, 147, 11, 0.68%, 13, 0, 12, 1859.55
1639517760, 2, 228, 248, 148, 10, 0.69%, 13, 0, 13, 2513.94
1639517765, 2, 230, 248, 146, 9, 0.69%, 13, 0, 13, 1866.74
1639517770, 2, 232, 248, 145, 8, 0.69%, 13, 0, 13, 1365.16
1639517775, 2, 234, 252, 148, 7, 0.69%, 13, 0, 13, 1431.41
1639517780, 2, 238, 257, 152, 8, 0.69%, 13, 0, 13, 1447.59
1639517785, 2, 238, 262, 157, 8, 0.69%, 13, 0, 13, 1461.98
1639517790, 2, 240, 262, 155, 6, 0.69%, 13, 0, 13, 1475.40
1639517795, 2, 250, 264, 155, 4, 0.69%, 13, 0, 14, 1464.11
1639517800, 2, 251, 266, 156, 3, 0.69%, 13, 0, 14, 1446.10
1639517805, 2, 255, 267, 156, 2, 0.69%, 13, 0, 14, 1436.20
1639517810, 2, 258, 272, 160, 1, 0.69%, 13, 0, 14, 1427.57
1639517815, 2, 270, 276, 163, 3, 0.70%, 13, 0, 15, 1396.69
1639517820, 2, 270, 280, 167, 3, 0.70%, 13, 0, 15, 1402.53
1639517825, 2, 272, 281, 167, 3, 0.70%, 13, 0, 15, 1412.79
1639517831, 2, 272, 283, 169, 3, 0.70%, 13, 0, 15, 1459.66
1639517836, 2, 274, 284, 169, 3, 0.70%, 13, 0, 15, 1463.94
1639517841, 2, 274, 284, 169, 3, 0.70%, 14, 0, 15, 1456.36
1639517846, 2, 276, 286, 170, 3, 0.71%, 14, 0, 16, 1481.37
1639517851, 2, 276, 289, 173, 3, 0.71%, 14, 0, 16, 1480.16
1639517856, 2, 283, 290, 173, 4, 0.71%, 14, 0, 16, 1483.60
1639517861, 2, 284, 292, 174, 4, 0.71%, 14, 0, 17, 1484.72
