# unix_time, cycles_done, cur_path, paths_total, pending_total, pending_favs, map_size, unique_crashes, unique_hangs, max_depth, execs_per_sec
1639562201, 0, 0, 1, 1, 1, 0.12%, 0, 0, 1, 1600.00
1639562206, 0, 0, 75, 75, 1, 0.44%, 4, 0, 2, 1409.44
1639562211, 0, 5, 99, 97, 38, 0.46%, 7, 0, 3, 1367.76
1639562216, 0, 9, 111, 107, 38, 0.47%, 7, 0, 3, 1358.96
1639562221, 0, 27, 125, 112, 34, 0.50%, 8, 0, 3, 1316.13
1639562226, 0, 60, 137, 110, 22, 0.51%, 8, 0, 3, 1357.98
1639562231, 0, 75, 164, 133, 27, 0.53%, 8, 0, 3, 2004.25
1639562236, 0, 129, 173, 129, 16, 0.55%, 8, 0, 4, 1768.49
1639562242, 0, 148, 183, 133, 15, 0.56%, 10, 0, 4, 1403.64
1639562247, 0, 162, 191, 135, 10, 0.56%, 11, 0, 4, 1396.14
1639562252, 0, 162, 195, 139, 10, 0.57%, 11, 0, 4, 1382.17
1639562257, 0, 175, 202, 142, 10, 0.58%, 11, 0, 5, 1369.17
1639562262, 0, 176, 205, 144, 11, 0.58%, 15, 0, 5, 1337.58
1639562267, 0, 186, 207, 144, 9, 0.58%, 15, 0, 5, 1345.32
1639562272, 0, 197, 214, 148, 9, 0.59%, 15, 0, 6, 1328.47
1639562277, 0, 197, 223, 157, 9, 0.59%, 15, 0, 6, 1328.30
1639562282, 0, 200, 226, 158, 7, 0.59%, 16, 0, 6, 1314.18
1639562287, 0, 211, 229, 157, 3, 0.60%, 17, 0, 6, 1363.13
1639562292, 0, 232, 240, 164, 5, 0.64%, 18, 0, 8, 1350.69
1639562297, 0, 232, 241, 165, 5, 0.65%, 18, 0, 8, 1354.61
1639562302, 0, 237, 246, 167, 5, 0.65%, 18, 0, 9, 1309.47
1639562307, 0, 240, 250, 169, 4, 0.65%, 18, 0, 9, 1385.53
1639562313, 0, 248, 256, 173, 4, 0.65%, 18, 0, 10, 1369.10
1639562318, 0, 249, 260, 176, 3, 0.66%, 18, 0, 10, 1369.48
1639562323, 0, 258, 263, 177, 3, 0.66%, 18, 0, 11, 1365.13
1639562328, 0, 260, 266, 179, 2, 0.66%, 19, 0, 11, 1349.90
1639562333, 1, 65, 266, 175, 0, 0.66%, 19, 0, 11, 1364.06
1639562338, 1, 92, 270, 175, 0, 0.66%, 19, 0, 11, 1382.01
1639562343, 1, 126, 273, 171, 1, 0.67%, 19, 0, 11, 1366.98
1639562348, 2, 17, 273, 165, 0, 0.67%, 19, 0, 11, 1397.47
1639562353, 2, 49, 274, 163, 0, 0.67%, 19, 0, 11, 1399.18
1639562359, 2, 80, 274, 162, 0, 0.67%, 19, 0, 11, 1311.10
1639562364, 2, 122, 274, 156, 0, 0.67%, 19, 0, 11, 1340.53
1639562369, 2, 274, 277, 158, 1, 0.71%, 20, 0, 11, 1323.31
1639562374, 2, 277, 281, 160, 0, 0.71%, 20, 0, 11, 1369.48
1639562379, 3, 5, 281, 159, 0, 0.71%, 20, 0, 11, 1365.50
1639562384, 3, 32, 282, 159, 0, 0.71%, 20, 0, 11, 1366.07
1639562389, 3, 52, 284, 156, 0, 0.71%, 20, 0, 11, 1376.53
1639562394, 3, 80, 285, 155, 0, 0.71%, 20, 0, 11, 1361.47
1639562399, 3, 121, 285, 149, 0, 0.71%, 20, 0, 11, 1380.61
1639562404, 3, 148, 285, 146, 0, 0.71%, 20, 0, 11, 1367.85
1639562409, 3, 161, 285, 143, 0, 0.71%, 20, 0, 11, 1357.29
1639562414, 3, 170, 285, 142, 0, 0.71%, 20, 0, 11, 1346.10
1639562419, 3, 183, 285, 141, 0, 0.71%, 20, 0, 11, 1360.89
1639562424, 3, 197, 285, 138, 0, 0.71%, 20, 0, 11, 1356.74
1639562429, 3, 199, 285, 138, 0, 0.71%, 20, 0, 11, 1337.85
1639562434, 3, 209, 285, 136, 0, 0.71%, 20, 0, 11, 1360.97
1639562440, 3, 213, 285, 135, 0, 0.71%, 20, 0, 11, 1356.71
1639562445, 3, 225, 289, 135, 0, 0.71%, 20, 0, 11, 1367.20
1639562450, 3, 226, 289, 134, 0, 0.71%, 21, 0, 11, 1351.11
1639562455, 3, 233, 289, 133, 0, 0.71%, 21, 0, 11, 1366.98
1639562460, 3, 264, 290, 134, 1, 0.74%, 21, 0, 11, 1367.05
1639562465, 3, 289, 301, 145, 1, 0.76%, 21, 0, 11, 1367.46
1639562470, 3, 290, 301, 144, 9, 0.76%, 21, 0, 11, 1377.56
1639562475, 3, 292, 301, 142, 7, 0.76%, 21, 0, 11, 1348.60
1639562480, 3, 294, 301, 141, 6, 0.76%, 21, 0, 11, 1342.00
1639562485, 3, 297, 302, 140, 4, 0.76%, 21, 0, 11, 1363.21
1639562490, 3, 298, 303, 140, 4, 0.76%, 21, 0, 11, 1355.98
1639562495, 3, 302, 304, 139, 2, 0.76%, 21, 0, 12, 1350.42
1639562500, 3, 304, 311, 145, 2, 0.77%, 21, 0, 13, 1335.88
