# unix_time, cycles_done, cur_path, paths_total, pending_total, pending_favs, map_size, unique_crashes, unique_hangs, max_depth, execs_per_sec
1639472242, 0, 0, 234, 234, 69, 0.53%, 0, 0, 1, 1145.65
1639472247, 0, 60, 239, 231, 61, 0.54%, 14, 0, 2, 1357.53
1639472252, 0, 66, 243, 233, 59, 0.54%, 14, 0, 2, 1404.31
1639472257, 0, 90, 243, 226, 52, 0.54%, 15, 0, 2, 1425.30
1639472262, 0, 115, 247, 222, 44, 0.54%, 17, 0, 2, 1429.93
1639472267, 0, 143, 247, 212, 34, 0.54%, 20, 0, 2, 1384.42
1639472272, 0, 177, 248, 203, 25, 0.54%, 20, 0, 2, 1384.15
1639472277, 0, 204, 249, 193, 15, 0.54%, 20, 0, 2, 1395.39
1639472282, 0, 230, 249, 183, 5, 0.54%, 22, 0, 2, 1385.99
1639472288, 1, 9, 250, 177, 0, 0.54%, 22, 0, 3, 1388.78
1639472293, 1, 30, 252, 174, 0, 0.54%, 23, 0, 3, 1393.18
1639472298, 1, 60, 252, 167, 0, 0.54%, 23, 0, 3, 1418.57
1639472303, 1, 70, 253, 166, 0, 0.54%, 23, 0, 3, 1401.03
1639472308, 1, 91, 254, 163, 0, 0.54%, 24, 0, 3, 1431.49
1639472313, 1, 111, 254, 159, 0, 0.54%, 24, 0, 3, 1424.83
1639472318, 1, 128, 254, 155, 0, 0.54%, 25, 0, 3, 1424.86
1639472323, 1, 153, 255, 153, 0, 0.54%, 26, 0, 3, 1423.43
1639472328, 1, 174, 255, 149, 0, 0.54%, 26, 0, 3, 1419.12
1639472333, 1, 199, 256, 148, 0, 0.54%, 26, 0, 3, 1416.97
1639472338, 1, 223, 256, 148, 0, 0.54%, 26, 0, 3, 1437.49
1639472343, 1, 242, 256, 143, 0, 0.54%, 27, 0, 3, 1429.13
1639472348, 1, 251, 258, 142, 0, 0.54%, 29, 0, 3, 1425.10
1639472353, 2, 24, 264, 143, 0, 0.54%, 29, 0, 3, 1411.81
1639472358, 2, 44, 264, 141, 0, 0.54%, 29, 0, 3, 1415.59
1639472364, 2, 67, 264, 138, 0, 0.54%, 29, 0, 3, 1410.32
1639472369, 2, 88, 265, 137, 0, 0.54%, 29, 0, 3, 1403.18
1639472374, 2, 110, 265, 135, 0, 0.54%, 29, 0, 3, 1383.88
1639472379, 2, 126, 265, 134, 0, 0.54%, 29, 0, 3, 1383.54
1639472384, 2, 148, 265, 133, 0, 0.54%, 29, 0, 3, 1382.88
1639472389, 2, 173, 265, 130, 0, 0.54%, 30, 0, 3, 1381.93
1639472394, 2, 197, 266, 130, 0, 0.54%, 30, 0, 3, 1399.65
1639472399, 2, 208, 266, 127, 0, 0.54%, 30, 0, 3, 1439.70
1639472404, 2, 226, 266, 124, 0, 0.54%, 30, 0, 3, 1433.00
1639472410, 2, 245, 266, 122, 0, 0.54%, 30, 0, 3, 1421.50
1639472415, 2, 256, 267, 122, 0, 0.54%, 30, 0, 4, 1398.75
1639472420, 3, 17, 267, 115, 0, 0.54%, 30, 0, 4, 1354.14
1639472425, 3, 45, 268, 113, 0, 0.54%, 30, 0, 4, 1364.69
1639472430, 3, 70, 268, 110, 0, 0.54%, 30, 0, 4, 1376.17
1639472435, 3, 89, 268, 107, 0, 0.54%, 30, 0, 4, 1388.89
1639472440, 3, 108, 268, 104, 0, 0.54%, 30, 0, 4, 1419.01
1639472445, 3, 129, 268, 103, 0, 0.54%, 30, 0, 4, 1382.07
1639472450, 3, 149, 268, 100, 0, 0.54%, 30, 0, 4, 1379.78
1639472455, 3, 173, 268, 95, 0, 0.54%, 30, 0, 4, 1375.08
1639472460, 3, 186, 268, 91, 0, 0.54%, 30, 0, 4, 1380.60
1639472465, 3, 208, 268, 90, 0, 0.54%, 30, 0, 4, 1359.12
1639472470, 3, 233, 268, 90, 0, 0.54%, 30, 0, 4, 1373.00
1639472475, 3, 259, 268, 89, 0, 0.54%, 30, 0, 4, 1365.24
1639472481, 4, 17, 268, 86, 0, 0.54%, 30, 0, 4, 1367.16
1639472486, 4, 60, 268, 82, 0, 0.54%, 30, 0, 4, 1384.30
1639472491, 4, 73, 268, 81, 0, 0.54%, 30, 0, 4, 1391.33
1639472496, 4, 100, 268, 78, 0, 0.54%, 30, 0, 4, 1392.65
1639472501, 4, 117, 268, 75, 0, 0.54%, 30, 0, 4, 1392.98
1639472506, 4, 133, 268, 71, 0, 0.54%, 31, 0, 4, 1377.35
1639472512, 4, 170, 268, 69, 0, 0.54%, 31, 0, 4, 1811.29
1639472517, 4, 196, 268, 68, 0, 0.54%, 31, 0, 4, 1467.72
1639472522, 4, 212, 268, 67, 0, 0.54%, 31, 0, 4, 1388.23
1639472527, 4, 236, 268, 66, 0, 0.54%, 31, 0, 4, 1398.01
1639472532, 4, 262, 269, 65, 0, 0.54%, 31, 0, 4, 1365.03
1639472537, 5, 32, 269, 63, 0, 0.54%, 31, 0, 4, 1375.09
