# unix_time, cycles_done, cur_path, paths_total, pending_total, pending_favs, map_size, unique_crashes, unique_hangs, max_depth, execs_per_sec
1639593824, 0, 0, 751, 751, 86, 0.90%, 0, 0, 1, 1079.41
1639593829, 0, 110, 751, 743, 80, 0.90%, 3, 0, 1, 1351.34
1639593834, 0, 209, 751, 733, 71, 0.90%, 4, 0, 1, 1449.07
1639593839, 0, 289, 751, 722, 61, 0.90%, 6, 0, 1, 1456.49
1639593844, 0, 415, 751, 713, 52, 0.90%, 6, 0, 1, 1427.00
1639593849, 0, 452, 751, 705, 44, 0.90%, 6, 0, 1, 1312.20
1639593854, 0, 504, 751, 696, 35, 0.90%, 7, 0, 1, 1312.86
1639593859, 0, 563, 751, 685, 24, 0.90%, 8, 0, 1, 1295.56
1639593864, 0, 641, 751, 675, 16, 0.90%, 8, 0, 1, 1280.17
1639593869, 0, 703, 751, 667, 8, 0.90%, 9, 0, 1, 1312.42
1639593875, 0, 749, 751, 660, 1, 0.90%, 9, 0, 1, 1398.53
1639593880, 1, 19, 751, 652, 0, 0.90%, 9, 0, 1, 1397.88
1639593885, 1, 64, 751, 644, 0, 0.90%, 9, 0, 1, 1346.54
1639593890, 1, 90, 751, 637, 0, 0.90%, 9, 0, 1, 1361.33
1639593895, 1, 119, 751, 632, 0, 0.90%, 9, 0, 1, 1350.50
1639593900, 1, 167, 751, 625, 0, 0.90%, 9, 0, 1, 1368.98
1639593905, 1, 183, 751, 619, 0, 0.90%, 9, 0, 1, 1411.24
1639593910, 1, 216, 752, 613, 0, 0.90%, 9, 0, 2, 1410.79
1639593915, 1, 236, 752, 609, 0, 0.90%, 9, 0, 2, 1409.20
1639593920, 1, 275, 752, 604, 0, 0.90%, 9, 0, 2, 1400.35
1639593926, 1, 311, 752, 598, 0, 0.90%, 10, 0, 2, 1456.29
1639593931, 1, 333, 752, 590, 0, 0.90%, 10, 0, 2, 1476.45
1639593936, 1, 399, 752, 582, 0, 0.90%, 11, 0, 2, 1481.80
1639593941, 1, 423, 752, 576, 0, 0.90%, 11, 0, 2, 1479.84
1639593946, 1, 448, 752, 571, 0, 0.90%, 11, 0, 2, 1819.10
1639593951, 1, 466, 752, 566, 0, 0.90%, 12, 0, 2, 1544.72
1639593956, 1, 482, 752, 559, 0, 0.90%, 12, 0, 2, 1482.22
1639593961, 1, 518, 752, 552, 0, 0.90%, 12, 0, 2, 1466.13
1639593966, 1, 548, 752, 549, 0, 0.90%, 12, 0, 2, 1486.50
1639593971, 1, 568, 752, 542, 0, 0.90%, 12, 0, 2, 1474.48
1639593977, 1, 612, 752, 532, 0, 0.90%, 12, 0, 2, 1480.42
1639593982, 1, 645, 752, 527, 0, 0.90%, 12, 0, 2, 1465.40
1639593987, 1, 683, 752, 522, 0, 0.90%, 12, 0, 2, 1476.04
1639593992, 1, 719, 752, 517, 0, 0.90%, 12, 0, 2, 1482.76
1639593997, 1, 741, 753, 513, 0, 0.90%, 12, 0, 2, 1472.33
1639594002, 2, 0, 753, 510, 0, 0.90%, 12, 0, 2, 1454.07
1639594007, 2, 34, 753, 504, 0, 0.90%, 12, 0, 2, 1469.47
1639594012, 2, 70, 753, 496, 0, 0.90%, 12, 0, 2, 1463.21
1639594018, 2, 108, 753, 492, 0, 0.90%, 12, 0, 2, 1476.75
1639594023, 2, 146, 753, 485, 0, 0.90%, 12, 0, 2, 1467.48
1639594028, 2, 183, 753, 481, 0, 0.90%, 13, 0, 2, 1454.70
1639594033, 2, 205, 753, 476, 0, 0.90%, 14, 0, 2, 1411.62
1639594038, 2, 238, 753, 472, 0, 0.90%, 14, 0, 2, 1395.96
1639594043, 2, 260, 753, 466, 0, 0.90%, 14, 0, 2, 1346.17
1639594048, 2, 287, 754, 461, 0, 0.90%, 14, 0, 2, 1318.21
1639594054, 2, 306, 754, 455, 0, 0.90%, 14, 0, 2, 1302.48
1639594059, 2, 347, 754, 450, 0, 0.90%, 14, 0, 2, 1306.73
1639594064, 2, 405, 754, 444, 0, 0.90%, 14, 0, 2, 1327.38
1639594069, 2, 428, 754, 439, 0, 0.90%, 14, 0, 2, 1400.29
1639594074, 2, 454, 754, 435, 0, 0.90%, 15, 0, 2, 1452.31
1639594079, 2, 483, 754, 432, 0, 0.90%, 15, 0, 2, 1464.20
1639594084, 2, 510, 754, 425, 0, 0.90%, 15, 0, 2, 1478.80
1639594089, 2, 540, 754, 419, 0, 0.90%, 15, 0, 2, 1478.88
1639594095, 2, 586, 754, 414, 0, 0.90%, 15, 0, 2, 1483.53
1639594100, 2, 617, 754, 408, 0, 0.90%, 15, 0, 2, 1458.03
1639594105, 2, 649, 754, 402, 0, 0.90%, 15, 0, 2, 1431.56
1639594110, 2, 678, 754, 395, 0, 0.90%, 15, 0, 2, 1418.51
1639594115, 2, 703, 754, 390, 0, 0.90%, 15, 0, 2, 1432.39
