# unix_time, cycles_done, cur_path, paths_total, pending_total, pending_favs, map_size, unique_crashes, unique_hangs, max_depth, execs_per_sec
1639520879, 0, 0, 1, 1, 1, 0.12%, 0, 0, 1, 1600.00
1639520884, 0, 0, 70, 70, 1, 0.43%, 3, 0, 2, 1379.27
1639520889, 0, 11, 107, 103, 40, 0.50%, 4, 0, 3, 1337.86
1639520894, 0, 30, 127, 115, 36, 0.51%, 4, 0, 3, 1363.92
1639520899, 0, 45, 136, 117, 30, 0.53%, 4, 0, 3, 1366.75
1639520904, 0, 70, 150, 124, 23, 0.53%, 4, 0, 3, 1376.45
1639520909, 0, 75, 161, 132, 21, 0.53%, 5, 0, 3, 1343.33
1639520914, 0, 98, 170, 138, 19, 0.54%, 5, 0, 4, 1411.80
1639520919, 0, 102, 173, 138, 18, 0.54%, 5, 0, 4, 1454.42
1639520924, 0, 156, 179, 135, 9, 0.54%, 5, 0, 4, 1468.91
1639520929, 0, 171, 182, 133, 5, 0.55%, 5, 0, 4, 1408.27
1639520935, 0, 179, 193, 143, 4, 0.57%, 5, 0, 5, 1465.94
1639520940, 0, 188, 203, 150, 11, 0.58%, 5, 0, 6, 1449.01
1639520945, 0, 189, 206, 152, 10, 0.58%, 5, 0, 6, 1476.14
1639520950, 0, 190, 210, 155, 9, 0.58%, 5, 0, 6, 1486.54
1639520955, 0, 193, 213, 156, 9, 0.59%, 5, 0, 6, 1467.66
1639520960, 0, 195, 218, 159, 7, 0.59%, 5, 0, 7, 1455.47
1639520965, 0, 210, 226, 165, 11, 0.63%, 5, 0, 7, 1392.39
1639520970, 0, 211, 231, 169, 11, 0.64%, 6, 0, 7, 1368.75
1639520975, 0, 220, 234, 168, 9, 0.64%, 6, 0, 7, 1357.04
1639520980, 0, 228, 238, 168, 6, 0.64%, 6, 0, 8, 1294.72
1639520985, 0, 230, 241, 169, 5, 0.64%, 6, 0, 8, 1220.09
1639520990, 0, 233, 243, 170, 4, 0.64%, 6, 0, 8, 1246.90
1639520995, 1, 89, 243, 166, 1, 0.64%, 6, 0, 8, 1302.68
1639521001, 1, 102, 244, 164, 0, 0.64%, 6, 0, 8, 1366.84
1639521006, 1, 126, 244, 160, 0, 0.64%, 7, 0, 8, 1395.73
1639521011, 1, 150, 244, 151, 0, 0.64%, 7, 0, 8, 1440.69
1639521016, 1, 169, 246, 152, 0, 0.64%, 7, 0, 8, 1468.39
1639521021, 1, 245, 249, 155, 1, 0.64%, 7, 0, 8, 1471.67
1639521026, 1, 246, 249, 154, 1, 0.64%, 7, 0, 8, 1463.36
1639521031, 1, 248, 250, 153, 0, 0.64%, 7, 0, 8, 1464.62
1639521036, 2, 19, 250, 151, 0, 0.64%, 8, 0, 8, 1463.23
1639521041, 2, 251, 253, 149, 0, 0.64%, 8, 0, 8, 1434.14
1639521046, 4, 2, 254, 145, 0, 0.65%, 8, 0, 8, 1468.89
1639521051, 4, 39, 254, 142, 0, 0.65%, 8, 0, 8, 1466.31
1639521056, 4, 70, 256, 139, 0, 0.65%, 8, 0, 8, 1453.62
1639521061, 4, 96, 258, 136, 0, 0.65%, 8, 0, 8, 1433.92
1639521066, 4, 112, 259, 137, 0, 0.65%, 8, 0, 8, 1460.24
1639521072, 4, 150, 259, 130, 0, 0.65%, 9, 0, 8, 1444.36
1639521077, 4, 259, 260, 129, 1, 0.69%, 10, 0, 8, 1436.73
1639521082, 4, 259, 263, 132, 1, 0.69%, 12, 0, 8, 1433.58
1639521087, 4, 259, 265, 134, 1, 0.70%, 12, 0, 8, 1399.66
1639521092, 4, 260, 267, 135, 3, 0.70%, 12, 0, 8, 1383.98
1639521097, 4, 261, 267, 134, 2, 0.70%, 12, 0, 8, 1429.31
1639521102, 4, 261, 272, 139, 2, 0.71%, 12, 0, 8, 1452.50
1639521112, 4, 263, 276, 142, 3, 0.73%, 12, 0, 8, 1620.39
1639521117, 4, 267, 277, 142, 3, 0.73%, 12, 0, 8, 2419.00
1639521127, 4, 268, 279, 143, 3, 0.73%, 12, 0, 8, 1397.46
1639521133, 4, 275, 279, 142, 2, 0.73%, 12, 0, 8, 1455.70
1639521138, 4, 275, 280, 143, 2, 0.73%, 12, 0, 8, 1480.20
1639521143, 4, 276, 281, 143, 1, 0.73%, 12, 0, 9, 1441.34
1639521153, 4, 280, 283, 144, 1, 0.74%, 12, 0, 10, 1365.06
1639521158, 4, 280, 286, 147, 1, 0.74%, 12, 0, 10, 1348.91
1639521163, 4, 281, 287, 147, 2, 0.74%, 12, 0, 11, 1353.65
1639521168, 4, 281, 289, 149, 2, 0.74%, 12, 0, 11, 1391.05
1639521178, 4, 282, 295, 154, 2, 0.76%, 12, 0, 11, 1391.69
