# unix_time, cycles_done, cur_path, paths_total, pending_total, pending_favs, map_size, unique_crashes, unique_hangs, max_depth, execs_per_sec
1639588516, 0, 0, 1, 1, 1, 0.12%, 0, 0, 1, 1600.00
1639588521, 0, 0, 74, 74, 1, 0.45%, 0, 0, 2, 1127.19
1639588526, 0, 14, 110, 105, 37, 0.51%, 1, 0, 3, 1593.17
1639588531, 0, 30, 136, 124, 30, 0.51%, 1, 0, 3, 1224.60
1639588536, 0, 48, 143, 122, 22, 0.51%, 1, 0, 3, 1088.23
1639588542, 0, 57, 157, 131, 18, 0.52%, 5, 0, 3, 1037.99
1639588547, 0, 59, 164, 137, 17, 0.52%, 5, 0, 3, 1074.48
1639588552, 0, 66, 164, 134, 15, 0.52%, 5, 0, 3, 1078.11
1639588557, 0, 109, 170, 134, 11, 0.53%, 5, 0, 3, 1125.96
1639588562, 0, 157, 175, 133, 7, 0.58%, 5, 0, 4, 1213.47
1639588567, 0, 171, 188, 142, 11, 0.61%, 5, 0, 5, 1285.15
1639588572, 0, 174, 190, 141, 10, 0.61%, 6, 0, 5, 1309.17
1639588577, 0, 176, 196, 145, 11, 0.62%, 6, 0, 5, 1313.89
1639588582, 0, 179, 198, 145, 11, 0.62%, 6, 0, 5, 1273.90
1639588587, 0, 180, 207, 153, 10, 0.63%, 6, 0, 5, 1318.64
1639588592, 0, 184, 210, 153, 8, 0.63%, 6, 0, 5, 1267.14
1639588597, 0, 192, 211, 150, 4, 0.63%, 6, 0, 5, 1265.90
1639588603, 0, 209, 216, 152, 3, 0.64%, 7, 0, 6, 1254.87
1639588608, 0, 209, 222, 158, 3, 0.64%, 7, 0, 6, 1285.37
1639588613, 0, 213, 225, 159, 4, 0.65%, 7, 0, 7, 1300.98
1639588618, 0, 215, 236, 169, 5, 0.66%, 7, 0, 7, 1269.62
1639588623, 0, 218, 238, 169, 7, 0.66%, 8, 0, 7, 1210.33
1639588628, 0, 224, 243, 172, 5, 0.69%, 8, 0, 8, 1276.65
1639588633, 0, 230, 245, 172, 9, 0.69%, 8, 0, 8, 1273.52
1639588638, 0, 231, 248, 174, 8, 0.69%, 8, 0, 8, 1224.39
1639588643, 0, 234, 250, 175, 7, 0.69%, 8, 0, 8, 1182.35
1639588648, 0, 240, 252, 174, 4, 0.69%, 8, 0, 9, 1169.39
1639588653, 0, 240, 253, 175, 4, 0.70%, 8, 0, 9, 1044.63
1639588658, 0, 243, 255, 175, 3, 0.70%, 8, 0, 9, 1037.68
1639588663, 0, 250, 258, 177, 3, 0.70%, 8, 0, 9, 1073.76
1639588669, 0, 250, 262, 181, 3, 0.70%, 8, 0, 10, 1113.15
1639588674, 0, 252, 264, 182, 2, 0.71%, 8, 0, 10, 1132.34
1639588679, 0, 262, 266, 182, 3, 0.71%, 8, 0, 10, 1160.32
1639588684, 1, 132, 267, 177, 1, 0.71%, 8, 0, 10, 1197.06
1639588689, 1, 267, 269, 177, 0, 0.71%, 8, 0, 10, 1213.45
1639588694, 2, 26, 269, 174, 0, 0.71%, 8, 0, 10, 1094.91
1639588699, 2, 42, 270, 173, 0, 0.71%, 8, 0, 10, 1025.15
1639588704, 2, 56, 272, 173, 0, 0.71%, 9, 0, 10, 1037.87
1639588709, 2, 97, 272, 170, 0, 0.71%, 9, 0, 10, 1108.60
1639588715, 2, 122, 273, 166, 0, 0.71%, 9, 0, 10, 1151.87
1639588720, 2, 273, 277, 166, 1, 0.72%, 9, 0, 10, 1106.49
1639588725, 3, 13, 277, 163, 0, 0.72%, 9, 0, 10, 1159.88
1639588730, 3, 36, 279, 162, 0, 0.72%, 9, 0, 10, 1211.04
1639588735, 3, 96, 281, 163, 1, 0.72%, 9, 0, 10, 1229.39
1639588740, 4, 24, 282, 161, 0, 0.72%, 9, 0, 10, 1239.65
1639588745, 4, 56, 282, 161, 0, 0.72%, 9, 0, 10, 1264.62
1639588750, 4, 83, 283, 155, 0, 0.72%, 9, 0, 10, 1264.65
1639588755, 4, 116, 284, 151, 0, 0.72%, 9, 0, 10, 1261.85
1639588760, 4, 142, 284, 145, 0, 0.72%, 9, 0, 10, 1098.07
1639588765, 4, 168, 285, 140, 0, 0.72%, 9, 0, 10, 1176.44
1639588770, 4, 172, 285, 139, 0, 0.72%, 9, 0, 10, 1107.20
1639588775, 4, 177, 286, 140, 0, 0.72%, 9, 0, 10, 1056.56
1639588780, 4, 181, 286, 140, 0, 0.72%, 9, 0, 10, 1052.96
1639588785, 4, 192, 286, 140, 0, 0.72%, 9, 0, 10, 1092.19
1639588790, 4, 204, 287, 139, 0, 0.72%, 9, 0, 10, 1053.93
1639588796, 4, 287, 288, 139, 1, 0.72%, 9, 0, 10, 1036.60
1639588801, 5, 11, 288, 137, 0, 0.72%, 9, 0, 10, 936.87
1639588806, 5, 30, 290, 139, 0, 0.72%, 9, 0, 10, 928.49
1639588811, 5, 48, 291, 138, 0, 0.72%, 9, 0, 10, 998.19
1639588816, 5, 74, 292, 135, 0, 0.72%, 9, 0, 10, 1161.16
