# unix_time, cycles_done, cur_path, paths_total, pending_total, pending_favs, map_size, unique_crashes, unique_hangs, max_depth, execs_per_sec
1639591532, 0, 0, 1, 1, 1, 0.12%, 0, 0, 1, 1333.33
1639591537, 0, 0, 82, 82, 1, 0.44%, 3, 0, 2, 1229.24
1639591542, 0, 9, 97, 94, 37, 0.46%, 4, 0, 3, 1234.95
1639591547, 0, 10, 119, 115, 40, 0.49%, 4, 0, 3, 1223.03
1639591553, 0, 33, 133, 120, 32, 0.51%, 4, 0, 3, 1259.88
1639591558, 0, 55, 147, 125, 25, 0.52%, 4, 0, 3, 1197.98
1639591563, 0, 58, 152, 128, 23, 0.52%, 4, 0, 3, 1122.47
1639591568, 0, 72, 157, 129, 19, 0.52%, 4, 0, 3, 1119.80
1639591573, 0, 96, 175, 142, 21, 0.55%, 4, 0, 4, 1104.19
1639591578, 0, 112, 184, 147, 18, 0.55%, 4, 0, 4, 1066.21
1639591583, 0, 116, 193, 154, 17, 0.57%, 4, 0, 4, 1073.55
1639591588, 0, 132, 196, 153, 17, 0.57%, 5, 0, 4, 1041.30
1639591593, 0, 159, 204, 155, 12, 0.57%, 5, 0, 4, 1081.80
1639591598, 0, 167, 211, 161, 12, 0.59%, 6, 0, 5, 1138.18
1639591603, 0, 168, 216, 165, 15, 0.59%, 7, 0, 5, 1171.52
1639591608, 0, 184, 220, 165, 13, 0.63%, 7, 0, 5, 1218.53
1639591614, 0, 187, 222, 166, 13, 0.63%, 7, 0, 5, 1257.47
1639591619, 0, 198, 224, 165, 10, 0.63%, 7, 0, 5, 1313.82
1639591624, 0, 203, 228, 168, 9, 0.63%, 7, 0, 5, 1367.25
1639591629, 0, 208, 231, 169, 7, 0.64%, 7, 0, 6, 1423.88
1639591634, 0, 218, 234, 168, 6, 0.64%, 7, 0, 6, 1400.83
1639591639, 0, 219, 237, 170, 6, 0.65%, 7, 0, 6, 1426.59
1639591644, 0, 228, 237, 168, 5, 0.65%, 7, 0, 6, 1375.14
1639591649, 0, 231, 249, 178, 7, 0.68%, 8, 0, 7, 1337.64
1639591655, 0, 236, 251, 178, 7, 0.68%, 9, 0, 7, 1374.83
1639591660, 0, 242, 253, 176, 4, 0.68%, 9, 0, 8, 1412.12
1639591665, 0, 248, 257, 178, 3, 0.68%, 10, 0, 8, 1363.20
1639591670, 0, 253, 261, 180, 3, 0.69%, 10, 0, 9, 1390.38
1639591675, 0, 255, 264, 182, 3, 0.69%, 11, 0, 9, 1356.58
1639591680, 0, 260, 269, 186, 2, 0.69%, 11, 0, 10, 1364.73
1639591685, 0, 267, 271, 186, 3, 0.69%, 12, 0, 11, 1365.04
1639591690, 0, 268, 276, 190, 3, 0.70%, 12, 0, 11, 2139.37
1639591696, 0, 270, 280, 193, 2, 0.70%, 13, 0, 12, 1461.11
1639591701, 0, 270, 282, 195, 2, 0.70%, 13, 0, 12, 1354.44
1639591706, 0, 272, 286, 198, 1, 0.70%, 13, 0, 12, 1403.47
1639591711, 0, 282, 290, 201, 2, 0.70%, 13, 0, 13, 1396.94
1639591716, 0, 284, 291, 201, 1, 0.70%, 13, 0, 13, 1436.08
1639591721, 0, 291, 293, 201, 2, 0.74%, 14, 0, 14, 1441.13
1639591726, 0, 292, 303, 210, 2, 0.75%, 14, 0, 15, 1428.11
1639591731, 0, 293, 310, 216, 10, 0.76%, 14, 0, 16, 1458.25
1639591736, 0, 293, 313, 219, 10, 0.76%, 14, 0, 16, 1478.19
1639591741, 0, 296, 314, 217, 10, 0.76%, 14, 0, 16, 1478.23
1639591746, 0, 297, 314, 216, 9, 0.76%, 14, 0, 16, 1476.64
1639591751, 0, 303, 315, 214, 6, 0.76%, 14, 0, 16, 1477.50
1639591756, 0, 303, 316, 215, 6, 0.76%, 14, 0, 16, 1404.62
1639591761, 0, 306, 318, 215, 5, 0.76%, 14, 0, 16, 1422.82
1639591766, 0, 308, 320, 216, 4, 0.76%, 14, 0, 17, 1425.49
1639591771, 0, 309, 321, 216, 3, 0.77%, 14, 0, 17, 1402.50
1639591776, 0, 312, 324, 218, 3, 0.77%, 15, 0, 17, 1390.34
1639591781, 0, 320, 326, 218, 2, 0.77%, 15, 0, 18, 1407.08
1639591786, 0, 323, 328, 219, 1, 0.77%, 15, 0, 18, 1414.85
1639591792, 1, 23, 329, 218, 0, 0.77%, 15, 0, 18, 1407.41
1639591797, 1, 51, 330, 215, 0, 0.77%, 15, 0, 18, 1343.97
1639591802, 1, 80, 330, 212, 0, 0.77%, 15, 0, 18, 1334.42
1639591807, 1, 106, 330, 208, 0, 0.77%, 15, 0, 18, 1363.54
1639591812, 1, 136, 330, 203, 0, 0.77%, 15, 0, 18, 1393.38
1639591817, 1, 154, 330, 198, 0, 0.77%, 15, 0, 18, 1441.34
1639591822, 1, 221, 331, 194, 1, 0.77%, 15, 0, 18, 1432.69
1639591827, 1, 234, 331, 193, 0, 0.77%, 15, 0, 18, 1416.16
