# unix_time, cycles_done, cur_path, paths_total, pending_total, pending_favs, map_size, unique_crashes, unique_hangs, max_depth, execs_per_sec
1639523883, 0, 0, 508, 508, 81, 0.74%, 0, 0, 1, 993.89
1639523888, 0, 34, 508, 501, 74, 0.74%, 11, 0, 1, 1011.39
1639523893, 0, 75, 508, 491, 64, 0.74%, 14, 0, 1, 1492.99
1639523898, 0, 114, 508, 485, 58, 0.74%, 14, 0, 1, 1241.80
1639523903, 0, 160, 508, 476, 49, 0.74%, 14, 0, 1, 1207.78
1639523908, 0, 215, 508, 468, 41, 0.74%, 15, 0, 1, 1162.08
1639523913, 0, 327, 508, 461, 34, 0.74%, 16, 0, 1, 1037.83
1639523918, 0, 360, 508, 454, 28, 0.74%, 16, 0, 1, 972.55
1639523923, 0, 396, 508, 447, 21, 0.74%, 18, 0, 1, 1106.48
1639523928, 0, 428, 508, 441, 15, 0.74%, 18, 0, 1, 1074.89
1639523933, 0, 451, 508, 433, 8, 0.74%, 18, 0, 1, 1072.74
1639523938, 0, 504, 509, 428, 3, 0.74%, 19, 0, 2, 1029.77
1639523943, 1, 20, 509, 422, 0, 0.74%, 19, 0, 2, 1027.41
1639523948, 1, 30, 509, 420, 0, 0.74%, 19, 0, 2, 962.02
1639523954, 1, 45, 509, 418, 0, 0.74%, 19, 0, 2, 922.45
1639523959, 1, 58, 509, 413, 0, 0.74%, 19, 0, 2, 935.00
1639523964, 1, 75, 509, 410, 0, 0.74%, 19, 0, 2, 993.00
1639523969, 1, 91, 509, 406, 0, 0.74%, 20, 0, 2, 950.00
1639523974, 1, 114, 509, 402, 0, 0.74%, 20, 0, 2, 968.40
1639523979, 1, 127, 509, 399, 0, 0.74%, 20, 0, 2, 977.32
1639523984, 1, 150, 509, 393, 0, 0.74%, 21, 0, 2, 1038.99
1639523989, 1, 175, 509, 389, 0, 0.74%, 22, 0, 2, 1069.53
1639523994, 1, 199, 509, 387, 0, 0.74%, 22, 0, 2, 1099.21
1639523999, 1, 240, 509, 380, 0, 0.74%, 23, 0, 2, 1118.35
1639524004, 1, 252, 509, 374, 0, 0.74%, 23, 0, 2, 1130.26
1639524009, 1, 279, 509, 368, 0, 0.74%, 23, 0, 2, 1100.82
1639524014, 1, 302, 509, 365, 0, 0.74%, 24, 0, 2, 1050.25
1639524019, 1, 331, 509, 359, 0, 0.74%, 24, 0, 2, 1048.60
1639524024, 1, 354, 509, 356, 0, 0.74%, 24, 0, 2, 1057.80
1639524029, 1, 365, 509, 351, 0, 0.74%, 25, 0, 2, 1029.15
1639524034, 1, 386, 509, 348, 0, 0.74%, 25, 0, 2, 1038.64
1639524040, 1, 398, 509, 345, 0, 0.74%, 25, 0, 2, 1049.75
1639524045, 1, 414, 509, 344, 0, 0.74%, 25, 0, 2, 986.32
1639524050, 1, 432, 510, 338, 0, 0.74%, 25, 0, 2, 971.53
1639524055, 1, 446, 510, 335, 0, 0.74%, 25, 0, 2, 978.63
1639524060, 1, 461, 510, 333, 0, 0.74%, 26, 0, 2, 964.90
1639524065, 1, 484, 510, 328, 0, 0.74%, 26, 0, 2, 1018.19
1639524070, 1, 507, 510, 325, 0, 0.74%, 26, 0, 2, 1054.57
1639524075, 2, 27, 510, 321, 0, 0.74%, 26, 0, 2, 1086.19
1639524080, 2, 510, 511, 317, 1, 0.74%, 27, 0, 2, 1083.29
1639524085, 3, 24, 511, 313, 0, 0.74%, 28, 0, 2, 1067.54
1639524090, 3, 37, 511, 311, 0, 0.74%, 29, 0, 2, 1079.64
1639524095, 3, 60, 511, 307, 0, 0.74%, 29, 0, 2, 1127.65
1639524101, 3, 83, 511, 305, 0, 0.74%, 29, 0, 2, 1129.01
1639524106, 3, 114, 511, 304, 0, 0.74%, 29, 0, 2, 1056.64
1639524111, 3, 145, 511, 301, 0, 0.74%, 29, 0, 2, 953.80
1639524116, 3, 161, 511, 300, 0, 0.74%, 29, 0, 2, 1046.24
1639524121, 3, 180, 511, 294, 0, 0.74%, 29, 0, 2, 1004.21
1639524126, 3, 193, 511, 291, 0, 0.74%, 29, 0, 2, 991.43
1639524131, 3, 205, 511, 289, 0, 0.74%, 29, 0, 2, 992.37
1639524136, 3, 235, 512, 283, 0, 0.74%, 29, 0, 2, 1048.56
1639524141, 3, 261, 512, 276, 0, 0.74%, 30, 0, 2, 1096.99
1639524146, 3, 288, 512, 272, 0, 0.74%, 30, 0, 2, 1133.62
1639524151, 3, 349, 512, 265, 0, 0.74%, 30, 0, 2, 1182.26
1639524156, 3, 365, 512, 263, 0, 0.74%, 31, 0, 2, 1139.79
1639524161, 3, 388, 512, 259, 0, 0.74%, 31, 0, 2, 1178.62
1639524166, 3, 403, 512, 257, 0, 0.74%, 31, 0, 2, 1177.46
1639524171, 3, 435, 512, 255, 0, 0.74%, 31, 0, 2, 1169.96
1639524176, 3, 451, 512, 254, 0, 0.74%, 31, 0, 2, 1138.72
