# unix_time, cycles_done, cur_path, paths_total, pending_total, pending_favs, map_size, unique_crashes, unique_hangs, max_depth, execs_per_sec
1639556122, 0, 0, 848, 848, 97, 0.97%, 0, 0, 1, 1222.34
1639556127, 0, 104, 848, 838, 87, 0.97%, 1, 0, 1, 1344.05
1639556132, 0, 208, 848, 830, 81, 0.97%, 3, 0, 1, 1118.05
1639556137, 0, 272, 848, 820, 73, 0.97%, 4, 0, 1, 1321.59
1639556143, 0, 295, 848, 813, 66, 0.97%, 6, 0, 1, 1365.25
1639556148, 0, 341, 848, 803, 56, 0.97%, 6, 0, 1, 1404.51
1639556153, 0, 403, 848, 794, 48, 0.97%, 6, 0, 1, 1429.04
1639556158, 0, 494, 848, 785, 39, 0.97%, 6, 0, 1, 1449.40
1639556163, 0, 587, 848, 777, 31, 0.97%, 6, 0, 1, 1438.65
1639556168, 0, 645, 848, 772, 27, 0.97%, 6, 0, 1, 1472.20
1639556173, 0, 715, 848, 761, 16, 0.97%, 7, 0, 1, 1509.70
1639556178, 0, 801, 848, 751, 6, 0.97%, 7, 0, 1, 1406.43
1639556183, 1, 7, 848, 742, 0, 0.97%, 7, 0, 1, 1420.92
1639556188, 1, 38, 848, 735, 0, 0.97%, 7, 0, 1, 1386.97
1639556193, 1, 63, 848, 730, 0, 0.97%, 8, 0, 1, 1405.35
1639556199, 1, 84, 848, 722, 0, 0.97%, 8, 0, 1, 1428.80
1639556204, 1, 123, 848, 716, 0, 0.97%, 8, 0, 1, 1426.55
1639556209, 1, 182, 848, 711, 0, 0.97%, 8, 0, 1, 1425.67
1639556214, 1, 213, 848, 704, 0, 0.97%, 8, 0, 1, 1425.84
1639556219, 1, 225, 848, 700, 0, 0.97%, 9, 0, 1, 1419.56
1639556224, 1, 268, 848, 694, 0, 0.97%, 9, 0, 1, 1436.36
1639556229, 1, 285, 848, 690, 0, 0.97%, 10, 0, 1, 1430.61
1639556235, 1, 301, 848, 687, 0, 0.97%, 10, 0, 1, 1426.40
1639556240, 1, 324, 848, 681, 0, 0.97%, 10, 0, 1, 1412.57
1639556245, 1, 349, 848, 677, 0, 0.97%, 10, 0, 1, 1430.34
1639556250, 1, 368, 848, 673, 0, 0.97%, 10, 0, 1, 1409.97
1639556255, 1, 401, 848, 665, 0, 0.97%, 10, 0, 1, 1417.67
1639556260, 1, 420, 848, 660, 0, 0.97%, 10, 0, 1, 1413.04
1639556265, 1, 439, 849, 653, 0, 0.97%, 10, 0, 2, 1417.11
1639556270, 1, 469, 849, 647, 0, 0.97%, 11, 0, 2, 1399.63
1639556275, 1, 490, 849, 639, 0, 0.97%, 11, 0, 2, 1405.70
1639556280, 1, 505, 849, 635, 0, 0.97%, 11, 0, 2, 1391.50
1639556285, 1, 654, 849, 628, 1, 0.97%, 12, 0, 2, 1424.57
1639556290, 1, 682, 849, 622, 0, 0.97%, 12, 0, 2, 1408.00
1639556296, 1, 704, 849, 617, 0, 0.97%, 12, 0, 2, 1394.70
1639556301, 1, 737, 849, 611, 0, 0.97%, 12, 0, 2, 1385.24
1639556306, 1, 752, 849, 607, 0, 0.97%, 12, 0, 2, 1382.88
1639556311, 1, 768, 849, 600, 0, 0.97%, 12, 0, 2, 1403.38
1639556316, 1, 789, 849, 593, 0, 0.97%, 12, 0, 2, 1440.37
1639556321, 1, 811, 849, 585, 0, 0.97%, 12, 0, 2, 1431.15
1639556326, 1, 846, 849, 581, 0, 0.97%, 12, 0, 2, 1427.84
1639556331, 2, 9, 849, 577, 0, 0.97%, 12, 0, 2, 1417.66
1639556336, 2, 50, 849, 568, 0, 0.97%, 12, 0, 2, 1398.24
1639556341, 2, 94, 849, 564, 0, 0.97%, 12, 0, 2, 1431.77
1639556347, 2, 123, 849, 558, 0, 0.97%, 12, 0, 2, 1418.69
1639556352, 2, 139, 849, 550, 0, 0.97%, 12, 0, 2, 1430.55
1639556357, 2, 179, 849, 545, 0, 0.97%, 12, 0, 2, 1436.89
1639556362, 2, 208, 849, 537, 0, 0.97%, 12, 0, 2, 1409.28
1639556367, 2, 240, 849, 531, 0, 0.97%, 13, 0, 2, 1241.11
1639556372, 2, 252, 849, 526, 0, 0.97%, 13, 0, 2, 1364.40
1639556377, 2, 278, 849, 522, 0, 0.97%, 13, 0, 2, 1412.49
1639556382, 2, 295, 849, 520, 0, 0.97%, 13, 0, 2, 1403.83
1639556387, 2, 313, 849, 516, 0, 0.97%, 13, 0, 2, 1421.10
1639556392, 2, 341, 849, 512, 0, 0.97%, 13, 0, 2, 1394.57
1639556398, 2, 362, 849, 507, 0, 0.97%, 13, 0, 2, 1208.01
1639556403, 2, 715, 849, 500, 0, 0.97%, 13, 0, 2, 1352.87
1639556408, 2, 747, 849, 496, 0, 0.97%, 13, 0, 2, 1374.58
1639556413, 2, 778, 849, 491, 0, 0.97%, 13, 0, 2, 1417.72
