# unix_time, cycles_done, cur_path, paths_total, pending_total, pending_favs, map_size, unique_crashes, unique_hangs, max_depth, execs_per_sec
1639446282, 0, 0, 943, 943, 101, 0.93%, 0, 0, 1, 1058.66
1639446287, 0, 86, 943, 933, 92, 0.93%, 1, 0, 1, 1266.94
1639446292, 0, 172, 943, 921, 82, 0.93%, 3, 0, 1, 1377.98
1639446297, 0, 281, 943, 913, 74, 0.93%, 5, 0, 1, 1349.91
1639446302, 0, 355, 943, 904, 65, 0.93%, 5, 0, 1, 1414.62
1639446307, 0, 418, 943, 893, 55, 0.93%, 5, 0, 1, 1435.29
1639446313, 0, 466, 943, 885, 47, 0.93%, 6, 0, 1, 1424.11
1639446318, 0, 494, 943, 877, 40, 0.93%, 8, 0, 1, 1422.78
1639446323, 0, 553, 943, 869, 32, 0.93%, 8, 0, 1, 1384.54
1639446328, 0, 625, 943, 860, 23, 0.93%, 8, 0, 1, 1413.11
1639446333, 0, 815, 943, 847, 13, 0.93%, 8, 0, 1, 1430.53
1639446338, 1, 5, 943, 832, 0, 0.93%, 8, 0, 1, 1457.39
1639446343, 1, 28, 943, 825, 0, 0.93%, 8, 0, 1, 1437.80
1639446348, 1, 63, 943, 818, 0, 0.93%, 8, 0, 1, 1434.82
1639446353, 1, 91, 944, 813, 0, 0.93%, 9, 0, 2, 1455.05
1639446358, 1, 111, 944, 806, 0, 0.93%, 10, 0, 2, 1436.66
1639446363, 1, 140, 945, 801, 0, 0.93%, 10, 0, 2, 1428.52
1639446368, 1, 152, 945, 795, 0, 0.93%, 12, 0, 2, 1432.86
1639446374, 1, 187, 945, 790, 0, 0.93%, 13, 0, 2, 1431.60
1639446379, 1, 217, 945, 785, 0, 0.93%, 13, 0, 2, 1372.33
1639446384, 1, 239, 945, 776, 0, 0.93%, 13, 0, 2, 1426.23
1639446389, 1, 267, 945, 768, 0, 0.93%, 13, 0, 2, 1445.74
1639446394, 1, 298, 945, 761, 0, 0.93%, 13, 0, 2, 1439.84
1639446399, 1, 327, 945, 756, 0, 0.93%, 13, 0, 2, 1453.90
1639446404, 1, 346, 945, 752, 0, 0.93%, 13, 0, 2, 1453.02
1639446409, 1, 366, 945, 747, 0, 0.93%, 13, 0, 2, 1447.72
1639446414, 1, 387, 945, 740, 0, 0.93%, 13, 0, 2, 1472.11
1639446419, 1, 412, 945, 734, 0, 0.93%, 13, 0, 2, 1464.88
1639446424, 1, 431, 945, 733, 0, 0.93%, 13, 0, 2, 1454.91
1639446429, 1, 444, 945, 729, 0, 0.93%, 13, 0, 2, 1438.01
1639446434, 1, 469, 945, 722, 0, 0.93%, 13, 0, 2, 1455.47
1639446439, 1, 487, 946, 720, 0, 0.93%, 13, 0, 2, 1431.41
1639446444, 1, 512, 946, 718, 0, 0.93%, 13, 0, 2, 1467.61
1639446449, 1, 535, 946, 712, 0, 0.93%, 13, 0, 2, 1459.93
1639446454, 1, 549, 946, 706, 0, 0.93%, 13, 0, 2, 1465.03
1639446459, 1, 560, 946, 702, 0, 0.93%, 13, 0, 2, 1461.22
1639446464, 1, 602, 946, 696, 0, 0.93%, 13, 0, 2, 1451.37
1639446469, 1, 643, 946, 688, 0, 0.93%, 13, 0, 2, 1442.19
1639446475, 1, 675, 946, 683, 0, 0.93%, 14, 0, 2, 1445.23
1639446480, 1, 711, 946, 671, 0, 0.93%, 14, 0, 2, 1451.70
1639446485, 1, 735, 946, 664, 0, 0.93%, 14, 0, 2, 1440.63
1639446490, 1, 760, 946, 655, 0, 0.93%, 14, 0, 2, 1446.41
1639446495, 1, 810, 946, 646, 0, 0.93%, 14, 0, 2, 1443.80
1639446500, 1, 858, 946, 637, 0, 0.93%, 14, 0, 2, 1443.58
1639446505, 1, 896, 946, 632, 0, 0.93%, 14, 0, 2, 1455.01
1639446510, 1, 930, 946, 623, 0, 0.93%, 14, 0, 2, 1441.77
1639446515, 2, 4, 946, 618, 0, 0.93%, 14, 0, 2, 1433.47
1639446520, 2, 38, 946, 610, 0, 0.93%, 14, 0, 2, 1456.00
1639446525, 2, 79, 946, 604, 0, 0.93%, 14, 0, 2, 1468.37
1639446530, 2, 128, 946, 601, 0, 0.93%, 14, 0, 2, 1664.18
1639446536, 2, 154, 946, 595, 0, 0.93%, 14, 0, 2, 1413.50
1639446541, 2, 182, 946, 589, 0, 0.93%, 14, 0, 2, 1412.44
1639446546, 2, 199, 946, 582, 0, 0.93%, 14, 0, 2, 1410.38
1639446551, 2, 235, 946, 578, 0, 0.93%, 14, 0, 2, 1380.78
1639446556, 2, 267, 946, 572, 0, 0.93%, 14, 0, 2, 1397.81
1639446561, 2, 291, 946, 565, 0, 0.93%, 15, 0, 2, 1409.36
1639446566, 2, 315, 946, 560, 0, 0.93%, 15, 0, 2, 1400.14
1639446571, 2, 330, 946, 556, 0, 0.93%, 15, 0, 2, 1402.36
