# unix_time, cycles_done, cur_path, paths_total, pending_total, pending_favs, map_size, unique_crashes, unique_hangs, max_depth, execs_per_sec
1639562854, 0, 0, 1097, 1097, 93, 0.77%, 0, 0, 1, 1217.71
1639562859, 0, 131, 1097, 1085, 82, 0.77%, 1, 0, 1, 1384.96
1639562864, 0, 284, 1097, 1074, 71, 0.77%, 4, 0, 1, 1382.76
1639562869, 0, 412, 1097, 1066, 63, 0.77%, 4, 0, 1, 1283.27
1639562874, 0, 498, 1097, 1058, 55, 0.77%, 4, 0, 1, 1376.99
1639562879, 0, 624, 1097, 1047, 44, 0.77%, 5, 0, 1, 1373.53
1639562884, 0, 706, 1097, 1037, 37, 0.77%, 5, 0, 1, 1379.49
1639562890, 0, 809, 1097, 1029, 29, 0.77%, 5, 0, 1, 1393.37
1639562895, 0, 910, 1097, 1020, 21, 0.77%, 5, 0, 1, 1386.53
1639562900, 0, 973, 1097, 1011, 12, 0.77%, 5, 0, 1, 1365.99
1639562905, 0, 1046, 1097, 1003, 4, 0.77%, 5, 0, 1, 1369.02
1639562910, 1, 19, 1097, 996, 0, 0.77%, 5, 0, 1, 1404.36
1639562915, 1, 63, 1097, 989, 0, 0.77%, 5, 0, 1, 1364.67
1639562920, 1, 89, 1097, 981, 0, 0.77%, 6, 0, 1, 1351.92
1639562925, 1, 124, 1097, 973, 0, 0.77%, 6, 0, 1, 1375.18
1639562930, 1, 157, 1097, 964, 0, 0.77%, 6, 0, 1, 1394.66
1639562935, 1, 220, 1097, 958, 0, 0.77%, 6, 0, 1, 1369.66
1639562941, 1, 239, 1097, 953, 0, 0.77%, 6, 0, 1, 1402.32
1639562946, 1, 261, 1097, 946, 0, 0.77%, 6, 0, 1, 1395.10
1639562951, 1, 294, 1097, 939, 0, 0.77%, 6, 0, 1, 1415.17
1639562956, 1, 333, 1097, 931, 0, 0.77%, 6, 0, 1, 1386.43
1639562961, 1, 386, 1097, 923, 0, 0.77%, 6, 0, 1, 1370.59
1639562966, 1, 408, 1097, 917, 0, 0.77%, 6, 0, 1, 1379.15
1639562971, 1, 435, 1097, 909, 0, 0.77%, 7, 0, 1, 1283.44
1639562976, 1, 468, 1097, 902, 0, 0.77%, 7, 0, 1, 1348.99
1639562981, 1, 493, 1097, 897, 0, 0.77%, 7, 0, 1, 1383.90
1639562986, 1, 522, 1097, 890, 0, 0.77%, 7, 0, 1, 1413.26
1639562991, 1, 545, 1097, 884, 0, 0.77%, 7, 0, 1, 1390.38
1639562996, 1, 586, 1097, 877, 0, 0.77%, 7, 0, 1, 1399.60
1639563002, 1, 621, 1097, 871, 0, 0.77%, 7, 0, 1, 1416.85
1639563007, 1, 665, 1097, 863, 0, 0.77%, 7, 0, 1, 1451.80
1639563012, 1, 692, 1097, 858, 0, 0.77%, 7, 0, 1, 1451.70
1639563017, 1, 712, 1097, 852, 0, 0.77%, 7, 0, 1, 1375.41
1639563022, 1, 731, 1097, 846, 0, 0.77%, 7, 0, 1, 1299.84
1639563027, 1, 752, 1097, 841, 0, 0.77%, 8, 0, 1, 1193.37
1639563032, 1, 775, 1097, 835, 0, 0.77%, 9, 0, 1, 1300.32
1639563037, 1, 798, 1097, 827, 0, 0.77%, 9, 0, 1, 1399.76
1639563042, 1, 831, 1097, 817, 0, 0.77%, 9, 0, 1, 1448.10
1639563047, 1, 864, 1097, 809, 0, 0.77%, 10, 0, 1, 1463.13
1639563052, 1, 886, 1097, 803, 0, 0.77%, 10, 0, 1, 1445.25
1639563057, 1, 918, 1097, 796, 0, 0.77%, 10, 0, 1, 1444.72
1639563062, 1, 936, 1097, 790, 0, 0.77%, 10, 0, 1, 1400.57
1639563067, 1, 967, 1097, 784, 0, 0.77%, 10, 0, 1, 1424.70
1639563072, 1, 985, 1097, 780, 0, 0.77%, 10, 0, 1, 1458.06
1639563077, 1, 1013, 1097, 773, 0, 0.77%, 11, 0, 1, 1446.98
1639563082, 1, 1049, 1097, 765, 0, 0.77%, 11, 0, 1, 1469.52
1639563087, 1, 1069, 1097, 759, 0, 0.77%, 12, 0, 1, 1465.31
1639563092, 2, 12, 1097, 751, 0, 0.77%, 12, 0, 1, 1449.81
1639563097, 2, 48, 1097, 744, 0, 0.77%, 12, 0, 1, 1458.75
1639563103, 2, 88, 1097, 736, 0, 0.77%, 12, 0, 1, 1441.27
1639563108, 2, 120, 1097, 726, 0, 0.77%, 12, 0, 1, 1631.78
1639563113, 2, 155, 1097, 716, 0, 0.77%, 12, 0, 1, 1488.33
1639563118, 2, 180, 1097, 710, 0, 0.77%, 12, 0, 1, 1463.14
1639563123, 2, 218, 1097, 702, 0, 0.77%, 12, 0, 1, 1446.56
1639563128, 2, 247, 1097, 697, 0, 0.77%, 12, 0, 1, 1449.81
1639563133, 2, 290, 1097, 690, 0, 0.77%, 12, 0, 1, 1462.11
1639563138, 2, 325, 1097, 683, 0, 0.77%, 12, 0, 1, 1461.43
1639563144, 2, 381, 1097, 677, 0, 0.77%, 12, 0, 1, 1462.87
