# unix_time, cycles_done, cur_path, paths_total, pending_total, pending_favs, map_size, unique_crashes, unique_hangs, max_depth, execs_per_sec
1639478156, 0, 0, 749, 749, 83, 0.82%, 0, 0, 1, 1271.65
1639478161, 0, 99, 749, 739, 73, 0.82%, 2, 0, 1, 1374.91
1639478166, 0, 169, 749, 729, 64, 0.82%, 5, 0, 1, 1394.31
1639478171, 0, 288, 749, 720, 56, 0.82%, 5, 0, 1, 1381.28
1639478176, 0, 410, 749, 710, 48, 0.82%, 6, 0, 1, 1399.11
1639478181, 0, 442, 749, 702, 42, 0.82%, 6, 0, 1, 1397.44
1639478186, 0, 512, 749, 693, 34, 0.82%, 6, 0, 1, 1406.88
1639478191, 0, 581, 749, 684, 26, 0.82%, 7, 0, 1, 1404.27
1639478197, 0, 666, 749, 672, 14, 0.82%, 7, 0, 1, 1397.24
1639478202, 0, 743, 749, 661, 3, 0.82%, 7, 0, 1, 1386.89
1639478207, 1, 24, 749, 652, 0, 0.82%, 7, 0, 1, 1404.32
1639478212, 1, 49, 750, 648, 0, 0.82%, 7, 0, 2, 1391.06
1639478217, 1, 80, 750, 641, 0, 0.82%, 7, 0, 2, 1392.29
1639478222, 1, 107, 750, 637, 0, 0.82%, 7, 0, 2, 1391.48
1639478227, 1, 137, 750, 631, 0, 0.82%, 7, 0, 2, 1402.39
1639478232, 1, 169, 750, 625, 0, 0.82%, 7, 0, 2, 1414.85
1639478238, 1, 206, 750, 618, 0, 0.82%, 7, 0, 2, 1418.86
1639478243, 1, 244, 750, 610, 0, 0.82%, 7, 0, 2, 1596.60
1639478248, 1, 274, 750, 601, 0, 0.82%, 7, 0, 2, 1440.87
1639478253, 1, 309, 750, 593, 0, 0.82%, 7, 0, 2, 1399.80
1639478258, 1, 341, 750, 584, 0, 0.82%, 7, 0, 2, 1401.97
1639478263, 1, 374, 750, 580, 0, 0.82%, 8, 0, 2, 1399.82
1639478268, 1, 393, 750, 572, 0, 0.82%, 8, 0, 2, 1405.75
1639478273, 1, 422, 750, 568, 0, 0.82%, 8, 0, 2, 1392.44
1639478279, 1, 438, 750, 562, 0, 0.82%, 9, 0, 2, 1411.46
1639478284, 1, 462, 750, 556, 0, 0.82%, 9, 0, 2, 1327.70
1639478289, 1, 486, 750, 551, 0, 0.82%, 9, 0, 2, 1393.76
1639478294, 1, 512, 750, 546, 0, 0.82%, 9, 0, 2, 1405.16
1639478299, 1, 541, 750, 542, 0, 0.82%, 9, 0, 2, 1383.99
1639478304, 1, 580, 750, 534, 0, 0.82%, 9, 0, 2, 1396.23
1639478309, 1, 604, 750, 530, 0, 0.82%, 9, 0, 2, 1389.63
1639478314, 1, 635, 750, 524, 0, 0.82%, 9, 0, 2, 1375.79
1639478319, 1, 669, 750, 520, 0, 0.82%, 9, 0, 2, 1400.73
1639478325, 1, 694, 750, 515, 0, 0.82%, 9, 0, 2, 1374.42
1639478330, 1, 715, 750, 510, 0, 0.82%, 9, 0, 2, 1355.13
1639478335, 1, 745, 750, 505, 0, 0.82%, 9, 0, 2, 1395.42
1639478340, 2, 27, 750, 499, 0, 0.82%, 9, 0, 2, 1432.14
1639478345, 2, 69, 750, 492, 0, 0.82%, 9, 0, 2, 1405.54
1639478350, 2, 86, 750, 486, 0, 0.82%, 9, 0, 2, 1385.86
1639478355, 2, 104, 750, 481, 0, 0.82%, 9, 0, 2, 1398.25
1639478361, 2, 132, 750, 475, 0, 0.82%, 9, 0, 2, 1392.83
1639478366, 2, 171, 750, 470, 0, 0.82%, 9, 0, 2, 1399.30
1639478371, 2, 213, 750, 464, 0, 0.82%, 9, 0, 2, 1398.70
1639478376, 2, 254, 751, 460, 0, 0.82%, 9, 0, 2, 1383.83
1639478381, 2, 287, 751, 454, 0, 0.82%, 9, 0, 2, 1393.65
1639478386, 2, 337, 751, 446, 0, 0.82%, 9, 0, 2, 1387.43
1639478391, 2, 366, 751, 441, 0, 0.82%, 9, 0, 2, 1406.24
1639478396, 2, 392, 751, 436, 0, 0.82%, 9, 0, 2, 1376.59
1639478402, 2, 412, 751, 430, 0, 0.82%, 9, 0, 2, 1395.47
1639478407, 2, 442, 751, 426, 0, 0.82%, 9, 0, 2, 1397.60
1639478412, 2, 476, 751, 420, 0, 0.82%, 9, 0, 2, 1386.89
1639478417, 2, 492, 751, 417, 0, 0.82%, 9, 0, 2, 1396.68
1639478422, 2, 517, 751, 412, 0, 0.82%, 9, 0, 2, 1402.40
1639478427, 2, 553, 751, 408, 0, 0.82%, 9, 0, 2, 1407.54
1639478432, 2, 588, 751, 401, 0, 0.82%, 9, 0, 2, 1389.77
1639478438, 2, 627, 751, 398, 0, 0.82%, 9, 0, 2, 1391.89
1639478443, 2, 644, 752, 393, 0, 0.82%, 9, 0, 2, 1397.04
1639478448, 2, 684, 752, 387, 0, 0.82%, 9, 0, 2, 1397.13
