# unix_time, cycles_done, cur_path, paths_total, pending_total, pending_favs, map_size, unique_crashes, unique_hangs, max_depth, execs_per_sec
1639557037, 0, 0, 939, 939, 88, 0.74%, 0, 0, 1, 1204.62
1639557042, 0, 103, 940, 930, 80, 0.74%, 3, 0, 2, 1365.67
1639557047, 0, 233, 940, 921, 72, 0.74%, 4, 0, 2, 1390.81
1639557053, 0, 330, 940, 911, 62, 0.74%, 4, 0, 2, 1440.62
1639557058, 0, 456, 940, 901, 52, 0.74%, 4, 0, 2, 1436.65
1639557063, 0, 574, 940, 890, 43, 0.74%, 6, 0, 2, 1435.98
1639557068, 0, 642, 940, 880, 34, 0.74%, 6, 0, 2, 1423.14
1639557073, 0, 719, 940, 871, 26, 0.74%, 7, 0, 2, 1816.10
1639557078, 0, 817, 940, 860, 16, 0.74%, 7, 0, 2, 1502.26
1639557083, 0, 874, 940, 851, 10, 0.74%, 7, 0, 2, 1444.24
1639557089, 0, 936, 940, 843, 2, 0.74%, 7, 0, 2, 1424.73
1639557094, 1, 22, 940, 835, 0, 0.74%, 7, 0, 2, 1394.92
1639557099, 1, 79, 940, 830, 0, 0.74%, 7, 0, 2, 1421.03
1639557104, 1, 103, 940, 822, 0, 0.74%, 7, 0, 2, 1419.65
1639557109, 1, 125, 940, 816, 0, 0.74%, 8, 0, 2, 1399.70
1639557114, 1, 157, 940, 807, 0, 0.74%, 8, 0, 2, 1416.54
1639557119, 1, 207, 940, 801, 0, 0.74%, 8, 0, 2, 1396.72
1639557124, 1, 241, 940, 794, 0, 0.74%, 8, 0, 2, 1420.83
1639557129, 1, 278, 940, 785, 0, 0.74%, 8, 0, 2, 1411.30
1639557134, 1, 308, 940, 777, 0, 0.74%, 8, 0, 2, 1429.85
1639557139, 1, 329, 940, 773, 0, 0.74%, 8, 0, 2, 1430.78
1639557144, 1, 357, 940, 765, 0, 0.74%, 8, 0, 2, 1427.54
1639557149, 1, 382, 940, 756, 0, 0.74%, 8, 0, 2, 1423.51
1639557155, 1, 410, 940, 748, 0, 0.74%, 8, 0, 2, 1422.42
1639557160, 1, 434, 940, 742, 0, 0.74%, 8, 0, 2, 1421.80
1639557165, 1, 467, 940, 738, 0, 0.74%, 8, 0, 2, 1432.08
1639557170, 1, 495, 940, 729, 0, 0.74%, 8, 0, 2, 1438.25
1639557175, 1, 544, 940, 721, 0, 0.74%, 9, 0, 2, 1433.48
1639557180, 1, 571, 940, 712, 0, 0.74%, 11, 0, 2, 1427.45
1639557185, 1, 598, 940, 706, 0, 0.74%, 11, 0, 2, 1420.49
1639557190, 1, 634, 940, 703, 0, 0.74%, 11, 0, 2, 1412.40
1639557196, 1, 673, 940, 697, 0, 0.74%, 11, 0, 2, 1425.00
1639557201, 1, 698, 940, 690, 0, 0.74%, 11, 0, 2, 1432.22
1639557206, 1, 730, 940, 685, 0, 0.74%, 11, 0, 2, 1420.38
1639557211, 1, 759, 940, 677, 0, 0.74%, 11, 0, 2, 1389.02
1639557216, 1, 776, 940, 673, 0, 0.74%, 12, 0, 2, 1407.90
1639557221, 1, 815, 940, 666, 0, 0.74%, 12, 0, 2, 1421.43
1639557226, 1, 842, 940, 660, 0, 0.74%, 12, 0, 2, 1419.52
1639557231, 1, 869, 940, 653, 0, 0.74%, 12, 0, 2, 1408.57
1639557236, 1, 891, 940, 647, 0, 0.74%, 12, 0, 2, 1425.23
1639557241, 1, 908, 940, 640, 0, 0.74%, 13, 0, 2, 1408.82
1639557246, 1, 930, 940, 633, 0, 0.74%, 13, 0, 2, 1407.49
1639557252, 2, 14, 940, 630, 0, 0.74%, 13, 0, 2, 140.45
1639557257, 2, 38, 940, 623, 0, 0.74%, 13, 0, 2, 454.25
1639557262, 2, 68, 940, 615, 0, 0.74%, 13, 0, 2, 1778.44
1639557267, 2, 107, 940, 609, 0, 0.74%, 13, 0, 2, 1512.73
1639557272, 2, 138, 940, 602, 0, 0.74%, 13, 0, 2, 1433.71
1639557277, 2, 171, 940, 598, 0, 0.74%, 14, 0, 2, 1415.34
1639557282, 2, 196, 940, 590, 0, 0.74%, 14, 0, 2, 1443.22
1639557287, 2, 228, 940, 582, 0, 0.74%, 14, 0, 2, 1446.95
1639557293, 2, 259, 940, 576, 0, 0.74%, 14, 0, 2, 1450.56
1639557298, 2, 306, 940, 569, 0, 0.74%, 14, 0, 2, 1451.34
1639557303, 2, 340, 940, 565, 0, 0.74%, 14, 0, 2, 1442.93
1639557308, 2, 379, 940, 558, 0, 0.74%, 14, 0, 2, 1453.70
1639557313, 2, 406, 940, 552, 0, 0.74%, 14, 0, 2, 1441.66
1639557318, 2, 440, 940, 549, 0, 0.74%, 14, 0, 2, 1426.08
1639557324, 2, 485, 940, 542, 0, 0.74%, 14, 0, 2, 1428.20
1639557329, 2, 533, 940, 534, 0, 0.74%, 14, 0, 2, 1384.96
