# unix_time, cycles_done, cur_path, paths_total, pending_total, pending_favs, map_size, unique_crashes, unique_hangs, max_depth, execs_per_sec
1639472813, 0, 0, 1, 1, 1, 0.11%, 0, 0, 1, 1333.33
1639472818, 0, 0, 72, 72, 1, 0.43%, 5, 0, 2, 1416.98
1639472823, 0, 22, 88, 81, 35, 0.46%, 6, 0, 3, 1428.03
1639472828, 0, 27, 99, 88, 31, 0.47%, 7, 0, 3, 1432.07
1639472833, 0, 40, 112, 94, 26, 0.47%, 7, 0, 3, 1408.37
1639472838, 0, 52, 134, 109, 20, 0.50%, 7, 0, 3, 1398.97
1639472843, 0, 61, 147, 118, 20, 0.52%, 7, 0, 3, 1722.63
1639472848, 0, 66, 150, 118, 19, 0.53%, 9, 0, 3, 1670.61
1639472854, 0, 77, 158, 122, 15, 0.53%, 9, 0, 4, 1501.61
1639472859, 0, 94, 166, 126, 12, 0.53%, 9, 0, 4, 1436.10
1639472864, 0, 105, 171, 130, 11, 0.53%, 10, 0, 4, 1404.66
1639472869, 0, 127, 178, 134, 10, 0.55%, 10, 0, 4, 1413.14
1639472874, 0, 158, 186, 137, 10, 0.56%, 10, 0, 4, 1443.84
1639472879, 0, 170, 192, 141, 8, 0.56%, 10, 0, 5, 1416.59
1639472884, 0, 173, 199, 146, 13, 0.58%, 10, 0, 5, 1408.56
1639472889, 0, 184, 201, 144, 10, 0.58%, 10, 0, 5, 1430.88
1639472894, 0, 188, 203, 144, 9, 0.58%, 12, 0, 6, 1425.66
1639472899, 0, 192, 205, 143, 6, 0.58%, 13, 0, 6, 1385.64
1639472904, 0, 199, 208, 142, 4, 0.60%, 13, 0, 6, 1416.30
1639472909, 0, 205, 218, 150, 4, 0.63%, 13, 0, 7, 1421.09
1639472914, 0, 209, 224, 154, 8, 0.63%, 13, 0, 7, 1405.82
1639472919, 0, 211, 225, 153, 8, 0.63%, 13, 0, 7, 1427.85
1639472925, 0, 216, 227, 150, 4, 0.64%, 13, 0, 8, 1433.29
1639472930, 0, 223, 230, 152, 3, 0.64%, 13, 0, 8, 1416.58
1639472935, 0, 224, 234, 155, 3, 0.64%, 13, 0, 8, 1437.48
1639472940, 1, 22, 237, 154, 0, 0.64%, 13, 0, 9, 1446.70
1639472945, 1, 48, 239, 155, 0, 0.64%, 13, 0, 9, 1459.99
1639472950, 1, 75, 240, 152, 0, 0.64%, 13, 0, 9, 1460.38
1639472955, 1, 241, 245, 155, 1, 0.64%, 13, 0, 9, 1419.92
1639472960, 1, 241, 246, 156, 1, 0.64%, 13, 0, 9, 1424.28
1639472965, 1, 244, 249, 157, 0, 0.64%, 13, 0, 9, 1439.32
1639472970, 1, 247, 250, 156, 0, 0.64%, 13, 0, 9, 1420.10
1639472975, 2, 24, 250, 150, 0, 0.64%, 13, 0, 9, 1442.30
1639472980, 2, 44, 250, 147, 0, 0.64%, 13, 0, 9, 1430.54
1639472985, 2, 71, 253, 145, 0, 0.64%, 13, 0, 9, 1437.86
1639472990, 2, 93, 253, 139, 0, 0.64%, 13, 0, 9, 1437.16
1639472995, 2, 120, 253, 133, 0, 0.64%, 13, 0, 9, 1450.44
1639473001, 2, 146, 253, 126, 0, 0.64%, 13, 0, 9, 1439.25
1639473006, 2, 163, 254, 124, 0, 0.64%, 13, 0, 9, 1430.63
1639473011, 2, 172, 255, 121, 0, 0.64%, 13, 0, 9, 1416.93
1639473016, 2, 175, 256, 122, 0, 0.64%, 13, 0, 9, 1438.37
1639473021, 2, 180, 257, 121, 0, 0.64%, 13, 0, 9, 1409.50
1639473026, 2, 188, 257, 120, 0, 0.64%, 13, 0, 9, 1413.19
1639473031, 2, 209, 259, 121, 1, 0.64%, 13, 0, 9, 1426.73
1639473036, 3, 10, 259, 120, 0, 0.64%, 14, 0, 9, 1449.31
1639473041, 3, 45, 260, 119, 0, 0.64%, 14, 0, 9, 1452.37
1639473046, 3, 78, 260, 118, 0, 0.64%, 14, 0, 9, 1434.31
1639473051, 3, 117, 260, 113, 0, 0.64%, 14, 0, 9, 1439.90
1639473056, 3, 156, 260, 109, 0, 0.64%, 14, 0, 9, 1465.90
1639473061, 3, 172, 260, 106, 0, 0.64%, 14, 0, 9, 1442.60
1639473066, 3, 178, 262, 108, 0, 0.64%, 14, 0, 9, 1442.05
1639473072, 3, 188, 262, 106, 0, 0.64%, 14, 0, 9, 1434.38
1639473077, 3, 199, 264, 108, 0, 0.64%, 14, 0, 9, 1435.53
1639473082, 3, 210, 264, 108, 0, 0.64%, 14, 0, 9, 1432.18
1639473087, 3, 215, 264, 108, 0, 0.64%, 14, 0, 9, 1419.05
1639473092, 3, 223, 266, 108, 0, 0.64%, 14, 0, 9, 1420.79
1639473097, 3, 226, 266, 108, 0, 0.64%, 14, 0, 9, 1426.87
1639473102, 3, 234, 266, 107, 0, 0.64%, 14, 0, 9, 1441.86
1639473107, 3, 238, 267, 106, 0, 0.64%, 14, 0, 10, 1444.69
1639473112, 3, 246, 267, 104, 0, 0.64%, 14, 0, 10, 1425.69
