# unix_time, cycles_done, cur_path, paths_total, pending_total, pending_favs, map_size, unique_crashes, unique_hangs, max_depth, execs_per_sec
1639482464, 0, 0, 1, 1, 1, 0.12%, 0, 0, 1, 2000.00
1639482469, 0, 0, 73, 73, 1, 0.44%, 4, 0, 2, 1528.85
1639482474, 0, 11, 103, 98, 36, 0.48%, 4, 0, 3, 1444.92
1639482479, 0, 17, 116, 109, 35, 0.49%, 4, 0, 3, 1430.02
1639482484, 0, 18, 134, 126, 38, 0.52%, 5, 0, 3, 1386.65
1639482489, 0, 50, 140, 117, 25, 0.52%, 5, 0, 3, 1408.43
1639482494, 0, 54, 150, 126, 27, 0.54%, 5, 0, 3, 1413.95
1639482499, 0, 72, 157, 126, 22, 0.55%, 5, 0, 3, 1405.89
1639482504, 0, 102, 163, 125, 15, 0.55%, 5, 0, 4, 1426.11
1639482509, 0, 139, 166, 121, 8, 0.55%, 7, 0, 4, 1408.95
1639482514, 0, 150, 171, 121, 4, 0.55%, 7, 0, 4, 1408.42
1639482519, 0, 166, 173, 121, 5, 0.56%, 7, 0, 4, 1429.06
1639482525, 0, 172, 175, 120, 2, 0.56%, 8, 0, 5, 1440.46
1639482530, 1, 65, 176, 115, 0, 0.56%, 8, 0, 5, 1415.06
1639482535, 1, 180, 192, 130, 4, 0.57%, 8, 0, 5, 1425.98
1639482540, 1, 184, 198, 135, 6, 0.58%, 8, 0, 5, 1428.93
1639482545, 1, 186, 205, 141, 7, 0.58%, 8, 0, 5, 1438.15
1639482550, 1, 192, 213, 148, 6, 0.62%, 8, 0, 5, 1441.07
1639482555, 1, 193, 215, 149, 10, 0.63%, 10, 0, 5, 1407.79
1639482560, 1, 194, 220, 153, 11, 0.63%, 10, 0, 5, 1386.21
1639482565, 1, 204, 229, 161, 10, 0.63%, 10, 0, 5, 1404.43
1639482570, 1, 204, 234, 166, 10, 0.64%, 10, 0, 5, 1396.07
1639482575, 1, 205, 237, 168, 12, 0.64%, 10, 0, 5, 1394.73
1639482580, 1, 209, 237, 166, 10, 0.64%, 10, 0, 5, 1413.62
1639482585, 1, 212, 240, 166, 9, 0.65%, 10, 0, 6, 1388.95
1639482590, 1, 212, 241, 167, 9, 0.65%, 10, 0, 6, 1408.36
1639482596, 1, 215, 246, 170, 8, 0.65%, 11, 0, 6, 1389.45
1639482601, 1, 215, 248, 172, 8, 0.65%, 11, 0, 6, 1411.05
1639482606, 1, 218, 252, 175, 7, 0.65%, 12, 0, 6, 1392.65
1639482611, 1, 224, 252, 174, 7, 0.65%, 12, 0, 6, 1386.05
1639482616, 1, 230, 252, 172, 6, 0.65%, 12, 0, 6, 1393.59
1639482621, 1, 237, 254, 172, 4, 0.65%, 12, 0, 7, 1404.50
1639482626, 1, 240, 256, 173, 6, 0.69%, 12, 0, 7, 1410.50
1639482631, 1, 248, 259, 175, 6, 0.69%, 12, 0, 7, 1395.59
1639482636, 1, 252, 263, 178, 5, 0.69%, 12, 0, 7, 1406.76
1639482641, 1, 252, 265, 180, 5, 0.69%, 12, 0, 7, 1415.81
1639482646, 1, 254, 277, 190, 4, 0.71%, 12, 0, 8, 1395.59
1639482651, 1, 255, 279, 191, 14, 0.71%, 12, 0, 8, 1410.25
1639482656, 1, 257, 280, 191, 13, 0.71%, 12, 0, 8, 1421.87
1639482661, 1, 268, 280, 188, 10, 0.71%, 12, 0, 8, 1397.64
1639482666, 1, 269, 280, 187, 9, 0.71%, 12, 0, 8, 1371.07
1639482671, 1, 271, 284, 189, 8, 0.72%, 12, 0, 9, 1413.43
1639482676, 1, 272, 284, 188, 7, 0.72%, 13, 0, 9, 1435.01
1639482681, 1, 274, 288, 191, 6, 0.72%, 13, 0, 9, 1428.02
1639482686, 1, 276, 288, 189, 5, 0.72%, 13, 0, 9, 1435.75
1639482692, 1, 278, 289, 188, 3, 0.72%, 13, 0, 9, 1426.10
1639482697, 1, 278, 290, 189, 3, 0.72%, 13, 0, 9, 1417.92
1639482702, 1, 288, 293, 190, 2, 0.72%, 13, 0, 10, 1408.25
1639482707, 1, 288, 295, 192, 2, 0.72%, 13, 0, 10, 1427.96
1639482712, 1, 292, 300, 196, 2, 0.73%, 13, 0, 11, 1417.78
1639482717, 1, 294, 305, 200, 2, 0.73%, 13, 0, 11, 2013.07
1639482722, 1, 299, 306, 200, 3, 0.73%, 13, 0, 11, 1702.30
1639482727, 1, 302, 310, 203, 2, 0.73%, 13, 0, 12, 1445.56
1639482737, 1, 306, 310, 201, 1, 0.73%, 13, 0, 12, 1419.72
1639482742, 1, 306, 312, 203, 1, 0.73%, 13, 0, 13, 1413.10
1639482747, 1, 307, 314, 204, 0, 0.73%, 13, 0, 13, 1423.16
1639482752, 1, 307, 315, 205, 0, 0.73%, 13, 0, 13, 1405.14
1639482757, 1, 311, 318, 207, 0, 0.73%, 13, 0, 14, 1411.87
1639482762, 1, 316, 318, 206, 0, 0.73%, 13, 0, 14, 1419.97
