# unix_time, cycles_done, cur_path, paths_total, pending_total, pending_favs, map_size, unique_crashes, unique_hangs, max_depth, execs_per_sec
1639434164, 0, 0, 1, 1, 1, 0.12%, 0, 0, 1, 1600.00
1639434169, 0, 0, 76, 76, 1, 0.45%, 2, 0, 2, 1460.64
1639434174, 0, 4, 93, 92, 39, 0.47%, 2, 0, 3, 1444.70
1639434179, 0, 10, 98, 94, 38, 0.47%, 2, 0, 3, 1431.57
1639434184, 0, 27, 122, 111, 32, 0.50%, 2, 0, 3, 1411.79
1639434189, 0, 44, 129, 109, 23, 0.50%, 4, 0, 3, 1439.54
1639434194, 0, 51, 151, 128, 23, 0.51%, 4, 0, 3, 1410.99
1639434199, 0, 76, 166, 134, 15, 0.52%, 4, 0, 3, 1413.46
1639434204, 0, 89, 175, 140, 12, 0.53%, 4, 0, 4, 1439.36
1639434210, 0, 147, 182, 138, 6, 0.53%, 8, 0, 4, 1831.03
1639434215, 0, 177, 188, 138, 7, 0.55%, 8, 0, 5, 1520.10
1639434220, 0, 182, 195, 144, 9, 0.55%, 8, 0, 5, 1476.72
1639434225, 0, 185, 197, 143, 6, 0.55%, 8, 0, 5, 1442.24
1639434230, 0, 190, 203, 146, 4, 0.56%, 8, 0, 6, 1445.63
1639434235, 0, 192, 207, 149, 7, 0.57%, 9, 0, 6, 1448.70
1639434240, 0, 199, 213, 153, 5, 0.61%, 10, 0, 7, 1445.29
1639434245, 0, 205, 217, 154, 8, 0.62%, 10, 0, 7, 1440.62
1639434250, 0, 209, 223, 158, 8, 0.63%, 10, 0, 8, 1433.96
1639434255, 0, 213, 224, 157, 9, 0.63%, 10, 0, 8, 1442.80
1639434260, 0, 214, 229, 161, 8, 0.63%, 10, 0, 8, 1279.52
1639434265, 0, 217, 231, 161, 8, 0.63%, 10, 0, 8, 1328.33
1639434270, 0, 219, 234, 162, 6, 0.63%, 10, 0, 9, 1394.03
1639434276, 0, 221, 237, 164, 7, 0.63%, 10, 0, 9, 1420.86
1639434281, 0, 225, 244, 169, 5, 0.64%, 10, 0, 9, 1416.14
1639434286, 0, 227, 247, 171, 9, 0.65%, 12, 0, 9, 1399.43
1639434291, 0, 235, 249, 172, 8, 0.65%, 12, 0, 10, 1420.76
1639434296, 0, 236, 254, 176, 7, 0.68%, 12, 0, 10, 1422.85
1639434301, 0, 240, 257, 178, 10, 0.68%, 12, 0, 10, 1398.91
1639434306, 0, 241, 261, 181, 10, 0.68%, 12, 0, 10, 1415.37
1639434311, 0, 242, 264, 183, 9, 0.68%, 12, 0, 10, 1411.60
1639434316, 0, 244, 267, 185, 8, 0.68%, 12, 0, 10, 1396.91
1639434321, 0, 246, 268, 185, 7, 0.68%, 12, 0, 10, 1407.43
1639434326, 0, 246, 269, 186, 7, 0.68%, 12, 0, 10, 1426.12
1639434331, 0, 251, 281, 196, 6, 0.70%, 12, 0, 11, 1437.55
1639434336, 0, 251, 290, 205, 6, 0.72%, 12, 0, 11, 1453.52
1639434341, 0, 256, 292, 204, 15, 0.72%, 12, 0, 11, 1446.39
1639434346, 0, 267, 294, 205, 14, 0.72%, 12, 0, 11, 1406.62
1639434356, 0, 272, 298, 207, 13, 0.72%, 12, 0, 11, 1427.51
1639434361, 0, 276, 298, 206, 13, 0.72%, 12, 0, 11, 1426.51
1639434367, 0, 280, 301, 205, 9, 0.72%, 12, 0, 12, 1446.56
1639434372, 0, 281, 304, 207, 9, 0.72%, 12, 0, 12, 1418.38
1639434377, 0, 283, 305, 206, 8, 0.73%, 12, 0, 12, 1432.13
1639434382, 0, 285, 308, 207, 6, 0.73%, 12, 0, 12, 1429.63
1639434387, 0, 302, 311, 209, 5, 0.73%, 12, 0, 13, 1415.06
1639434392, 0, 303, 317, 214, 5, 0.73%, 12, 0, 13, 1411.96
1639434397, 0, 304, 318, 214, 4, 0.73%, 12, 0, 13, 1439.79
1639434402, 0, 312, 322, 216, 3, 0.73%, 12, 0, 13, 1422.34
1639434407, 1, 63, 323, 212, 0, 0.73%, 12, 0, 14, 1428.39
1639434412, 1, 96, 323, 209, 0, 0.73%, 12, 0, 14, 1419.23
1639434418, 1, 121, 323, 202, 0, 0.73%, 12, 0, 14, 1419.97
1639434423, 1, 159, 324, 197, 0, 0.73%, 12, 0, 14, 1427.07
1639434428, 1, 175, 325, 193, 0, 0.73%, 12, 0, 14, 1425.98
1639434433, 1, 185, 325, 192, 0, 0.73%, 12, 0, 14, 1444.15
1639434438, 1, 194, 325, 190, 0, 0.73%, 12, 0, 14, 1452.57
1639434443, 1, 211, 325, 188, 0, 0.73%, 12, 0, 14, 1443.76
1639434448, 1, 218, 326, 188, 0, 0.73%, 12, 0, 14, 1438.11
1639434453, 1, 222, 326, 187, 0, 0.73%, 12, 0, 14, 1438.76
1639434458, 1, 234, 327, 187, 0, 0.73%, 12, 0, 14, 1447.87
1639434463, 1, 243, 331, 189, 0, 0.73%, 12, 0, 14, 1404.33
