# unix_time, cycles_done, cur_path, paths_total, pending_total, pending_favs, map_size, unique_crashes, unique_hangs, max_depth, execs_per_sec
1639593215, 0, 0, 740, 740, 97, 0.91%, 0, 0, 1, 1148.18
1639593220, 0, 88, 740, 729, 86, 0.91%, 2, 0, 1, 1376.21
1639593225, 0, 183, 740, 719, 77, 0.91%, 3, 0, 1, 1441.36
1639593231, 0, 272, 741, 709, 67, 0.91%, 4, 0, 2, 1450.98
1639593236, 0, 334, 741, 700, 59, 0.91%, 6, 0, 2, 1439.50
1639593241, 0, 398, 741, 693, 53, 0.91%, 7, 0, 2, 1434.18
1639593246, 0, 447, 741, 685, 45, 0.91%, 9, 0, 2, 1403.98
1639593251, 0, 506, 741, 675, 36, 0.91%, 9, 0, 2, 1101.55
1639593256, 0, 548, 741, 668, 29, 0.91%, 10, 0, 2, 1197.28
1639593261, 0, 641, 741, 658, 19, 0.91%, 10, 0, 2, 1227.79
1639593266, 0, 697, 741, 650, 11, 0.91%, 10, 0, 2, 1214.53
1639593271, 0, 726, 741, 644, 5, 0.91%, 10, 0, 2, 1251.46
1639593276, 1, 6, 742, 638, 0, 0.91%, 11, 0, 2, 1313.83
1639593281, 1, 31, 742, 631, 0, 0.91%, 11, 0, 2, 1370.02
1639593287, 1, 63, 742, 623, 0, 0.91%, 11, 0, 2, 1437.45
1639593292, 1, 83, 742, 617, 0, 0.91%, 11, 0, 2, 1456.58
1639593297, 1, 115, 742, 609, 0, 0.91%, 11, 0, 2, 1452.38
1639593302, 1, 139, 742, 602, 0, 0.91%, 11, 0, 2, 1450.45
1639593307, 1, 163, 742, 595, 0, 0.91%, 11, 0, 2, 1448.79
1639593312, 1, 205, 742, 590, 0, 0.91%, 11, 0, 2, 1450.84
1639593317, 1, 237, 743, 583, 0, 0.91%, 11, 0, 2, 1464.09
1639593322, 1, 280, 743, 579, 0, 0.91%, 11, 0, 2, 1459.94
1639593327, 1, 303, 743, 573, 0, 0.91%, 11, 0, 2, 1431.15
1639593332, 1, 330, 743, 565, 0, 0.91%, 11, 0, 2, 1398.77
1639593337, 1, 348, 743, 558, 0, 0.91%, 11, 0, 2, 1391.07
1639593342, 1, 387, 743, 552, 0, 0.91%, 12, 0, 2, 1864.26
1639593347, 1, 405, 743, 548, 0, 0.91%, 12, 0, 2, 1453.39
1639593352, 1, 422, 743, 543, 0, 0.91%, 12, 0, 2, 1253.94
1639593358, 1, 443, 743, 537, 0, 0.91%, 12, 0, 2, 1394.80
1639593363, 1, 470, 743, 535, 0, 0.91%, 12, 0, 2, 1412.41
1639593368, 1, 514, 743, 528, 0, 0.91%, 12, 0, 2, 1391.57
1639593373, 1, 525, 743, 523, 0, 0.91%, 12, 0, 2, 1400.71
1639593378, 1, 535, 744, 520, 0, 0.91%, 12, 0, 2, 1409.67
1639593383, 1, 564, 744, 514, 0, 0.91%, 12, 0, 2, 1430.76
1639593388, 1, 599, 744, 506, 0, 0.91%, 12, 0, 2, 1397.64
1639593393, 1, 641, 744, 502, 0, 0.91%, 12, 0, 2, 1383.83
1639593399, 1, 659, 744, 495, 0, 0.91%, 12, 0, 2, 1361.26
1639593404, 1, 682, 744, 492, 0, 0.91%, 12, 0, 2, 1367.22
1639593409, 1, 710, 744, 487, 0, 0.91%, 12, 0, 2, 1357.67
1639593414, 1, 726, 744, 482, 0, 0.91%, 12, 0, 2, 1411.32
1639593419, 2, 6, 744, 480, 0, 0.91%, 12, 0, 2, 1427.59
1639593424, 2, 46, 744, 473, 0, 0.91%, 12, 0, 2, 1418.54
1639593429, 2, 73, 744, 468, 0, 0.91%, 12, 0, 2, 1433.19
1639593434, 2, 118, 744, 464, 0, 0.91%, 12, 0, 2, 1445.84
1639593439, 2, 148, 744, 458, 0, 0.91%, 12, 0, 2, 1432.13
1639593444, 2, 174, 744, 453, 0, 0.91%, 12, 0, 2, 1436.31
1639593449, 2, 196, 744, 449, 0, 0.91%, 12, 0, 2, 1436.49
1639593454, 2, 220, 744, 443, 0, 0.91%, 12, 0, 2, 1444.11
1639593459, 2, 263, 744, 436, 0, 0.91%, 12, 0, 2, 1444.80
1639593464, 2, 288, 744, 431, 0, 0.91%, 12, 0, 2, 1442.38
1639593469, 2, 344, 744, 425, 0, 0.91%, 12, 0, 2, 1449.26
1639593475, 2, 380, 744, 420, 0, 0.91%, 12, 0, 2, 1450.04
1639593480, 2, 408, 744, 417, 0, 0.91%, 12, 0, 2, 1455.01
1639593485, 2, 432, 744, 414, 0, 0.91%, 12, 0, 2, 1431.25
1639593490, 2, 466, 744, 410, 0, 0.91%, 12, 0, 2, 1415.87
1639593495, 2, 508, 744, 405, 0, 0.91%, 13, 0, 2, 1410.52
1639593500, 2, 528, 744, 403, 0, 0.91%, 13, 0, 2, 1411.37
1639593505, 2, 567, 744, 397, 0, 0.91%, 13, 0, 2, 1432.66
