# unix_time, cycles_done, cur_path, paths_total, pending_total, pending_favs, map_size, unique_crashes, unique_hangs, max_depth, execs_per_sec
1639511530, 0, 0, 1, 1, 1, 0.12%, 0, 0, 1, 500.00
1639511536, 0, 0, 71, 71, 1, 0.44%, 0, 0, 2, 1166.43
1639511541, 0, 14, 120, 113, 38, 0.51%, 6, 0, 3, 1708.73
1639511546, 0, 44, 134, 113, 26, 0.52%, 7, 0, 3, 1322.98
1639511551, 0, 53, 155, 127, 23, 0.54%, 8, 0, 3, 1365.33
1639511556, 0, 53, 163, 135, 23, 0.56%, 8, 0, 3, 1417.87
1639511561, 0, 67, 172, 139, 28, 0.57%, 8, 0, 3, 1402.91
1639511566, 0, 105, 179, 138, 21, 0.57%, 9, 0, 4, 1367.47
1639511571, 0, 143, 184, 136, 16, 0.58%, 9, 0, 4, 1350.18
1639511576, 0, 159, 189, 134, 13, 0.59%, 10, 0, 4, 1342.44
1639511582, 0, 181, 195, 134, 11, 0.61%, 10, 0, 5, 1352.80
1639511587, 0, 185, 202, 140, 10, 0.61%, 10, 0, 5, 1358.39
1639511592, 0, 187, 208, 144, 9, 0.63%, 11, 0, 5, 1341.10
1639511597, 0, 190, 215, 148, 8, 0.63%, 11, 0, 5, 1353.36
1639511602, 0, 205, 224, 154, 8, 0.64%, 12, 0, 6, 1319.65
1639511607, 0, 207, 227, 156, 9, 0.64%, 13, 0, 6, 1332.99
1639511612, 0, 217, 231, 155, 4, 0.64%, 13, 0, 7, 1337.35
1639511618, 0, 223, 234, 157, 4, 0.65%, 13, 0, 7, 1376.07
1639511623, 0, 231, 240, 162, 4, 0.65%, 14, 0, 8, 1400.76
1639511628, 0, 233, 243, 164, 6, 0.65%, 15, 0, 8, 1417.35
1639511633, 0, 237, 246, 165, 5, 0.65%, 16, 0, 9, 1409.22
1639511643, 0, 242, 251, 168, 4, 0.65%, 16, 0, 9, 1385.13
1639511648, 0, 244, 253, 169, 3, 0.65%, 16, 0, 10, 1364.19
1639511653, 0, 245, 253, 168, 3, 0.65%, 16, 0, 10, 1364.12
1639511658, 1, 105, 253, 163, 0, 0.65%, 17, 0, 10, 1343.28
1639511663, 1, 134, 256, 159, 0, 0.65%, 17, 0, 10, 1323.78
1639511668, 1, 157, 257, 156, 0, 0.65%, 17, 0, 10, 1285.19
1639511673, 1, 177, 257, 155, 0, 0.65%, 17, 0, 10, 1299.97
1639511678, 1, 181, 258, 154, 0, 0.65%, 17, 0, 10, 1279.58
1639511684, 1, 190, 259, 155, 0, 0.65%, 17, 0, 10, 1252.13
1639511689, 1, 207, 260, 154, 0, 0.65%, 17, 0, 10, 1236.79
1639511694, 1, 215, 260, 154, 0, 0.65%, 17, 0, 10, 1233.90
1639511699, 1, 230, 265, 156, 0, 0.66%, 17, 0, 10, 1220.21
1639511704, 1, 262, 266, 156, 1, 0.66%, 17, 0, 10, 1244.79
1639511709, 1, 263, 266, 155, 0, 0.66%, 17, 0, 10, 1285.86
1639511714, 1, 265, 268, 156, 0, 0.66%, 17, 0, 10, 1326.50
1639511719, 2, 7, 268, 155, 0, 0.66%, 17, 0, 10, 1332.87
1639511724, 2, 34, 269, 151, 0, 0.66%, 17, 0, 10, 1310.82
1639511729, 2, 50, 269, 149, 0, 0.66%, 17, 0, 10, 1321.70
1639511734, 2, 236, 271, 147, 1, 0.66%, 17, 0, 10, 1298.85
1639511739, 3, 7, 271, 144, 0, 0.66%, 17, 0, 10, 1284.65
1639511745, 3, 42, 271, 143, 0, 0.66%, 17, 0, 10, 1316.92
1639511750, 3, 58, 272, 143, 0, 0.66%, 17, 0, 10, 1363.36
1639511755, 3, 78, 272, 138, 0, 0.66%, 17, 0, 10, 1409.56
1639511760, 3, 106, 272, 132, 0, 0.66%, 17, 0, 10, 1431.40
1639511765, 3, 133, 273, 125, 0, 0.66%, 17, 0, 10, 1437.17
1639511770, 3, 148, 273, 121, 0, 0.66%, 17, 0, 10, 1443.44
1639511775, 3, 176, 274, 120, 0, 0.66%, 17, 0, 10, 1443.44
1639511780, 3, 181, 276, 120, 0, 0.66%, 17, 0, 10, 1415.55
1639511786, 3, 190, 276, 119, 0, 0.66%, 17, 0, 10, 1401.85
1639511791, 3, 208, 276, 118, 0, 0.66%, 17, 0, 10, 1400.46
1639511796, 3, 218, 276, 116, 0, 0.66%, 17, 0, 10, 1396.38
1639511801, 3, 229, 276, 112, 0, 0.66%, 17, 0, 10, 1362.96
1639511806, 3, 235, 276, 111, 0, 0.66%, 17, 0, 10, 1338.81
1639511811, 3, 238, 276, 110, 0, 0.66%, 17, 0, 10, 1305.48
1639511816, 3, 240, 279, 112, 0, 0.66%, 18, 0, 10, 1306.49
1639511821, 3, 242, 279, 110, 0, 0.66%, 18, 0, 10, 1305.50
1639511826, 3, 250, 281, 112, 0, 0.66%, 18, 0, 10, 1306.06
