# unix_time, cycles_done, cur_path, paths_total, pending_total, pending_favs, map_size, unique_crashes, unique_hangs, max_depth, execs_per_sec
1639558560, 0, 0, 859, 859, 110, 0.97%, 0, 0, 1, 1209.01
1639558565, 0, 113, 859, 848, 102, 0.97%, 0, 0, 1, 1385.14
1639558570, 0, 167, 859, 840, 94, 0.97%, 2, 0, 1, 1388.07
1639558575, 0, 234, 859, 833, 87, 0.97%, 3, 0, 1, 1287.79
1639558580, 0, 288, 859, 824, 78, 0.97%, 6, 0, 1, 1579.94
1639558585, 0, 363, 859, 814, 68, 0.97%, 7, 0, 1, 1378.34
1639558591, 0, 443, 859, 804, 58, 0.97%, 7, 0, 1, 1296.20
1639558596, 0, 488, 859, 797, 51, 0.97%, 7, 0, 1, 1276.38
1639558601, 0, 539, 859, 789, 43, 0.97%, 7, 0, 1, 1315.86
1639558606, 0, 566, 859, 787, 41, 0.97%, 7, 0, 1, 1352.94
1639558611, 0, 669, 859, 777, 31, 0.97%, 8, 0, 1, 1400.51
1639558616, 0, 740, 859, 768, 22, 0.97%, 8, 0, 1, 1444.73
1639558621, 0, 787, 859, 757, 13, 0.97%, 9, 0, 1, 1443.10
1639558626, 0, 828, 859, 748, 4, 0.97%, 9, 0, 1, 1425.08
1639558631, 1, 18, 859, 740, 0, 0.97%, 10, 0, 1, 1423.78
1639558636, 1, 65, 859, 731, 0, 0.97%, 10, 0, 1, 1433.78
1639558641, 1, 80, 859, 723, 0, 0.97%, 10, 0, 1, 1434.31
1639558647, 1, 124, 859, 715, 0, 0.97%, 10, 0, 1, 1415.03
1639558652, 1, 146, 859, 711, 0, 0.97%, 10, 0, 1, 1435.79
1639558657, 1, 167, 859, 705, 0, 0.97%, 10, 0, 1, 1443.06
1639558662, 1, 191, 859, 699, 0, 0.97%, 10, 0, 1, 1442.77
1639558667, 1, 221, 859, 693, 0, 0.97%, 10, 0, 1, 1422.12
1639558672, 1, 242, 860, 688, 0, 0.97%, 10, 0, 2, 1441.55
1639558677, 1, 265, 860, 680, 0, 0.97%, 10, 0, 2, 1441.27
1639558682, 1, 281, 860, 676, 0, 0.97%, 10, 0, 2, 1435.12
1639558687, 1, 310, 860, 670, 0, 0.97%, 10, 0, 2, 1439.69
1639558692, 1, 340, 860, 664, 0, 0.97%, 10, 0, 2, 1439.34
1639558698, 1, 377, 860, 660, 0, 0.97%, 10, 0, 2, 1462.21
1639558703, 1, 397, 860, 651, 0, 0.97%, 10, 0, 2, 1447.13
1639558708, 1, 428, 861, 647, 0, 0.97%, 10, 0, 2, 1452.68
1639558713, 1, 454, 861, 642, 0, 0.97%, 10, 0, 2, 1443.64
1639558718, 1, 478, 861, 636, 0, 0.97%, 10, 0, 2, 1435.99
1639558723, 1, 520, 861, 631, 0, 0.97%, 10, 0, 2, 1440.80
1639558728, 1, 541, 861, 628, 0, 0.97%, 10, 0, 2, 1425.56
1639558733, 1, 566, 861, 619, 0, 0.97%, 10, 0, 2, 1430.72
1639558739, 1, 596, 861, 615, 0, 0.97%, 10, 0, 2, 1426.46
1639558744, 1, 631, 861, 610, 0, 0.97%, 11, 0, 2, 1443.93
1639558749, 1, 664, 861, 605, 0, 0.97%, 11, 0, 2, 1449.02
1639558754, 1, 685, 861, 600, 0, 0.97%, 11, 0, 2, 1442.28
1639558759, 1, 716, 861, 595, 0, 0.97%, 11, 0, 2, 1425.14
1639558764, 1, 735, 861, 588, 0, 0.97%, 11, 0, 2, 1428.73
1639558769, 1, 760, 861, 583, 0, 0.97%, 11, 0, 2, 1412.75
1639558774, 1, 790, 861, 578, 0, 0.97%, 11, 0, 2, 1429.39
1639558779, 1, 820, 861, 573, 0, 0.97%, 11, 0, 2, 1439.70
1639558784, 1, 837, 861, 567, 0, 0.97%, 12, 0, 2, 1426.21
1639558789, 1, 858, 861, 559, 0, 0.97%, 13, 0, 2, 1409.54
1639558794, 2, 39, 861, 554, 0, 0.97%, 13, 0, 2, 1360.53
1639558800, 2, 85, 861, 548, 0, 0.97%, 13, 0, 2, 1425.30
1639558805, 2, 114, 861, 542, 0, 0.97%, 13, 0, 2, 1388.93
1639558810, 2, 142, 861, 537, 0, 0.97%, 13, 0, 2, 1393.45
1639558815, 2, 177, 861, 532, 0, 0.97%, 14, 0, 2, 1396.78
1639558820, 2, 214, 861, 526, 0, 0.97%, 15, 0, 2, 1395.48
1639558825, 2, 234, 861, 523, 0, 0.97%, 15, 0, 2, 1431.58
1639558830, 2, 274, 861, 521, 0, 0.97%, 15, 0, 2, 1426.20
1639558835, 2, 318, 861, 516, 0, 0.97%, 16, 0, 2, 1428.68
1639558840, 2, 363, 861, 511, 0, 0.97%, 16, 0, 2, 1440.12
1639558845, 2, 399, 861, 508, 0, 0.97%, 16, 0, 2, 1454.01
1639558850, 2, 435, 861, 504, 0, 0.97%, 16, 0, 2, 1420.21
