# unix_time, cycles_done, cur_path, paths_total, pending_total, pending_favs, map_size, unique_crashes, unique_hangs, max_depth, execs_per_sec
1639553151, 0, 0, 1, 1, 1, 0.12%, 0, 0, 1, 1142.86
1639553157, 0, 0, 70, 70, 1, 0.39%, 6, 0, 2, 1370.66
1639553162, 0, 1, 90, 89, 30, 0.42%, 6, 0, 3, 1419.23
1639553167, 0, 22, 107, 96, 24, 0.43%, 8, 0, 3, 1426.84
1639553172, 0, 49, 124, 103, 15, 0.44%, 8, 0, 3, 1412.80
1639553177, 0, 78, 134, 105, 10, 0.45%, 9, 0, 3, 1385.47
1639553182, 0, 100, 145, 112, 9, 0.47%, 9, 0, 4, 1400.31
1639553187, 0, 122, 158, 122, 7, 0.49%, 9, 0, 4, 1436.42
1639553192, 0, 141, 162, 122, 8, 0.49%, 9, 0, 4, 1461.48
1639553197, 0, 151, 167, 125, 9, 0.50%, 9, 0, 5, 1444.14
1639553202, 0, 151, 172, 130, 9, 0.52%, 9, 0, 5, 1438.58
1639553207, 0, 154, 175, 130, 12, 0.52%, 9, 0, 5, 1426.44
1639553212, 0, 163, 179, 131, 10, 0.52%, 9, 0, 6, 1443.58
1639553217, 0, 167, 180, 129, 8, 0.52%, 9, 0, 6, 1431.18
1639553222, 0, 171, 181, 126, 4, 0.52%, 9, 0, 6, 1462.58
1639553227, 0, 179, 186, 129, 3, 0.55%, 9, 0, 7, 1435.87
1639553232, 0, 182, 188, 129, 6, 0.55%, 9, 0, 8, 1449.36
1639553238, 0, 185, 192, 131, 5, 0.55%, 9, 0, 8, 1442.57
1639553243, 0, 187, 196, 133, 4, 0.56%, 10, 0, 9, 1447.85
1639553248, 1, 62, 199, 134, 2, 0.56%, 10, 0, 10, 1438.09
1639553253, 1, 101, 204, 135, 0, 0.56%, 10, 0, 10, 1450.80
1639553258, 1, 141, 205, 128, 0, 0.56%, 10, 0, 10, 1455.17
1639553263, 1, 153, 205, 126, 0, 0.56%, 10, 0, 10, 1441.43
1639553268, 1, 206, 212, 132, 1, 0.57%, 10, 0, 10, 1428.47
1639553273, 1, 209, 212, 131, 3, 0.57%, 10, 0, 10, 1449.77
1639553278, 1, 210, 218, 136, 2, 0.57%, 10, 0, 10, 1448.51
1639553283, 1, 211, 220, 137, 3, 0.59%, 10, 0, 10, 1469.35
1639553288, 1, 217, 221, 136, 2, 0.59%, 10, 0, 10, 1441.13
1639553294, 1, 219, 229, 143, 1, 0.62%, 10, 0, 10, 1455.03
1639553299, 1, 221, 229, 142, 7, 0.62%, 10, 0, 10, 1428.51
1639553304, 1, 222, 232, 144, 6, 0.62%, 10, 0, 10, 1460.89
1639553309, 1, 225, 233, 143, 6, 0.63%, 10, 0, 10, 1462.06
1639553314, 1, 226, 235, 144, 7, 0.63%, 11, 0, 10, 1457.25
1639553319, 1, 227, 235, 143, 7, 0.63%, 11, 0, 10, 1454.79
1639553324, 1, 229, 235, 141, 5, 0.63%, 11, 0, 10, 1450.20
1639553329, 1, 231, 236, 141, 4, 0.63%, 11, 0, 10, 1449.47
1639553334, 1, 232, 239, 143, 3, 0.63%, 11, 0, 10, 1429.96
1639553339, 1, 233, 240, 143, 4, 0.63%, 11, 0, 10, 1432.50
1639553344, 1, 233, 241, 144, 4, 0.63%, 11, 0, 10, 1454.61
1639553349, 1, 236, 241, 142, 2, 0.63%, 12, 0, 10, 1431.47
1639553354, 1, 236, 243, 144, 2, 0.63%, 12, 0, 11, 1423.23
1639553359, 1, 237, 245, 145, 1, 0.63%, 12, 0, 11, 1408.57
1639553364, 1, 237, 248, 148, 1, 0.64%, 12, 0, 11, 1429.38
1639553370, 1, 245, 253, 152, 3, 0.65%, 12, 0, 12, 2066.62
1639553375, 1, 246, 256, 154, 6, 0.65%, 12, 0, 12, 1694.23
1639553380, 1, 247, 258, 155, 6, 0.65%, 12, 0, 12, 1456.51
1639553385, 1, 248, 261, 157, 5, 0.65%, 13, 0, 13, 1395.92
1639553390, 1, 248, 263, 159, 5, 0.65%, 13, 0, 13, 1398.15
1639553395, 1, 250, 263, 158, 4, 0.65%, 13, 0, 13, 1409.39
1639553400, 1, 251, 265, 159, 3, 0.65%, 14, 0, 13, 1410.98
1639553405, 1, 252, 265, 158, 2, 0.65%, 14, 0, 13, 1398.79
1639553410, 1, 265, 267, 158, 1, 0.66%, 14, 0, 14, 1426.79
1639553415, 2, 25, 268, 153, 0, 0.66%, 14, 0, 14, 1411.23
1639553420, 2, 65, 268, 148, 0, 0.66%, 14, 0, 14, 1434.44
1639553426, 2, 94, 271, 145, 0, 0.66%, 14, 0, 14, 1457.06
1639553431, 2, 146, 271, 142, 0, 0.66%, 14, 0, 14, 1449.94
1639553436, 2, 164, 271, 141, 0, 0.66%, 14, 0, 14, 1401.93
1639553441, 2, 168, 272, 141, 0, 0.66%, 14, 0, 14, 1424.28
1639553446, 2, 179, 272, 140, 0, 0.66%, 14, 0, 14, 1391.56
1639553451, 2, 187, 272, 140, 0, 0.66%, 14, 0, 14, 1424.86
