# unix_time, cycles_done, cur_path, paths_total, pending_total, pending_favs, map_size, unique_crashes, unique_hangs, max_depth, execs_per_sec
1639519295, 0, 0, 1400, 1400, 1, 0.01%, 0, 0, 1, 1364.02
1639519300, 0, 1287, 1400, 1390, 1, 0.01%, 0, 0, 1, 1596.57
1639519305, 1, 34, 1400, 1376, 0, 0.01%, 0, 0, 1, 1635.02
1639519310, 1, 72, 1400, 1363, 0, 0.01%, 0, 0, 1, 1638.41
1639519315, 1, 136, 1400, 1350, 0, 0.01%, 0, 0, 1, 1646.32
1639519321, 1, 187, 1400, 1338, 0, 0.01%, 0, 0, 1, 1653.61
1639519326, 1, 233, 1400, 1324, 0, 0.01%, 0, 0, 1, 1649.21
1639519331, 1, 298, 1400, 1311, 0, 0.01%, 0, 0, 1, 1649.97
1639519336, 1, 344, 1400, 1298, 0, 0.01%, 0, 0, 1, 1652.16
1639519341, 1, 396, 1400, 1286, 0, 0.01%, 0, 0, 1, 1641.28
1639519346, 1, 447, 1400, 1275, 0, 0.01%, 0, 0, 1, 1655.65
1639519351, 1, 513, 1400, 1261, 0, 0.01%, 0, 0, 1, 1635.08
1639519356, 1, 550, 1400, 1250, 0, 0.01%, 0, 0, 1, 1586.84
1639519361, 1, 610, 1400, 1239, 0, 0.01%, 0, 0, 1, 1562.50
1639519366, 1, 665, 1400, 1226, 0, 0.01%, 0, 0, 1, 1588.56
1639519371, 1, 736, 1400, 1212, 0, 0.01%, 0, 0, 1, 2091.01
1639519376, 1, 773, 1400, 1202, 0, 0.01%, 0, 0, 1, 1751.16
1639519381, 1, 842, 1400, 1191, 0, 0.01%, 0, 0, 1, 1667.44
1639519387, 1, 884, 1400, 1179, 0, 0.01%, 0, 0, 1, 1640.12
1639519392, 1, 925, 1400, 1168, 0, 0.01%, 0, 0, 1, 1613.27
1639519397, 1, 964, 1400, 1157, 0, 0.01%, 0, 0, 1, 1632.08
1639519402, 1, 994, 1400, 1147, 0, 0.01%, 0, 0, 1, 1644.35
1639519407, 1, 1028, 1400, 1135, 0, 0.01%, 0, 0, 1, 1657.83
1639519412, 1, 1063, 1400, 1123, 0, 0.01%, 0, 0, 1, 1640.40
1639519417, 1, 1116, 1400, 1112, 0, 0.01%, 0, 0, 1, 1608.65
1639519422, 1, 1142, 1400, 1103, 0, 0.01%, 0, 0, 1, 1607.95
1639519428, 1, 1186, 1400, 1093, 0, 0.01%, 0, 0, 1, 1635.20
1639519433, 1, 1211, 1400, 1084, 0, 0.01%, 0, 0, 1, 1636.05
1639519438, 1, 1264, 1400, 1072, 0, 0.01%, 0, 0, 1, 1641.20
1639519443, 1, 1301, 1400, 1062, 0, 0.01%, 0, 0, 1, 1634.93
1639519448, 1, 1341, 1400, 1052, 0, 0.01%, 0, 0, 1, 1654.80
1639519453, 1, 1389, 1400, 1040, 0, 0.01%, 0, 0, 1, 1639.57
1639519458, 2, 70, 1400, 1029, 0, 0.01%, 0, 0, 1, 1648.79
1639519463, 2, 129, 1400, 1017, 0, 0.01%, 0, 0, 1, 1626.90
1639519468, 2, 206, 1400, 1004, 0, 0.01%, 0, 0, 1, 1626.52
1639519473, 2, 249, 1400, 991, 0, 0.01%, 0, 0, 1, 1637.82
1639519478, 2, 291, 1400, 981, 0, 0.01%, 0, 0, 1, 1658.94
1639519483, 2, 353, 1400, 971, 0, 0.01%, 0, 0, 1, 1637.22
1639519488, 2, 410, 1400, 960, 0, 0.01%, 0, 0, 1, 1647.71
1639519493, 2, 452, 1400, 948, 0, 0.01%, 0, 0, 1, 1627.01
1639519499, 2, 537, 1400, 936, 0, 0.01%, 0, 0, 1, 1551.06
1639519504, 2, 609, 1400, 928, 0, 0.01%, 0, 0, 1, 1427.51
1639519509, 2, 664, 1400, 918, 0, 0.01%, 0, 0, 1, 1583.17
1639519514, 2, 710, 1400, 907, 0, 0.01%, 0, 0, 1, 1548.20
1639519519, 2, 780, 1400, 895, 0, 0.01%, 0, 0, 1, 1518.04
1639519524, 2, 814, 1400, 887, 0, 0.01%, 0, 0, 1, 1485.73
1639519529, 2, 872, 1400, 877, 0, 0.01%, 0, 0, 1, 1509.27
1639519534, 2, 935, 1400, 867, 0, 0.01%, 0, 0, 1, 1505.32
1639519539, 2, 990, 1400, 857, 0, 0.01%, 0, 0, 1, 1499.92
1639519544, 2, 1049, 1400, 847, 0, 0.01%, 0, 0, 1, 1523.50
1639519549, 2, 1078, 1400, 839, 0, 0.01%, 0, 0, 1, 1527.84
1639519554, 2, 1129, 1400, 831, 0, 0.01%, 0, 0, 1, 1532.31
1639519559, 2, 1177, 1400, 822, 0, 0.01%, 0, 0, 1, 1547.16
1639519565, 2, 1219, 1400, 813, 0, 0.01%, 0, 0, 1, 1542.67
1639519570, 2, 1270, 1400, 804, 0, 0.01%, 0, 0, 1, 1588.99
1639519575, 2, 1343, 1400, 795, 0, 0.01%, 0, 0, 1, 1646.47
1639519580, 2, 1384, 1400, 783, 0, 0.01%, 0, 0, 1, 1645.29
1639519585, 3, 90, 1400, 770, 0, 0.01%, 0, 0, 1, 1642.25
