# unix_time, cycles_done, cur_path, paths_total, pending_total, pending_favs, map_size, unique_crashes, unique_hangs, max_depth, execs_per_sec
1639520820, 0, 0, 899, 899, 105, 0.94%, 0, 0, 1, 881.91
1639520825, 0, 118, 899, 889, 95, 0.94%, 4, 0, 1, 1226.13
1639520830, 0, 211, 899, 880, 86, 0.94%, 6, 0, 1, 1261.00
1639520835, 0, 268, 900, 873, 78, 0.94%, 6, 0, 2, 1318.68
1639520840, 0, 362, 900, 862, 68, 0.94%, 6, 0, 2, 1248.05
1639520845, 0, 466, 900, 854, 61, 0.94%, 7, 0, 2, 1237.53
1639520851, 0, 524, 900, 847, 54, 0.94%, 7, 0, 2, 1269.74
1639520856, 0, 599, 900, 835, 42, 0.94%, 8, 0, 2, 1356.36
1639520861, 0, 673, 900, 826, 33, 0.94%, 8, 0, 2, 1426.20
1639520866, 0, 748, 900, 814, 21, 0.94%, 8, 0, 2, 1397.54
1639520871, 0, 796, 900, 808, 15, 0.94%, 9, 0, 2, 1374.72
1639520876, 0, 884, 900, 798, 5, 0.94%, 9, 0, 2, 1368.49
1639520881, 1, 29, 900, 789, 0, 0.94%, 9, 0, 2, 1487.61
1639520887, 1, 63, 900, 781, 0, 0.94%, 10, 0, 2, 1357.68
1639520892, 1, 106, 900, 773, 0, 0.94%, 11, 0, 2, 1362.59
1639520897, 1, 144, 900, 768, 0, 0.94%, 11, 0, 2, 1360.39
1639520902, 1, 162, 900, 762, 0, 0.94%, 11, 0, 2, 1358.24
1639520907, 1, 195, 900, 755, 0, 0.94%, 11, 0, 2, 1340.75
1639520912, 1, 221, 900, 747, 0, 0.94%, 11, 0, 2, 1390.99
1639520917, 1, 253, 900, 740, 0, 0.94%, 11, 0, 2, 1435.99
1639520923, 1, 282, 900, 736, 0, 0.94%, 11, 0, 2, 1447.59
1639520928, 1, 309, 900, 729, 0, 0.94%, 11, 0, 2, 1394.14
1639520933, 1, 347, 900, 721, 0, 0.94%, 11, 0, 2, 1431.21
1639520938, 1, 368, 900, 716, 0, 0.94%, 12, 0, 2, 1431.80
1639520943, 1, 404, 900, 707, 0, 0.94%, 12, 0, 2, 1440.00
1639520948, 1, 440, 900, 699, 0, 0.94%, 12, 0, 2, 1451.79
1639520953, 1, 474, 900, 694, 0, 0.94%, 12, 0, 2, 1451.58
1639520959, 1, 504, 900, 687, 0, 0.94%, 12, 0, 2, 1422.62
1639520964, 1, 523, 900, 682, 0, 0.94%, 12, 0, 2, 1429.16
1639520969, 1, 548, 900, 678, 0, 0.94%, 12, 0, 2, 1349.13
1639520974, 1, 567, 900, 670, 0, 0.94%, 12, 0, 2, 1338.84
1639520979, 1, 585, 900, 663, 0, 0.94%, 12, 0, 2, 1281.66
1639520984, 1, 599, 900, 658, 0, 0.94%, 12, 0, 2, 1215.26
1639520989, 1, 625, 900, 654, 0, 0.94%, 12, 0, 2, 1223.02
1639520994, 1, 653, 900, 650, 0, 0.94%, 12, 0, 2, 1280.42
1639520999, 1, 675, 900, 645, 0, 0.94%, 14, 0, 2, 1314.49
1639521004, 1, 700, 900, 638, 0, 0.94%, 15, 0, 2, 1348.02
1639521009, 1, 721, 900, 632, 0, 0.94%, 16, 0, 2, 1375.14
1639521014, 1, 748, 900, 627, 0, 0.94%, 16, 0, 2, 1423.36
1639521019, 1, 762, 900, 624, 0, 0.94%, 16, 0, 2, 1428.61
1639521025, 1, 805, 900, 618, 0, 0.94%, 16, 0, 2, 1461.29
1639521030, 1, 832, 900, 610, 0, 0.94%, 16, 0, 2, 1439.04
1639521035, 1, 868, 900, 602, 0, 0.94%, 16, 0, 2, 1444.69
1639521040, 1, 886, 900, 596, 0, 0.94%, 16, 0, 2, 1439.04
1639521045, 2, 0, 900, 591, 0, 0.94%, 16, 0, 2, 1425.05
1639521050, 2, 44, 900, 586, 0, 0.94%, 16, 0, 2, 1443.33
1639521055, 2, 84, 900, 576, 0, 0.94%, 16, 0, 2, 1449.00
1639521061, 2, 110, 900, 570, 0, 0.94%, 16, 0, 2, 1400.15
1639521066, 2, 159, 900, 565, 0, 0.94%, 17, 0, 2, 1438.08
1639521071, 2, 200, 900, 557, 0, 0.94%, 17, 0, 2, 1408.52
1639521076, 2, 252, 900, 552, 0, 0.94%, 17, 0, 2, 1409.73
1639521081, 2, 289, 900, 547, 0, 0.94%, 17, 0, 2, 1410.30
1639521086, 2, 318, 900, 543, 0, 0.94%, 17, 0, 2, 1387.04
1639521091, 2, 362, 900, 538, 0, 0.94%, 17, 0, 2, 1377.42
1639521096, 2, 385, 900, 532, 0, 0.94%, 17, 0, 2, 1392.98
1639521101, 2, 421, 900, 523, 0, 0.94%, 17, 0, 2, 1427.09
1639521106, 2, 469, 900, 518, 0, 0.94%, 17, 0, 2, 1425.08
1639521112, 2, 508, 900, 514, 0, 0.94%, 18, 0, 2, 1393.19
