# unix_time, cycles_done, cur_path, paths_total, pending_total, pending_favs, map_size, unique_crashes, unique_hangs, max_depth, execs_per_sec
1639473758, 0, 0, 523, 523, 88, 0.87%, 0, 0, 1, 1185.27
1639473763, 0, 56, 523, 513, 78, 0.87%, 5, 0, 1, 1348.16
1639473768, 0, 128, 523, 504, 69, 0.87%, 8, 0, 1, 1402.01
1639473773, 0, 196, 523, 495, 60, 0.87%, 8, 0, 1, 1404.75
1639473778, 0, 262, 523, 484, 50, 0.87%, 8, 0, 1, 1411.88
1639473784, 0, 299, 524, 478, 43, 0.87%, 8, 0, 2, 1410.73
1639473789, 0, 370, 524, 470, 36, 0.87%, 8, 0, 2, 1407.25
1639473794, 0, 403, 524, 460, 27, 0.87%, 8, 0, 2, 1354.32
1639473799, 0, 439, 524, 452, 19, 0.87%, 8, 0, 2, 1307.22
1639473804, 0, 461, 524, 445, 12, 0.87%, 8, 0, 2, 1338.08
1639473809, 0, 512, 525, 435, 2, 0.87%, 8, 0, 2, 1324.95
1639473814, 1, 22, 525, 430, 0, 0.87%, 8, 0, 2, 1380.46
1639473819, 1, 41, 525, 425, 0, 0.87%, 8, 0, 2, 1391.62
1639473824, 1, 70, 525, 420, 0, 0.87%, 9, 0, 2, 1387.50
1639473829, 1, 100, 525, 413, 0, 0.87%, 9, 0, 2, 1385.47
1639473835, 1, 124, 525, 406, 0, 0.87%, 10, 0, 2, 1416.38
1639473840, 1, 133, 525, 403, 0, 0.87%, 10, 0, 2, 1403.26
1639473845, 1, 152, 525, 398, 0, 0.87%, 10, 0, 2, 1402.03
1639473850, 1, 190, 525, 389, 0, 0.87%, 10, 0, 2, 1415.99
1639473855, 1, 211, 525, 384, 0, 0.87%, 10, 0, 2, 1388.96
1639473860, 1, 243, 526, 378, 0, 0.87%, 10, 0, 2, 1364.88
1639473865, 1, 263, 526, 373, 0, 0.87%, 10, 0, 2, 1429.18
1639473870, 1, 293, 527, 369, 0, 0.87%, 10, 0, 2, 1405.79
1639473876, 1, 310, 527, 367, 0, 0.87%, 10, 0, 2, 1283.19
1639473881, 1, 343, 527, 360, 0, 0.87%, 10, 0, 2, 1286.18
1639473886, 1, 369, 527, 352, 0, 0.87%, 10, 0, 2, 1374.03
1639473891, 1, 381, 527, 348, 0, 0.87%, 10, 0, 2, 1360.55
1639473896, 1, 400, 527, 344, 0, 0.87%, 10, 0, 2, 1357.37
1639473901, 1, 416, 527, 340, 0, 0.87%, 10, 0, 2, 1353.49
1639473906, 1, 431, 527, 335, 0, 0.87%, 10, 0, 2, 1362.88
1639473911, 1, 447, 527, 331, 0, 0.87%, 10, 0, 2, 1364.69
1639473916, 1, 469, 527, 327, 0, 0.87%, 10, 0, 2, 1353.86
1639473921, 1, 493, 527, 325, 0, 0.87%, 11, 0, 2, 1308.30
1639473926, 1, 516, 527, 320, 0, 0.87%, 11, 0, 2, 1336.37
1639473931, 2, 13, 527, 314, 0, 0.87%, 11, 0, 2, 1346.11
1639473936, 2, 29, 527, 308, 0, 0.87%, 11, 0, 2, 1341.64
1639473941, 2, 51, 529, 307, 0, 0.87%, 11, 0, 2, 1345.90
1639473946, 2, 79, 529, 302, 0, 0.87%, 11, 0, 2, 1352.28
1639473952, 2, 107, 530, 295, 0, 0.87%, 12, 0, 2, 1309.19
1639473957, 2, 136, 530, 292, 0, 0.87%, 12, 0, 2, 1341.54
1639473962, 2, 153, 530, 287, 0, 0.87%, 12, 0, 2, 1345.42
1639473967, 2, 184, 530, 280, 0, 0.87%, 12, 0, 2, 1336.40
1639473972, 2, 208, 530, 276, 0, 0.87%, 12, 0, 2, 1342.40
1639473977, 2, 232, 530, 271, 0, 0.87%, 12, 0, 2, 1347.94
1639473982, 2, 257, 530, 267, 0, 0.87%, 12, 0, 2, 1343.16
1639473987, 2, 272, 530, 264, 0, 0.87%, 12, 0, 2, 1350.03
1639473992, 2, 292, 530, 260, 0, 0.87%, 12, 0, 2, 1348.73
1639473997, 2, 309, 530, 256, 0, 0.87%, 12, 0, 2, 1349.30
1639474002, 2, 354, 530, 250, 0, 0.87%, 12, 0, 2, 1360.61
1639474008, 2, 389, 530, 247, 0, 0.87%, 12, 0, 2, 1348.22
1639474013, 2, 411, 530, 244, 0, 0.87%, 12, 0, 2, 1347.14
1639474018, 2, 435, 530, 242, 0, 0.87%, 12, 0, 2, 1413.30
1639474023, 2, 461, 530, 239, 0, 0.87%, 12, 0, 2, 1473.78
1639474028, 2, 481, 530, 234, 0, 0.87%, 12, 0, 2, 1324.86
1639474033, 2, 512, 530, 232, 0, 0.87%, 12, 0, 2, 1320.99
1639474038, 2, 527, 532, 232, 0, 0.87%, 12, 0, 3, 1346.63
1639474043, 3, 28, 532, 230, 0, 0.87%, 12, 0, 3, 1342.91
1639474048, 3, 60, 532, 227, 0, 0.87%, 12, 0, 3, 1337.65
1639474053, 3, 91, 532, 221, 0, 0.87%, 12, 0, 3, 1329.86
