# unix_time, cycles_done, cur_path, paths_total, pending_total, pending_favs, map_size, unique_crashes, unique_hangs, max_depth, execs_per_sec
1639512736, 0, 0, 1, 1, 1, 0.12%, 0, 0, 1, 1600.00
1639512742, 0, 0, 77, 77, 1, 0.44%, 3, 0, 2, 1435.37
1639512747, 0, 6, 98, 96, 38, 0.45%, 3, 0, 3, 1324.82
1639512752, 0, 17, 117, 112, 41, 0.49%, 3, 0, 3, 1303.76
1639512757, 0, 28, 130, 119, 34, 0.49%, 3, 0, 3, 1285.60
1639512762, 0, 50, 139, 118, 26, 0.49%, 3, 0, 3, 1296.38
1639512767, 0, 57, 154, 129, 23, 0.54%, 4, 0, 3, 1325.85
1639512772, 0, 60, 171, 144, 26, 0.55%, 7, 0, 3, 1371.30
1639512777, 0, 88, 180, 146, 21, 0.56%, 7, 0, 3, 1415.11
1639512782, 0, 115, 187, 148, 16, 0.56%, 7, 0, 4, 1432.22
1639512787, 0, 162, 196, 149, 10, 0.56%, 7, 0, 4, 1462.43
1639512793, 0, 177, 207, 158, 12, 0.58%, 7, 0, 4, 1446.78
1639512798, 0, 192, 212, 158, 8, 0.58%, 9, 0, 5, 1451.00
1639512803, 0, 193, 220, 165, 8, 0.59%, 9, 0, 5, 1470.69
1639512808, 0, 199, 227, 170, 11, 0.62%, 9, 0, 5, 1466.80
1639512813, 0, 201, 236, 178, 10, 0.62%, 9, 0, 5, 1465.37
1639512818, 0, 205, 237, 176, 9, 0.62%, 9, 0, 5, 1454.98
1639512823, 0, 210, 241, 178, 7, 0.62%, 9, 0, 6, 1439.64
1639512828, 0, 218, 247, 182, 12, 0.64%, 10, 0, 6, 1418.95
1639512833, 0, 225, 252, 184, 10, 0.65%, 10, 0, 6, 1425.62
1639512838, 0, 228, 256, 187, 10, 0.65%, 10, 0, 6, 1453.57
1639512843, 0, 232, 259, 189, 9, 0.65%, 11, 0, 6, 1438.09
1639512848, 0, 242, 263, 189, 7, 0.66%, 12, 0, 7, 1433.78
1639512853, 0, 245, 267, 190, 5, 0.66%, 12, 0, 7, 1413.91
1639512858, 0, 258, 270, 190, 2, 0.66%, 12, 0, 7, 1415.67
1639512864, 0, 270, 273, 190, 1, 0.67%, 12, 0, 9, 1387.73
1639512869, 0, 272, 276, 192, 1, 0.67%, 12, 0, 10, 1379.21
1639512874, 0, 274, 279, 194, 1, 0.67%, 12, 0, 11, 1418.76
1639512879, 1, 18, 280, 192, 0, 0.67%, 12, 0, 11, 1448.74
1639512884, 1, 40, 280, 189, 0, 0.67%, 12, 0, 11, 1464.45
1639512889, 1, 58, 282, 189, 0, 0.67%, 12, 0, 11, 1462.04
1639512894, 1, 83, 287, 188, 0, 0.67%, 12, 0, 11, 1952.08
1639512899, 1, 111, 287, 183, 0, 0.67%, 12, 0, 11, 1543.62
1639512904, 1, 132, 288, 179, 0, 0.67%, 12, 0, 11, 1364.54
1639512909, 1, 176, 288, 174, 0, 0.67%, 12, 0, 11, 1424.13
1639512914, 1, 259, 292, 176, 2, 0.67%, 12, 0, 11, 1460.78
1639512920, 1, 288, 295, 178, 2, 0.67%, 12, 0, 11, 1463.10
1639512925, 1, 289, 297, 179, 1, 0.67%, 12, 0, 11, 1473.91
1639512930, 1, 297, 299, 180, 0, 0.67%, 13, 0, 11, 1460.06
1639512935, 1, 298, 300, 180, 0, 0.67%, 13, 0, 11, 1472.94
1639512940, 2, 24, 300, 177, 0, 0.67%, 13, 0, 11, 1451.91
1639512945, 2, 54, 303, 177, 0, 0.67%, 14, 0, 11, 1394.24
1639512950, 2, 66, 303, 176, 0, 0.67%, 14, 0, 11, 1345.61
1639512955, 2, 98, 303, 170, 0, 0.67%, 14, 0, 11, 1374.37
1639512960, 2, 125, 305, 167, 0, 0.67%, 15, 0, 11, 1412.16
1639512965, 2, 156, 305, 163, 0, 0.67%, 15, 0, 11, 1420.42
1639512970, 2, 194, 305, 161, 0, 0.67%, 16, 0, 11, 1418.37
1639512975, 2, 203, 305, 159, 0, 0.67%, 16, 0, 11, 1447.18
1639512980, 2, 209, 306, 159, 0, 0.67%, 16, 0, 11, 1439.68
1639512986, 2, 223, 309, 161, 0, 0.67%, 16, 0, 11, 1426.62
1639512991, 2, 233, 312, 164, 0, 0.67%, 16, 0, 11, 1426.76
1639512996, 2, 241, 312, 161, 0, 0.67%, 16, 0, 11, 1428.89
1639513001, 2, 245, 316, 165, 0, 0.67%, 16, 0, 11, 1410.99
1639513006, 2, 255, 317, 164, 0, 0.67%, 16, 0, 11, 1396.61
1639513011, 2, 263, 318, 164, 0, 0.67%, 16, 0, 11, 1437.44
1639513016, 2, 317, 319, 164, 1, 0.67%, 17, 0, 11, 1460.21
1639513021, 3, 27, 319, 160, 0, 0.67%, 17, 0, 11, 1470.87
1639513027, 3, 51, 322, 159, 0, 0.67%, 17, 0, 11, 1468.66
1639513032, 3, 66, 323, 158, 0, 0.67%, 17, 0, 11, 1458.54
