# unix_time, cycles_done, cur_path, paths_total, pending_total, pending_favs, map_size, unique_crashes, unique_hangs, max_depth, execs_per_sec
1639446892, 0, 0, 948, 948, 98, 0.92%, 0, 0, 1, 1179.47
1639446897, 0, 165, 948, 935, 86, 0.92%, 4, 0, 1, 1374.44
1639446902, 0, 231, 948, 925, 77, 0.92%, 4, 0, 1, 1408.73
1639446907, 0, 368, 948, 915, 69, 0.92%, 4, 0, 1, 1426.72
1639446912, 0, 446, 948, 905, 60, 0.92%, 4, 0, 1, 1428.88
1639446917, 0, 522, 948, 894, 49, 0.92%, 4, 0, 1, 1442.20
1639446922, 0, 585, 948, 886, 41, 0.92%, 4, 0, 1, 1439.11
1639446927, 0, 662, 948, 878, 34, 0.92%, 5, 0, 1, 1446.66
1639446933, 0, 737, 948, 870, 26, 0.92%, 5, 0, 1, 1422.29
1639446938, 0, 837, 948, 860, 16, 0.92%, 6, 0, 1, 1424.12
1639446943, 0, 906, 948, 849, 5, 0.92%, 6, 0, 1, 1434.43
1639446948, 1, 4, 948, 841, 0, 0.92%, 7, 0, 1, 1428.49
1639446953, 1, 37, 949, 832, 0, 0.92%, 7, 0, 2, 1444.04
1639446958, 1, 86, 949, 823, 0, 0.92%, 7, 0, 2, 1435.76
1639446963, 1, 113, 949, 818, 0, 0.92%, 7, 0, 2, 1418.38
1639446968, 1, 140, 949, 812, 0, 0.92%, 8, 0, 2, 1399.38
1639446974, 1, 192, 949, 806, 0, 0.92%, 8, 0, 2, 1369.51
1639446979, 1, 222, 949, 802, 0, 0.92%, 8, 0, 2, 1405.25
1639446984, 1, 247, 950, 797, 0, 0.92%, 8, 0, 2, 1419.87
1639446989, 1, 272, 951, 793, 0, 0.92%, 8, 0, 2, 1399.66
1639446994, 1, 306, 951, 786, 0, 0.92%, 8, 0, 2, 1392.74
1639446999, 1, 330, 951, 779, 0, 0.92%, 8, 0, 2, 1415.45
1639447004, 1, 348, 951, 772, 0, 0.92%, 11, 0, 2, 1423.26
1639447009, 1, 372, 951, 767, 0, 0.92%, 11, 0, 2, 1405.87
1639447014, 1, 397, 951, 759, 0, 0.92%, 12, 0, 2, 1432.25
1639447019, 1, 418, 951, 753, 0, 0.92%, 12, 0, 2, 1444.29
1639447024, 1, 450, 951, 746, 0, 0.92%, 12, 0, 2, 1441.61
1639447030, 1, 483, 951, 743, 0, 0.92%, 12, 0, 2, 1443.80
1639447035, 1, 514, 951, 735, 0, 0.92%, 13, 0, 2, 1361.94
1639447040, 1, 546, 951, 729, 0, 0.92%, 13, 0, 2, 1385.33
1639447045, 1, 562, 951, 724, 0, 0.92%, 13, 0, 2, 1420.24
1639447050, 1, 586, 951, 719, 0, 0.92%, 13, 0, 2, 1437.20
1639447055, 1, 603, 951, 713, 0, 0.92%, 13, 0, 2, 1420.25
1639447061, 1, 633, 951, 707, 0, 0.92%, 13, 0, 2, 1428.96
1639447066, 1, 662, 951, 700, 0, 0.92%, 13, 0, 2, 1421.25
1639447071, 1, 687, 951, 695, 0, 0.92%, 13, 0, 2, 1433.59
1639447076, 1, 723, 951, 688, 0, 0.92%, 13, 0, 2, 1441.51
1639447081, 1, 748, 951, 682, 0, 0.92%, 13, 0, 2, 1438.01
1639447086, 1, 791, 951, 674, 0, 0.92%, 13, 0, 2, 1420.35
1639447091, 1, 812, 951, 669, 0, 0.92%, 13, 0, 2, 1430.54
1639447096, 1, 839, 951, 663, 0, 0.92%, 14, 0, 2, 1419.97
1639447101, 1, 872, 951, 658, 0, 0.92%, 14, 0, 2, 1419.67
1639447107, 1, 899, 951, 650, 0, 0.92%, 14, 0, 2, 1436.55
1639447112, 1, 912, 951, 647, 0, 0.92%, 14, 0, 2, 1426.29
1639447117, 1, 935, 951, 642, 0, 0.92%, 14, 0, 2, 1425.80
1639447122, 2, 33, 951, 634, 0, 0.92%, 14, 0, 2, 1426.01
1639447127, 2, 83, 951, 625, 0, 0.92%, 14, 0, 2, 1430.51
1639447132, 2, 120, 951, 617, 0, 0.92%, 14, 0, 2, 1744.66
1639447137, 2, 137, 951, 611, 0, 0.92%, 14, 0, 2, 1498.11
1639447142, 2, 167, 951, 603, 0, 0.92%, 14, 0, 2, 1419.79
1639447147, 2, 202, 951, 598, 0, 0.92%, 14, 0, 2, 1435.57
1639447152, 2, 223, 951, 591, 0, 0.92%, 14, 0, 2, 1430.06
1639447157, 2, 261, 951, 586, 0, 0.92%, 14, 0, 2, 1427.97
1639447163, 2, 286, 951, 578, 0, 0.92%, 14, 0, 2, 1445.44
1639447168, 2, 320, 951, 571, 0, 0.92%, 14, 0, 2, 1432.85
1639447173, 2, 367, 951, 565, 0, 0.92%, 14, 0, 2, 1403.17
1639447178, 2, 397, 951, 560, 0, 0.92%, 14, 0, 2, 1428.31
1639447183, 2, 444, 951, 553, 0, 0.92%, 15, 0, 2, 1436.55
