# unix_time, cycles_done, cur_path, paths_total, pending_total, pending_favs, map_size, unique_crashes, unique_hangs, max_depth, execs_per_sec
1639450750, 0, 0, 1, 1, 1, 0.12%, 0, 0, 1, 727.27
1639450756, 0, 0, 81, 81, 1, 0.41%, 4, 0, 2, 1217.88
1639450761, 0, 16, 113, 106, 38, 0.49%, 4, 0, 3, 1353.56
1639450766, 0, 34, 119, 106, 34, 0.50%, 4, 0, 3, 1410.68
1639450771, 0, 51, 140, 117, 26, 0.50%, 5, 0, 3, 1388.27
1639450776, 0, 67, 153, 123, 24, 0.52%, 5, 0, 3, 1413.54
1639450781, 0, 84, 163, 128, 17, 0.52%, 5, 0, 3, 1405.49
1639450786, 0, 106, 170, 133, 15, 0.53%, 5, 0, 4, 1237.76
1639450791, 0, 142, 173, 128, 9, 0.53%, 5, 0, 4, 1337.04
1639450796, 0, 150, 180, 132, 7, 0.53%, 5, 0, 4, 1370.34
1639450801, 0, 166, 187, 135, 6, 0.55%, 5, 0, 5, 1350.10
1639450807, 0, 167, 189, 136, 9, 0.55%, 5, 0, 5, 1340.22
1639450812, 0, 181, 191, 135, 6, 0.55%, 5, 0, 5, 1365.06
1639450817, 0, 188, 191, 131, 3, 0.55%, 6, 0, 5, 1413.44
1639450822, 1, 133, 193, 128, 0, 0.55%, 6, 0, 5, 1371.53
1639450827, 1, 193, 198, 130, 1, 0.56%, 6, 0, 5, 1385.47
1639450832, 1, 196, 202, 133, 3, 0.57%, 6, 0, 6, 1399.93
1639450837, 1, 197, 206, 136, 2, 0.58%, 6, 0, 6, 1359.86
1639450842, 1, 197, 212, 142, 2, 0.61%, 6, 0, 6, 1381.89
1639450847, 1, 204, 215, 143, 8, 0.61%, 6, 0, 7, 1385.46
1639450852, 1, 206, 220, 146, 7, 0.63%, 8, 0, 7, 1397.03
1639450857, 1, 207, 226, 151, 11, 0.63%, 8, 0, 7, 1403.46
1639450863, 1, 210, 229, 152, 11, 0.63%, 8, 0, 7, 1405.47
1639450868, 1, 211, 231, 153, 10, 0.63%, 8, 0, 7, 1406.60
1639450873, 1, 214, 239, 160, 9, 0.64%, 8, 0, 8, 1388.90
1639450878, 1, 218, 240, 157, 8, 0.64%, 8, 0, 8, 1955.73
1639450883, 1, 226, 242, 157, 6, 0.67%, 8, 0, 8, 1900.49
1639450888, 1, 233, 249, 162, 5, 0.68%, 9, 0, 9, 1453.48
1639450893, 1, 233, 252, 165, 5, 0.69%, 9, 0, 9, 1378.73
1639450898, 1, 234, 256, 168, 8, 0.69%, 9, 0, 9, 1381.28
1639450903, 1, 234, 257, 169, 8, 0.69%, 9, 0, 9, 1351.22
1639450908, 1, 241, 270, 181, 8, 0.70%, 9, 0, 9, 1340.13
1639450913, 1, 244, 272, 182, 17, 0.70%, 9, 0, 10, 1325.24
1639450919, 1, 246, 275, 184, 17, 0.70%, 9, 0, 10, 1347.52
1639450929, 1, 250, 277, 184, 16, 0.70%, 9, 0, 10, 1301.17
1639450934, 1, 250, 280, 187, 16, 0.70%, 10, 0, 10, 1331.04
1639450939, 1, 251, 281, 187, 16, 0.70%, 10, 0, 10, 1331.85
1639450944, 1, 253, 283, 188, 15, 0.70%, 10, 0, 10, 1359.72
1639450949, 1, 253, 284, 189, 15, 0.70%, 10, 0, 10, 1335.56
1639450954, 1, 257, 288, 192, 14, 0.71%, 11, 0, 10, 1325.23
1639450960, 1, 259, 290, 192, 12, 0.71%, 11, 0, 10, 1327.68
1639450965, 1, 263, 291, 191, 10, 0.71%, 11, 0, 10, 1338.37
1639450970, 1, 264, 291, 190, 9, 0.71%, 11, 0, 10, 1399.89
1639450975, 1, 267, 292, 189, 7, 0.71%, 11, 0, 10, 1406.33
1639450980, 1, 270, 292, 188, 5, 0.71%, 11, 0, 10, 1402.58
1639450985, 1, 275, 294, 189, 4, 0.71%, 11, 0, 11, 1394.31
1639450995, 1, 277, 296, 190, 3, 0.71%, 12, 0, 11, 1338.64
1639451000, 1, 286, 298, 191, 2, 0.71%, 12, 0, 11, 1368.89
1639451005, 1, 287, 305, 197, 1, 0.71%, 12, 0, 11, 1381.45
1639451010, 1, 300, 306, 197, 1, 0.71%, 12, 0, 12, 1377.71
1639451015, 1, 300, 307, 198, 1, 0.71%, 12, 0, 12, 1399.23
1639451020, 1, 306, 309, 199, 2, 0.71%, 12, 0, 13, 1385.74
1639451025, 1, 307, 309, 198, 3, 0.71%, 12, 0, 13, 1399.08
1639451031, 1, 308, 311, 199, 2, 0.71%, 12, 0, 14, 1455.02
1639451036, 2, 205, 317, 201, 0, 0.71%, 12, 0, 14, 1403.40
1639451041, 2, 213, 317, 201, 0, 0.71%, 12, 0, 14, 1402.29
1639451046, 2, 222, 317, 200, 0, 0.71%, 12, 0, 14, 1354.78
