# unix_time, cycles_done, cur_path, paths_total, pending_total, pending_favs, map_size, unique_crashes, unique_hangs, max_depth, execs_per_sec
1639522988, 0, 0, 1, 1, 1, 0.12%, 0, 0, 1, 2000.00
1639522993, 0, 0, 58, 58, 1, 0.34%, 11, 0, 2, 1375.47
1639522999, 0, 8, 68, 63, 24, 0.34%, 14, 0, 3, 1246.01
1639523004, 0, 22, 79, 69, 19, 0.34%, 14, 0, 3, 1165.22
1639523009, 0, 28, 86, 73, 16, 0.34%, 14, 0, 3, 1161.89
1639523014, 0, 41, 93, 72, 9, 0.34%, 14, 0, 3, 1216.13
1639523019, 0, 54, 102, 77, 7, 0.34%, 16, 0, 3, 1095.37
1639523024, 0, 54, 105, 80, 7, 0.34%, 17, 0, 3, 1060.05
1639523029, 0, 92, 113, 84, 5, 0.34%, 17, 0, 4, 1025.89
1639523034, 0, 93, 120, 90, 4, 0.36%, 17, 0, 4, 1136.32
1639523039, 0, 101, 129, 97, 5, 0.37%, 18, 0, 4, 1097.02
1639523044, 0, 101, 132, 100, 5, 0.37%, 18, 0, 4, 1114.24
1639523049, 0, 117, 135, 100, 7, 0.40%, 18, 0, 5, 1158.40
1639523054, 0, 126, 143, 106, 6, 0.40%, 18, 0, 5, 1104.74
1639523059, 0, 126, 144, 107, 6, 0.40%, 18, 0, 5, 1076.94
1639523065, 0, 128, 151, 112, 9, 0.41%, 18, 0, 5, 1108.21
1639523070, 0, 131, 159, 119, 10, 0.42%, 18, 0, 5, 1070.21
1639523075, 0, 132, 167, 126, 15, 0.43%, 19, 0, 6, 1144.44
1639523080, 0, 139, 173, 131, 16, 0.43%, 19, 0, 6, 1141.88
1639523085, 0, 149, 174, 129, 14, 0.44%, 19, 0, 6, 1159.34
1639523090, 0, 151, 176, 129, 13, 0.44%, 19, 0, 6, 1151.74
1639523095, 0, 153, 181, 133, 12, 0.45%, 19, 0, 6, 1196.74
1639523100, 0, 161, 184, 134, 12, 0.45%, 19, 0, 6, 1166.04
1639523105, 0, 166, 185, 131, 8, 0.45%, 19, 0, 7, 1119.35
1639523110, 0, 170, 188, 132, 6, 0.45%, 19, 0, 7, 1133.71
1639523115, 0, 181, 194, 135, 3, 0.45%, 19, 0, 7, 1138.07
1639523125, 0, 184, 202, 141, 4, 0.46%, 19, 0, 8, 1077.91
1639523130, 0, 194, 206, 143, 3, 0.46%, 19, 0, 8, 1054.05
1639523135, 0, 203, 212, 147, 3, 0.47%, 19, 0, 9, 1079.70
1639523140, 0, 206, 213, 147, 3, 0.47%, 19, 0, 9, 1068.16
1639523145, 0, 211, 220, 152, 7, 0.51%, 19, 0, 10, 1087.50
1639523150, 0, 213, 226, 157, 7, 0.52%, 19, 0, 10, 1075.69
1639523155, 0, 216, 226, 155, 8, 0.52%, 19, 0, 10, 1070.87
1639523160, 0, 219, 229, 155, 7, 0.53%, 19, 0, 10, 1103.57
1639523165, 0, 220, 230, 155, 6, 0.53%, 19, 0, 11, 1109.59
1639523171, 0, 223, 234, 156, 4, 0.53%, 19, 0, 11, 1138.80
1639523176, 0, 227, 234, 154, 2, 0.53%, 19, 0, 11, 1088.95
1639523181, 0, 235, 237, 156, 1, 0.53%, 19, 0, 12, 1013.66
1639523186, 0, 237, 238, 156, 1, 0.53%, 19, 0, 12, 1028.20
1639523191, 1, 16, 238, 155, 0, 0.53%, 19, 0, 12, 1072.79
1639523196, 1, 35, 238, 153, 0, 0.53%, 19, 0, 12, 1097.69
1639523201, 1, 56, 238, 151, 0, 0.53%, 19, 0, 12, 1089.93
1639523206, 1, 72, 239, 146, 0, 0.53%, 19, 0, 12, 1045.02
1639523211, 1, 97, 240, 142, 0, 0.53%, 19, 0, 12, 1035.29
1639523216, 1, 114, 241, 139, 0, 0.53%, 19, 0, 12, 1094.34
1639523221, 1, 131, 242, 139, 0, 0.53%, 19, 0, 12, 1128.50
1639523226, 1, 147, 242, 137, 0, 0.53%, 19, 0, 12, 1122.98
1639523231, 1, 150, 246, 139, 0, 0.53%, 19, 0, 12, 1134.97
1639523236, 1, 154, 247, 139, 0, 0.53%, 19, 0, 12, 1157.48
1639523241, 1, 163, 248, 139, 0, 0.53%, 19, 0, 12, 1146.49
1639523241, 1, 164, 248, 139, 0, 0.53%, 19, 0, 12, 0.00
1639523247, 1, 168, 248, 138, 0, 0.53%, 19, 0, 12, 1168.32
1639523252, 1, 177, 248, 137, 0, 0.53%, 20, 0, 12, 1522.15
1639523257, 1, 186, 250, 136, 0, 0.53%, 20, 0, 12, 1738.57
1639523262, 1, 194, 251, 134, 0, 0.53%, 20, 0, 12, 1197.07
1639523267, 1, 202, 251, 133, 0, 0.53%, 20, 0, 12, 1108.84
1639523272, 1, 206, 251, 132, 0, 0.53%, 20, 0, 12, 1173.67
1639523277, 1, 216, 251, 132, 0, 0.53%, 20, 0, 12, 1163.27
1639523282, 1, 219, 251, 132, 0, 0.53%, 20, 0, 12, 1133.91
1639523287, 1, 221, 251, 132, 0, 0.53%, 20, 0, 12, 1123.19
