# unix_time, cycles_done, cur_path, paths_total, pending_total, pending_favs, map_size, unique_crashes, unique_hangs, max_depth, execs_per_sec
1639595963, 0, 0, 848, 848, 100, 0.90%, 0, 0, 1, 994.87
1639595968, 0, 117, 848, 838, 90, 0.90%, 2, 0, 1, 1196.18
1639595973, 0, 182, 848, 831, 84, 0.90%, 3, 0, 1, 1296.54
1639595978, 0, 285, 848, 822, 75, 0.90%, 4, 0, 1, 1291.10
1639595983, 0, 339, 848, 813, 66, 0.90%, 5, 0, 1, 1291.51
1639595988, 0, 396, 848, 806, 60, 0.90%, 5, 0, 1, 1188.75
1639595994, 0, 492, 848, 795, 50, 0.90%, 6, 0, 1, 1166.04
1639595999, 0, 566, 848, 786, 42, 0.90%, 6, 0, 1, 1146.19
1639596004, 0, 609, 848, 781, 37, 0.90%, 7, 0, 1, 1105.63
1639596009, 0, 671, 848, 772, 28, 0.90%, 8, 0, 1, 1134.85
1639596014, 0, 725, 848, 765, 21, 0.90%, 8, 0, 1, 1175.04
1639596019, 0, 789, 848, 754, 10, 0.90%, 8, 0, 1, 1253.07
1639596024, 0, 816, 848, 747, 4, 0.90%, 8, 0, 1, 1220.37
1639596029, 1, 6, 848, 739, 0, 0.90%, 8, 0, 1, 1253.51
1639596034, 1, 31, 848, 733, 0, 0.90%, 8, 0, 1, 1290.13
1639596039, 1, 56, 848, 724, 0, 0.90%, 8, 0, 1, 1349.02
1639596045, 1, 83, 848, 718, 0, 0.90%, 8, 0, 1, 1410.22
1639596050, 1, 124, 848, 710, 0, 0.90%, 10, 0, 1, 1448.74
1639596055, 1, 155, 848, 704, 0, 0.90%, 10, 0, 1, 1444.41
1639596060, 1, 184, 848, 697, 0, 0.90%, 10, 0, 1, 1713.79
1639596065, 1, 227, 848, 688, 0, 0.90%, 10, 0, 1, 1510.81
1639596070, 1, 848, 849, 683, 1, 0.91%, 10, 0, 2, 1465.34
1639596075, 2, 24, 849, 676, 0, 0.91%, 11, 0, 2, 1449.22
1639596080, 2, 62, 849, 668, 0, 0.91%, 11, 0, 2, 1411.34
1639596085, 2, 94, 849, 660, 0, 0.91%, 11, 0, 2, 1452.10
1639596091, 2, 119, 849, 653, 0, 0.91%, 11, 0, 2, 1448.92
1639596096, 2, 150, 849, 645, 0, 0.91%, 11, 0, 2, 1446.70
1639596101, 2, 179, 849, 640, 0, 0.91%, 11, 0, 2, 1440.16
1639596106, 2, 210, 849, 635, 0, 0.91%, 12, 0, 2, 1445.93
1639596111, 2, 252, 849, 626, 0, 0.91%, 12, 0, 2, 1446.74
1639596116, 2, 280, 849, 621, 0, 0.91%, 12, 0, 2, 1454.54
1639596121, 2, 304, 849, 617, 0, 0.91%, 12, 0, 2, 1454.59
1639596126, 2, 334, 849, 612, 0, 0.91%, 12, 0, 2, 1463.44
1639596131, 2, 371, 849, 607, 0, 0.91%, 13, 0, 2, 1413.74
1639596136, 2, 388, 849, 602, 0, 0.91%, 13, 0, 2, 1415.35
1639596141, 2, 427, 849, 595, 0, 0.91%, 13, 0, 2, 1390.44
1639596146, 2, 451, 849, 586, 0, 0.91%, 13, 0, 2, 1373.03
1639596152, 2, 482, 849, 581, 0, 0.91%, 13, 0, 2, 1370.90
1639596157, 2, 514, 849, 573, 0, 0.91%, 13, 0, 2, 1404.46
1639596162, 2, 550, 849, 566, 0, 0.91%, 13, 0, 2, 1423.45
1639596167, 2, 590, 849, 560, 0, 0.91%, 13, 0, 2, 1450.88
1639596172, 2, 622, 849, 553, 0, 0.91%, 13, 0, 2, 1437.37
1639596177, 2, 647, 849, 549, 0, 0.91%, 14, 0, 2, 1391.54
1639596182, 2, 668, 849, 544, 0, 0.91%, 15, 0, 2, 1386.72
1639596187, 2, 698, 849, 537, 0, 0.91%, 15, 0, 2, 1436.40
1639596192, 2, 720, 850, 532, 0, 0.91%, 15, 0, 2, 1436.55
1639596198, 2, 754, 850, 527, 0, 0.91%, 17, 0, 2, 1468.82
1639596203, 2, 784, 850, 521, 0, 0.91%, 17, 0, 2, 1441.95
1639596208, 2, 805, 850, 515, 0, 0.91%, 17, 0, 2, 1430.43
1639596213, 2, 840, 850, 507, 0, 0.91%, 17, 0, 2, 1420.16
1639596218, 3, 37, 851, 506, 0, 0.91%, 17, 0, 3, 1410.78
1639596223, 3, 103, 851, 499, 0, 0.91%, 17, 0, 3, 1420.75
1639596228, 3, 128, 852, 496, 0, 0.91%, 17, 0, 3, 1458.77
1639596233, 3, 167, 852, 491, 0, 0.91%, 17, 0, 3, 1451.44
1639596239, 3, 182, 852, 485, 0, 0.91%, 17, 0, 3, 1460.79
1639596244, 3, 248, 852, 479, 0, 0.91%, 17, 0, 3, 1461.69
1639596249, 3, 270, 852, 475, 0, 0.91%, 17, 0, 3, 1425.21
1639596254, 3, 304, 852, 473, 0, 0.91%, 17, 0, 3, 1421.05
