# unix_time, cycles_done, cur_path, paths_total, pending_total, pending_favs, map_size, unique_crashes, unique_hangs, max_depth, execs_per_sec
1639549232, 0, 0, 1, 1, 1, 0.12%, 0, 0, 1, 1600.00
1639549237, 0, 0, 79, 79, 1, 0.44%, 4, 0, 2, 1465.71
1639549242, 0, 20, 103, 98, 37, 0.50%, 4, 0, 3, 1442.25
1639549247, 0, 28, 122, 112, 34, 0.51%, 4, 0, 3, 1450.70
1639549252, 0, 35, 137, 125, 33, 0.51%, 5, 0, 3, 1438.14
1639549257, 0, 49, 164, 143, 29, 0.53%, 6, 0, 3, 1432.72
1639549262, 0, 74, 173, 145, 23, 0.53%, 7, 0, 3, 1439.90
1639549267, 0, 98, 178, 142, 16, 0.53%, 7, 0, 4, 1458.51
1639549272, 0, 105, 180, 139, 12, 0.54%, 7, 0, 4, 1431.62
1639549277, 0, 152, 191, 145, 10, 0.54%, 7, 0, 4, 1469.02
1639549282, 0, 163, 194, 145, 8, 0.54%, 7, 0, 4, 1456.41
1639549287, 0, 170, 211, 161, 7, 0.57%, 7, 0, 4, 1464.17
1639549292, 0, 182, 217, 164, 14, 0.60%, 7, 0, 5, 1454.06
1639549297, 0, 191, 220, 163, 12, 0.60%, 7, 0, 5, 1423.55
1639549302, 0, 197, 225, 167, 11, 0.63%, 7, 0, 5, 1454.34
1639549307, 0, 200, 228, 168, 10, 0.63%, 7, 0, 5, 1478.27
1639549312, 0, 206, 235, 172, 7, 0.64%, 8, 0, 5, 1432.07
1639549318, 0, 212, 242, 178, 11, 0.65%, 9, 0, 5, 1444.61
1639549323, 0, 224, 243, 175, 8, 0.65%, 11, 0, 6, 1450.71
1639549328, 0, 231, 249, 178, 6, 0.66%, 13, 0, 6, 1396.06
1639549333, 0, 232, 252, 180, 6, 0.66%, 13, 0, 6, 1405.42
1639549338, 0, 237, 257, 183, 4, 0.66%, 13, 0, 6, 1431.81
1639549343, 0, 241, 260, 184, 2, 0.68%, 13, 0, 6, 1436.75
1639549348, 0, 247, 263, 186, 5, 0.69%, 13, 0, 7, 1412.49
1639549353, 0, 257, 270, 192, 5, 0.70%, 13, 0, 7, 1438.75
1639549358, 0, 261, 273, 192, 6, 0.70%, 13, 0, 7, 1458.07
1639549363, 0, 268, 275, 190, 3, 0.70%, 13, 0, 8, 1434.58
1639549368, 0, 274, 279, 192, 1, 0.71%, 13, 0, 9, 1458.52
1639549373, 0, 276, 280, 191, 3, 0.71%, 13, 0, 10, 1457.79
1639549378, 0, 277, 286, 196, 2, 0.72%, 13, 0, 10, 1475.22
1639549383, 0, 280, 289, 197, 2, 0.72%, 13, 0, 11, 1458.84
1639549388, 0, 281, 293, 200, 2, 0.72%, 14, 0, 11, 1469.84
1639549393, 0, 290, 295, 201, 1, 0.73%, 14, 0, 12, 1465.14
1639549398, 0, 290, 301, 207, 1, 0.74%, 14, 0, 12, 1451.56
1639549403, 0, 293, 307, 212, 3, 0.75%, 14, 0, 13, 1460.38
1639549408, 0, 298, 314, 218, 6, 0.76%, 14, 0, 13, 1422.87
1639549414, 0, 301, 315, 218, 8, 0.76%, 14, 0, 13, 1448.66
1639549419, 0, 305, 320, 221, 6, 0.77%, 14, 0, 14, 1457.97
1639549424, 0, 306, 325, 225, 8, 0.77%, 14, 0, 14, 2077.50
1639549429, 0, 309, 330, 229, 7, 0.77%, 14, 0, 14, 1523.85
1639549434, 0, 313, 333, 231, 7, 0.77%, 14, 0, 14, 1458.74
1639549439, 0, 316, 340, 236, 5, 0.77%, 14, 0, 15, 1419.43
1639549444, 0, 316, 343, 239, 5, 0.77%, 14, 0, 15, 1445.02
1639549449, 0, 319, 343, 238, 5, 0.77%, 14, 0, 15, 1440.79
1639549454, 0, 322, 344, 237, 4, 0.77%, 14, 0, 15, 1427.23
1639549459, 0, 322, 347, 240, 4, 0.78%, 14, 0, 15, 1415.97
1639549464, 0, 337, 349, 241, 4, 0.78%, 14, 0, 16, 1429.76
1639549475, 0, 345, 350, 240, 2, 0.78%, 15, 0, 16, 1441.93
1639549480, 0, 347, 352, 241, 1, 0.78%, 15, 0, 16, 1438.04
1639549485, 0, 347, 353, 242, 1, 0.78%, 15, 0, 16, 1438.07
1639549490, 0, 352, 357, 245, 1, 0.78%, 15, 0, 17, 1432.95
1639549495, 1, 11, 358, 244, 0, 0.78%, 15, 0, 17, 1455.42
1639549500, 1, 43, 359, 241, 0, 0.78%, 15, 0, 17, 1461.50
1639549505, 1, 66, 359, 237, 0, 0.78%, 16, 0, 17, 1478.29
1639549510, 1, 84, 359, 233, 0, 0.78%, 16, 0, 17, 1450.26
1639549515, 1, 106, 359, 229, 0, 0.78%, 16, 0, 17, 1415.77
1639549520, 1, 142, 359, 221, 0, 0.78%, 17, 0, 17, 1431.14
1639549525, 1, 173, 360, 216, 0, 0.78%, 17, 0, 17, 1445.01
1639549530, 1, 359, 360, 214, 1, 0.78%, 17, 0, 17, 1459.28
