# unix_time, cycles_done, cur_path, paths_total, pending_total, pending_favs, map_size, unique_crashes, unique_hangs, max_depth, execs_per_sec
1639477548, 0, 0, 745, 745, 90, 0.89%, 0, 0, 1, 1252.36
1639477553, 0, 68, 745, 734, 83, 0.89%, 2, 0, 1, 1370.47
1639477558, 0, 180, 745, 723, 72, 0.89%, 4, 0, 1, 1405.78
1639477563, 0, 265, 745, 713, 62, 0.89%, 4, 0, 1, 1397.91
1639477568, 0, 325, 745, 707, 56, 0.89%, 4, 0, 1, 1388.30
1639477574, 0, 378, 745, 699, 49, 0.89%, 4, 0, 1, 1407.45
1639477579, 0, 450, 745, 689, 40, 0.89%, 5, 0, 1, 1399.34
1639477584, 0, 529, 745, 679, 32, 0.89%, 5, 0, 1, 1380.28
1639477589, 0, 572, 745, 671, 25, 0.89%, 6, 0, 1, 1397.86
1639477594, 0, 679, 745, 659, 13, 0.89%, 6, 0, 1, 1404.66
1639477599, 0, 733, 745, 649, 3, 0.89%, 6, 0, 1, 1414.89
1639477604, 1, 25, 745, 640, 0, 0.89%, 6, 0, 1, 1410.29
1639477610, 1, 55, 745, 633, 0, 0.89%, 6, 0, 1, 1399.84
1639477615, 1, 87, 745, 626, 0, 0.89%, 6, 0, 1, 1396.68
1639477620, 1, 130, 745, 620, 0, 0.89%, 6, 0, 1, 1402.44
1639477625, 1, 171, 745, 612, 0, 0.89%, 7, 0, 1, 1358.45
1639477630, 1, 221, 745, 605, 0, 0.89%, 7, 0, 1, 1400.20
1639477635, 1, 238, 745, 601, 0, 0.89%, 7, 0, 1, 1398.31
1639477641, 1, 278, 745, 595, 0, 0.89%, 9, 0, 1, 1595.33
1639477646, 1, 733, 745, 587, 0, 0.89%, 9, 0, 1, 1432.75
1639477651, 2, 20, 745, 581, 0, 0.89%, 9, 0, 1, 1386.17
1639477656, 2, 60, 745, 575, 0, 0.89%, 9, 0, 1, 1392.78
1639477661, 2, 90, 745, 570, 0, 0.89%, 9, 0, 1, 1370.01
1639477667, 2, 125, 745, 566, 0, 0.89%, 9, 0, 1, 1376.92
1639477672, 2, 168, 745, 560, 0, 0.89%, 9, 0, 1, 1374.51
1639477677, 2, 205, 745, 552, 0, 0.89%, 9, 0, 1, 1376.28
1639477682, 2, 232, 745, 547, 0, 0.89%, 9, 0, 1, 1380.16
1639477687, 2, 255, 745, 543, 0, 0.89%, 9, 0, 1, 1407.54
1639477692, 2, 275, 745, 539, 0, 0.89%, 9, 0, 1, 1391.51
1639477697, 2, 310, 745, 533, 0, 0.89%, 9, 0, 1, 1404.86
1639477702, 2, 328, 745, 528, 0, 0.89%, 9, 0, 1, 1409.24
1639477707, 2, 360, 745, 522, 0, 0.89%, 9, 0, 1, 1414.67
1639477712, 2, 382, 745, 516, 0, 0.89%, 9, 0, 1, 1391.67
1639477717, 2, 408, 745, 509, 0, 0.89%, 9, 0, 1, 1401.82
1639477723, 2, 426, 745, 503, 0, 0.89%, 9, 0, 1, 1410.33
1639477728, 2, 444, 745, 495, 0, 0.89%, 9, 0, 1, 1410.79
1639477733, 2, 461, 745, 489, 0, 0.89%, 9, 0, 1, 1411.79
1639477738, 2, 488, 745, 484, 0, 0.89%, 9, 0, 1, 1396.39
1639477743, 2, 516, 745, 477, 0, 0.89%, 9, 0, 1, 1408.66
1639477748, 2, 531, 745, 472, 0, 0.89%, 10, 0, 1, 1408.48
1639477753, 2, 580, 745, 467, 0, 0.89%, 10, 0, 1, 1406.35
1639477758, 2, 599, 745, 461, 0, 0.89%, 10, 0, 1, 1410.10
1639477764, 2, 626, 745, 456, 0, 0.89%, 10, 0, 1, 1382.97
1639477769, 2, 673, 745, 450, 0, 0.89%, 10, 0, 1, 1384.18
1639477774, 2, 693, 745, 444, 0, 0.89%, 10, 0, 1, 1370.66
1639477779, 2, 720, 745, 439, 0, 0.89%, 10, 0, 1, 1368.30
1639477784, 3, 25, 745, 434, 0, 0.89%, 10, 0, 1, 1399.19
1639477789, 3, 79, 745, 430, 0, 0.89%, 10, 0, 1, 1364.31
1639477795, 3, 97, 745, 425, 0, 0.89%, 10, 0, 1, 1379.76
1639477800, 3, 115, 745, 422, 0, 0.89%, 10, 0, 1, 1392.21
1639477805, 3, 159, 745, 416, 0, 0.89%, 10, 0, 1, 1381.99
1639477810, 3, 203, 745, 410, 0, 0.89%, 10, 0, 1, 1324.75
1639477815, 3, 581, 746, 402, 1, 0.90%, 10, 0, 2, 1355.85
1639477820, 4, 28, 746, 398, 0, 0.90%, 10, 0, 2, 1370.47
1639477825, 4, 81, 746, 393, 0, 0.90%, 10, 0, 2, 1408.11
1639477830, 4, 127, 746, 392, 0, 0.90%, 10, 0, 2, 1428.25
1639477836, 4, 156, 746, 384, 0, 0.90%, 10, 0, 2, 1398.11
1639477841, 4, 193, 746, 381, 0, 0.90%, 10, 0, 2, 1377.44
