# unix_time, cycles_done, cur_path, paths_total, pending_total, pending_favs, map_size, unique_crashes, unique_hangs, max_depth, execs_per_sec
1639480899, 0, 0, 807, 807, 96, 0.90%, 0, 0, 1, 1241.06
1639480905, 0, 139, 807, 793, 82, 0.90%, 4, 0, 1, 1403.94
1639480910, 0, 187, 807, 785, 75, 0.90%, 5, 0, 1, 1418.99
1639480915, 0, 285, 807, 774, 65, 0.90%, 6, 0, 1, 1423.99
1639480920, 0, 343, 807, 767, 59, 0.90%, 6, 0, 1, 1406.71
1639480925, 0, 429, 807, 758, 51, 0.90%, 9, 0, 1, 1403.59
1639480930, 0, 520, 807, 750, 44, 0.90%, 9, 0, 1, 1424.53
1639480935, 0, 576, 807, 742, 36, 0.90%, 10, 0, 1, 1400.18
1639480940, 0, 633, 807, 734, 28, 0.90%, 10, 0, 1, 1404.38
1639480946, 0, 681, 807, 725, 20, 0.90%, 10, 0, 1, 1425.52
1639480951, 0, 732, 807, 717, 12, 0.90%, 10, 0, 1, 1413.11
1639480956, 0, 800, 807, 706, 2, 0.90%, 11, 0, 1, 2710.00
1639480961, 1, 35, 807, 694, 0, 0.90%, 11, 0, 1, 1762.84
1639480966, 1, 80, 807, 687, 0, 0.90%, 11, 0, 1, 1496.63
1639480971, 1, 107, 807, 678, 0, 0.90%, 11, 0, 1, 1433.22
1639480976, 1, 131, 807, 672, 0, 0.90%, 11, 0, 1, 1437.66
1639480981, 1, 157, 807, 667, 0, 0.90%, 11, 0, 1, 1411.00
1639480986, 1, 180, 808, 663, 0, 0.90%, 12, 0, 2, 1420.05
1639480991, 1, 209, 808, 655, 0, 0.90%, 12, 0, 2, 1374.65
1639480996, 1, 250, 808, 651, 0, 0.90%, 13, 0, 2, 1378.72
1639481002, 1, 285, 808, 645, 0, 0.90%, 13, 0, 2, 1420.85
1639481007, 1, 315, 808, 640, 0, 0.90%, 13, 0, 2, 1428.98
1639481012, 1, 343, 808, 635, 0, 0.90%, 13, 0, 2, 1416.84
1639481017, 1, 352, 808, 631, 0, 0.90%, 13, 0, 2, 1434.58
1639481022, 1, 401, 808, 622, 0, 0.90%, 13, 0, 2, 1437.40
1639481027, 1, 481, 808, 615, 1, 0.90%, 14, 0, 2, 1440.96
1639481032, 2, 107, 808, 606, 0, 0.90%, 14, 0, 2, 1415.68
1639481037, 2, 146, 808, 602, 0, 0.90%, 14, 0, 2, 1445.33
1639481042, 2, 184, 808, 598, 0, 0.90%, 14, 0, 2, 1439.75
1639481047, 2, 204, 808, 593, 0, 0.90%, 14, 0, 2, 1447.52
1639481052, 2, 224, 808, 586, 0, 0.90%, 14, 0, 2, 1422.48
1639481058, 2, 252, 808, 579, 0, 0.90%, 14, 0, 2, 1436.56
1639481063, 2, 277, 808, 572, 0, 0.90%, 14, 0, 2, 1437.06
1639481068, 2, 310, 808, 566, 0, 0.90%, 14, 0, 2, 1400.40
1639481073, 2, 343, 808, 560, 0, 0.90%, 14, 0, 2, 1417.83
1639481078, 2, 409, 808, 556, 0, 0.90%, 14, 0, 2, 1439.63
1639481083, 2, 429, 808, 552, 0, 0.90%, 14, 0, 2, 1443.96
1639481088, 2, 452, 808, 547, 0, 0.90%, 14, 0, 2, 1447.06
1639481093, 2, 476, 808, 536, 0, 0.90%, 14, 0, 2, 1438.22
1639481099, 2, 509, 808, 528, 0, 0.90%, 14, 0, 2, 1439.66
1639481104, 2, 533, 808, 522, 0, 0.90%, 14, 0, 2, 1431.86
1639481109, 2, 560, 808, 518, 0, 0.90%, 14, 0, 2, 1438.77
1639481114, 2, 588, 808, 513, 0, 0.90%, 15, 0, 2, 1438.49
1639481119, 2, 610, 808, 509, 0, 0.90%, 15, 0, 2, 1408.11
1639481124, 2, 634, 808, 505, 0, 0.90%, 15, 0, 2, 1437.10
1639481129, 3, 260, 808, 499, 1, 0.90%, 15, 0, 2, 1431.98
1639481134, 3, 297, 808, 494, 0, 0.90%, 15, 0, 2, 1434.16
1639481139, 3, 315, 808, 490, 0, 0.90%, 15, 0, 2, 1427.88
1639481144, 3, 354, 808, 486, 0, 0.90%, 15, 0, 2, 1431.34
1639481150, 3, 401, 808, 479, 0, 0.90%, 15, 0, 2, 1417.03
1639481155, 3, 430, 808, 477, 0, 0.90%, 15, 0, 2, 1425.33
1639481160, 3, 454, 809, 474, 0, 0.90%, 15, 0, 2, 1421.26
1639481165, 3, 499, 809, 467, 0, 0.90%, 15, 0, 2, 1420.80
1639481170, 3, 538, 809, 464, 0, 0.90%, 15, 0, 2, 1442.61
1639481175, 3, 556, 809, 459, 0, 0.90%, 15, 0, 2, 1447.41
1639481180, 3, 588, 809, 455, 0, 0.90%, 15, 0, 2, 1416.03
1639481185, 3, 602, 809, 452, 0, 0.90%, 15, 0, 2, 1423.48
1639481190, 3, 639, 809, 446, 0, 0.90%, 15, 0, 2, 1413.33
