# unix_time, cycles_done, cur_path, paths_total, pending_total, pending_favs, map_size, unique_crashes, unique_hangs, max_depth, execs_per_sec
1639439880, 0, 0, 815, 815, 80, 0.83%, 0, 0, 1, 1217.55
1639439885, 0, 146, 815, 803, 69, 0.83%, 3, 0, 1, 1385.29
1639439890, 0, 244, 815, 791, 57, 0.83%, 4, 0, 1, 1440.15
1639439895, 0, 385, 815, 779, 47, 0.83%, 4, 0, 1, 1777.43
1639439900, 0, 478, 816, 772, 40, 0.83%, 4, 0, 2, 1499.37
1639439905, 0, 578, 816, 762, 33, 0.83%, 5, 0, 2, 1437.33
1639439910, 0, 631, 817, 755, 25, 0.83%, 5, 0, 2, 1450.41
1639439915, 0, 704, 817, 744, 14, 0.83%, 5, 0, 2, 1454.84
1639439920, 0, 759, 817, 736, 6, 0.83%, 5, 0, 2, 1443.55
1639439926, 1, 5, 817, 728, 0, 0.83%, 5, 0, 2, 1417.55
1639439931, 1, 34, 817, 718, 0, 0.83%, 6, 0, 2, 1425.49
1639439936, 1, 64, 817, 711, 0, 0.83%, 6, 0, 2, 1421.55
1639439941, 1, 111, 817, 701, 0, 0.83%, 6, 0, 2, 1431.98
1639439946, 1, 146, 817, 694, 0, 0.83%, 6, 0, 2, 1439.69
1639439951, 1, 179, 817, 687, 0, 0.83%, 6, 0, 2, 1440.64
1639439956, 1, 224, 817, 681, 0, 0.83%, 6, 0, 2, 1426.66
1639439962, 1, 244, 817, 674, 0, 0.83%, 6, 0, 2, 1435.39
1639439967, 1, 258, 817, 668, 0, 0.83%, 6, 0, 2, 1441.11
1639439972, 1, 282, 817, 662, 0, 0.83%, 6, 0, 2, 1439.85
1639439977, 1, 312, 817, 655, 0, 0.83%, 6, 0, 2, 1442.43
1639439982, 1, 361, 817, 644, 0, 0.83%, 6, 0, 2, 1450.35
1639439987, 1, 379, 817, 636, 0, 0.83%, 6, 0, 2, 1431.66
1639439992, 1, 403, 817, 628, 0, 0.83%, 6, 0, 2, 1439.17
1639439997, 1, 416, 817, 622, 0, 0.83%, 6, 0, 2, 1434.68
1639440002, 1, 456, 817, 613, 0, 0.83%, 6, 0, 2, 1449.43
1639440008, 1, 516, 817, 606, 0, 0.83%, 6, 0, 2, 1449.64
1639440013, 1, 549, 817, 599, 0, 0.83%, 7, 0, 2, 1445.20
1639440018, 1, 587, 817, 592, 0, 0.83%, 7, 0, 2, 1434.89
1639440023, 1, 631, 818, 590, 1, 0.83%, 7, 0, 2, 1432.99
1639440028, 2, 3, 819, 586, 0, 0.83%, 7, 0, 3, 1417.03
1639440033, 2, 50, 819, 579, 0, 0.83%, 7, 0, 3, 1443.67
1639440038, 2, 89, 819, 570, 0, 0.83%, 8, 0, 3, 1440.86
1639440043, 2, 129, 819, 564, 0, 0.83%, 8, 0, 3, 1433.16
1639440048, 2, 151, 819, 558, 0, 0.83%, 8, 0, 3, 1425.04
1639440053, 2, 177, 819, 552, 0, 0.83%, 8, 0, 3, 1453.24
1639440058, 2, 207, 819, 545, 0, 0.83%, 8, 0, 3, 1412.72
1639440063, 2, 233, 820, 540, 0, 0.83%, 8, 0, 3, 1443.33
1639440069, 2, 260, 820, 538, 0, 0.83%, 8, 0, 3, 1450.09
1639440074, 2, 278, 820, 534, 0, 0.83%, 8, 0, 3, 1447.39
1639440079, 2, 309, 820, 526, 0, 0.83%, 8, 0, 3, 1430.43
1639440084, 2, 331, 820, 518, 0, 0.83%, 8, 0, 3, 1447.10
1639440089, 2, 375, 820, 510, 0, 0.83%, 8, 0, 3, 1448.96
1639440094, 2, 415, 820, 505, 0, 0.83%, 10, 0, 3, 1435.11
1639440099, 2, 436, 820, 499, 0, 0.83%, 10, 0, 3, 1436.12
1639440104, 2, 474, 820, 493, 0, 0.83%, 10, 0, 3, 1430.01
1639440109, 2, 541, 820, 488, 0, 0.83%, 11, 0, 3, 1429.79
1639440114, 2, 591, 820, 483, 0, 0.83%, 11, 0, 3, 1436.90
1639440119, 2, 602, 821, 481, 0, 0.83%, 11, 0, 3, 1440.73
1639440125, 2, 629, 821, 476, 0, 0.83%, 11, 0, 3, 1442.62
1639440130, 2, 661, 821, 470, 0, 0.83%, 12, 0, 3, 1448.77
1639440135, 2, 681, 821, 467, 0, 0.83%, 12, 0, 3, 1443.32
1639440140, 2, 704, 821, 460, 0, 0.83%, 12, 0, 3, 1417.25
1639440145, 2, 722, 821, 453, 0, 0.83%, 12, 0, 3, 1428.13
1639440150, 2, 746, 821, 448, 0, 0.83%, 12, 0, 3, 1443.19
1639440155, 2, 774, 821, 441, 0, 0.83%, 12, 0, 3, 1432.14
1639440160, 2, 801, 821, 435, 0, 0.83%, 12, 0, 3, 1415.41
1639440165, 2, 817, 822, 431, 0, 0.83%, 12, 0, 3, 1407.82
1639440170, 3, 85, 822, 425, 0, 0.83%, 12, 0, 3, 1429.60
