# unix_time, cycles_done, cur_path, paths_total, pending_total, pending_favs, map_size, unique_crashes, unique_hangs, max_depth, execs_per_sec
1639433906, 0, 0, 228, 228, 73, 0.54%, 0, 0, 1, 1274.63
1639433912, 0, 29, 234, 225, 63, 0.54%, 11, 0, 2, 1342.74
1639433917, 0, 56, 236, 219, 56, 0.54%, 15, 0, 2, 1402.67
1639433922, 0, 77, 241, 217, 49, 0.54%, 16, 0, 2, 1354.85
1639433927, 0, 111, 242, 207, 39, 0.54%, 18, 0, 2, 1355.87
1639433932, 0, 140, 245, 201, 30, 0.54%, 19, 0, 2, 1403.97
1639433937, 0, 175, 245, 191, 20, 0.54%, 20, 0, 2, 1381.68
1639433942, 0, 207, 246, 182, 10, 0.54%, 22, 0, 2, 1392.25
1639433947, 0, 233, 247, 173, 1, 0.54%, 22, 0, 2, 1402.93
1639433952, 1, 23, 249, 172, 0, 0.54%, 22, 0, 2, 1429.19
1639433957, 1, 34, 253, 172, 0, 0.54%, 22, 0, 2, 1417.16
1639433963, 1, 50, 254, 168, 0, 0.54%, 22, 0, 2, 1389.20
1639433968, 1, 68, 255, 167, 0, 0.54%, 22, 0, 2, 1376.51
1639433973, 1, 97, 255, 163, 0, 0.54%, 22, 0, 2, 1373.61
1639433978, 1, 116, 256, 159, 0, 0.54%, 22, 0, 2, 1389.59
1639433983, 1, 136, 256, 156, 0, 0.54%, 22, 0, 2, 1393.05
1639433988, 1, 157, 256, 152, 0, 0.54%, 22, 0, 2, 1388.65
1639433993, 1, 182, 258, 152, 0, 0.54%, 22, 0, 2, 1377.56
1639433998, 1, 206, 259, 150, 0, 0.54%, 23, 0, 2, 1387.35
1639434004, 1, 228, 260, 149, 0, 0.54%, 23, 0, 2, 1369.94
1639434009, 1, 249, 261, 147, 0, 0.54%, 23, 0, 3, 1405.32
1639434014, 2, 7, 261, 142, 0, 0.54%, 23, 0, 3, 1408.26
1639434019, 2, 27, 261, 139, 0, 0.54%, 23, 0, 3, 1372.34
1639434024, 2, 43, 261, 137, 0, 0.54%, 23, 0, 3, 1384.59
1639434029, 2, 66, 263, 138, 0, 0.54%, 23, 0, 3, 1380.71
1639434034, 2, 90, 264, 136, 0, 0.54%, 23, 0, 3, 1378.67
1639434039, 3, 6, 266, 134, 0, 0.54%, 23, 0, 3, 1384.99
1639434044, 3, 33, 266, 134, 0, 0.54%, 23, 0, 3, 1397.61
1639434050, 3, 50, 267, 133, 0, 0.54%, 23, 0, 3, 1420.45
1639434055, 3, 66, 267, 131, 0, 0.54%, 23, 0, 3, 1418.05
1639434060, 3, 90, 267, 128, 0, 0.54%, 24, 0, 3, 1413.55
1639434065, 3, 111, 267, 125, 0, 0.54%, 25, 0, 3, 1418.21
1639434070, 3, 128, 268, 121, 0, 0.54%, 26, 0, 3, 1411.98
1639434075, 3, 148, 268, 118, 0, 0.54%, 26, 0, 3, 1421.59
1639434080, 3, 166, 269, 117, 0, 0.54%, 26, 0, 3, 1414.45
1639434085, 3, 187, 269, 114, 0, 0.54%, 26, 0, 3, 1428.60
1639434090, 3, 211, 269, 112, 0, 0.54%, 26, 0, 3, 1414.56
1639434095, 3, 232, 269, 109, 0, 0.54%, 26, 0, 3, 1410.63
1639434100, 3, 254, 270, 107, 0, 0.54%, 26, 0, 3, 1430.07
1639434105, 3, 266, 270, 104, 0, 0.54%, 26, 0, 3, 1425.74
1639434110, 4, 14, 270, 99, 0, 0.54%, 26, 0, 3, 1418.86
1639434116, 4, 33, 271, 97, 0, 0.54%, 26, 0, 3, 1417.33
1639434121, 4, 56, 271, 97, 0, 0.54%, 26, 0, 3, 1409.15
1639434126, 4, 82, 272, 97, 0, 0.54%, 26, 0, 3, 1401.94
1639434131, 4, 116, 272, 95, 0, 0.54%, 26, 0, 3, 1402.73
1639434136, 4, 272, 273, 95, 1, 0.55%, 26, 0, 3, 1427.39
1639434141, 5, 17, 273, 91, 0, 0.55%, 26, 0, 3, 1414.50
1639434146, 5, 36, 273, 91, 0, 0.55%, 26, 0, 3, 1415.40
1639434151, 5, 60, 273, 90, 0, 0.55%, 26, 0, 3, 1392.42
1639434156, 5, 90, 273, 89, 0, 0.55%, 27, 0, 3, 1403.38
1639434161, 5, 116, 273, 88, 0, 0.55%, 27, 0, 3, 1408.48
1639434166, 5, 148, 273, 84, 0, 0.55%, 27, 0, 3, 1621.96
1639434171, 5, 164, 273, 83, 0, 0.55%, 27, 0, 3, 1440.97
1639434176, 5, 191, 273, 80, 0, 0.55%, 27, 0, 3, 1409.60
1639434181, 5, 211, 273, 78, 0, 0.55%, 27, 0, 3, 1380.91
1639434186, 5, 236, 275, 80, 0, 0.55%, 28, 0, 3, 1402.63
1639434191, 6, 22, 276, 79, 0, 0.55%, 29, 0, 3, 1406.17
1639434196, 6, 43, 276, 78, 0, 0.55%, 29, 0, 3, 1368.15
1639434201, 6, 66, 277, 79, 0, 0.55%, 29, 0, 3, 1407.88
