# unix_time, cycles_done, cur_path, paths_total, pending_total, pending_favs, map_size, unique_crashes, unique_hangs, max_depth, execs_per_sec
1639602089, 0, 0, 1, 1, 1, 0.12%, 0, 0, 1, 242.42
1639602094, 0, 0, 73, 73, 1, 0.43%, 6, 0, 2, 1088.73
1639602099, 0, 6, 93, 91, 38, 0.47%, 7, 0, 3, 1276.34
1639602104, 0, 32, 124, 112, 32, 0.51%, 7, 0, 3, 1370.17
1639602109, 0, 32, 128, 116, 32, 0.51%, 7, 0, 3, 1377.17
1639602114, 0, 55, 142, 121, 24, 0.52%, 7, 0, 3, 1361.57
1639602119, 0, 70, 151, 126, 22, 0.52%, 7, 0, 3, 1285.90
1639602125, 0, 92, 151, 119, 15, 0.52%, 8, 0, 3, 1248.73
1639602130, 0, 103, 158, 122, 12, 0.53%, 8, 0, 4, 1211.72
1639602135, 0, 128, 166, 127, 14, 0.54%, 8, 0, 4, 1184.22
1639602140, 0, 138, 170, 128, 14, 0.54%, 8, 0, 4, 1191.52
1639602145, 0, 149, 174, 128, 10, 0.54%, 8, 0, 4, 1106.24
1639602150, 0, 149, 179, 133, 10, 0.55%, 8, 0, 4, 1059.25
1639602155, 0, 153, 182, 135, 13, 0.56%, 8, 0, 5, 1028.07
1639602160, 0, 158, 185, 135, 10, 0.56%, 8, 0, 5, 994.49
1639602165, 0, 158, 186, 136, 10, 0.56%, 8, 0, 5, 932.31
1639602170, 0, 163, 188, 137, 10, 0.56%, 8, 0, 5, 942.31
1639602175, 0, 164, 193, 141, 9, 0.56%, 8, 0, 5, 996.11
1639602181, 0, 175, 197, 143, 8, 0.56%, 8, 0, 5, 1104.36
1639602186, 0, 175, 204, 150, 8, 0.57%, 8, 0, 5, 1254.19
1639602191, 0, 182, 209, 152, 9, 0.58%, 8, 0, 6, 1314.72
1639602196, 0, 200, 212, 151, 6, 0.58%, 8, 0, 6, 1383.47
1639602201, 0, 204, 217, 154, 6, 0.61%, 8, 0, 6, 1421.00
1639602206, 0, 211, 224, 158, 10, 0.63%, 8, 0, 7, 1438.15
1639602211, 0, 216, 231, 162, 8, 0.64%, 9, 0, 7, 1461.71
1639602216, 0, 216, 234, 165, 8, 0.64%, 9, 0, 7, 1455.74
1639602221, 0, 221, 234, 160, 6, 0.64%, 9, 0, 7, 1453.03
1639602226, 0, 230, 241, 163, 3, 0.65%, 9, 0, 8, 1391.09
1639602231, 0, 238, 245, 166, 3, 0.65%, 9, 0, 9, 1387.43
1639602236, 0, 242, 249, 169, 3, 0.65%, 9, 0, 9, 1334.00
1639602241, 0, 244, 252, 171, 3, 0.65%, 9, 0, 10, 1332.14
1639602246, 0, 248, 255, 173, 2, 0.65%, 9, 0, 10, 1346.51
1639602251, 0, 253, 256, 172, 3, 0.67%, 10, 0, 10, 1385.80
1639602257, 0, 255, 262, 177, 2, 0.69%, 10, 0, 11, 1384.89
1639602262, 0, 258, 265, 178, 7, 0.70%, 11, 0, 12, 1332.16
1639602267, 0, 260, 267, 178, 5, 0.71%, 11, 0, 12, 1334.76
1639602272, 0, 263, 271, 181, 6, 0.71%, 11, 0, 12, 1300.70
1639602277, 0, 263, 272, 182, 6, 0.71%, 11, 0, 12, 1304.41
1639602282, 0, 266, 273, 180, 3, 0.71%, 11, 0, 13, 1300.43
1639602287, 0, 267, 275, 181, 2, 0.71%, 11, 0, 13, 1314.18
1639602292, 0, 274, 279, 184, 2, 0.71%, 12, 0, 14, 1326.42
1639602297, 0, 278, 281, 185, 2, 0.72%, 13, 0, 15, 1340.72
1639602302, 1, 60, 281, 182, 1, 0.72%, 13, 0, 15, 1307.13
1639602307, 1, 79, 284, 181, 0, 0.75%, 14, 0, 15, 1288.76
1639602312, 1, 284, 286, 181, 2, 0.75%, 15, 0, 15, 1292.32
1639602317, 2, 19, 286, 177, 0, 0.75%, 15, 0, 15, 1281.81
1639602322, 2, 52, 286, 172, 0, 0.75%, 15, 0, 15, 1294.24
1639602327, 2, 66, 286, 170, 0, 0.75%, 15, 0, 15, 1302.54
1639602333, 2, 82, 287, 168, 0, 0.75%, 15, 0, 15, 1291.10
1639602338, 2, 103, 287, 167, 0, 0.75%, 15, 0, 15, 1298.15
1639602343, 2, 127, 288, 163, 0, 0.75%, 15, 0, 15, 1279.33
1639602348, 2, 142, 288, 158, 0, 0.75%, 15, 0, 15, 1323.35
1639602353, 2, 153, 288, 156, 0, 0.75%, 16, 0, 15, 1335.96
1639602358, 2, 163, 288, 156, 0, 0.75%, 16, 0, 15, 1348.54
1639602363, 2, 181, 290, 157, 0, 0.75%, 16, 0, 15, 1406.24
1639602368, 2, 189, 293, 158, 0, 0.76%, 16, 0, 15, 1383.27
1639602374, 2, 292, 303, 166, 1, 0.77%, 16, 0, 15, 1584.57
1639602379, 2, 305, 311, 172, 3, 0.77%, 16, 0, 15, 2191.69
1639602389, 2, 307, 316, 176, 3, 0.77%, 16, 0, 15, 1280.46
