# unix_time, cycles_done, cur_path, paths_total, pending_total, pending_favs, map_size, unique_crashes, unique_hangs, max_depth, execs_per_sec
1639435370, 0, 0, 1, 1, 1, 0.12%, 0, 0, 1, 1600.00
1639435375, 0, 0, 79, 79, 1, 0.47%, 4, 0, 2, 1424.81
1639435380, 0, 1, 94, 93, 40, 0.50%, 4, 0, 3, 1427.86
1639435385, 0, 24, 114, 104, 35, 0.51%, 4, 0, 3, 1357.55
1639435390, 0, 32, 129, 114, 35, 0.51%, 4, 0, 3, 1424.68
1639435395, 0, 48, 150, 127, 30, 0.53%, 4, 0, 3, 1420.01
1639435400, 0, 58, 156, 130, 27, 0.54%, 4, 0, 3, 1425.10
1639435406, 0, 76, 162, 129, 22, 0.54%, 4, 0, 3, 1419.25
1639435411, 0, 88, 182, 145, 22, 0.57%, 4, 0, 4, 1401.64
1639435416, 0, 130, 189, 144, 15, 0.57%, 5, 0, 4, 1414.42
1639435421, 0, 163, 191, 138, 9, 0.57%, 5, 0, 4, 1817.40
1639435426, 0, 168, 198, 143, 9, 0.59%, 5, 0, 5, 1493.97
1639435431, 0, 171, 203, 147, 11, 0.59%, 5, 0, 5, 1448.06
1639435436, 0, 191, 206, 146, 9, 0.59%, 5, 0, 5, 1439.87
1639435441, 0, 193, 216, 155, 12, 0.62%, 5, 0, 6, 1414.84
1639435446, 0, 196, 218, 155, 11, 0.62%, 5, 0, 6, 1422.60
1639435451, 0, 199, 224, 159, 10, 0.63%, 6, 0, 6, 1403.44
1639435456, 0, 201, 233, 167, 11, 0.64%, 7, 0, 6, 1410.47
1639435461, 0, 206, 234, 166, 12, 0.65%, 7, 0, 6, 1425.33
1639435466, 0, 216, 235, 163, 8, 0.65%, 7, 0, 7, 1425.03
1639435471, 0, 218, 240, 167, 7, 0.65%, 7, 0, 7, 1404.33
1639435476, 0, 229, 242, 166, 5, 0.65%, 8, 0, 7, 1409.81
1639435481, 0, 231, 245, 168, 5, 0.65%, 8, 0, 7, 1420.04
1639435486, 0, 233, 248, 170, 4, 0.65%, 8, 0, 7, 1416.94
1639435491, 0, 239, 253, 174, 3, 0.65%, 8, 0, 8, 1412.91
1639435496, 0, 241, 260, 180, 4, 0.65%, 8, 0, 8, 1420.51
1639435502, 0, 248, 263, 182, 3, 0.65%, 8, 0, 9, 1409.67
1639435507, 0, 250, 265, 183, 2, 0.65%, 8, 0, 9, 1434.95
1639435512, 1, 35, 265, 180, 0, 0.65%, 8, 0, 9, 1429.30
1639435517, 1, 63, 266, 180, 0, 0.65%, 8, 0, 9, 1427.37
1639435522, 1, 87, 267, 178, 0, 0.65%, 8, 0, 9, 1400.62
1639435527, 1, 118, 269, 177, 0, 0.65%, 9, 0, 9, 1350.55
1639435532, 1, 133, 271, 175, 0, 0.66%, 10, 0, 9, 1373.30
1639435537, 2, 11, 272, 170, 0, 0.66%, 10, 0, 9, 1410.03
1639435542, 2, 256, 275, 171, 1, 0.66%, 10, 0, 9, 1426.25
1639435547, 2, 272, 277, 172, 1, 0.66%, 10, 0, 9, 1408.60
1639435552, 2, 274, 280, 174, 0, 0.66%, 10, 0, 10, 1413.94
1639435557, 2, 280, 286, 179, 1, 0.67%, 10, 0, 11, 1418.03
1639435563, 2, 280, 287, 180, 1, 0.67%, 10, 0, 11, 1407.82
1639435568, 2, 283, 290, 182, 2, 0.67%, 10, 0, 12, 1417.12
1639435573, 2, 283, 291, 183, 2, 0.67%, 10, 0, 12, 1347.05
1639435578, 2, 285, 294, 185, 2, 0.67%, 10, 0, 12, 1394.11
1639435583, 2, 289, 296, 186, 2, 0.67%, 10, 0, 13, 1402.85
1639435588, 2, 289, 298, 188, 2, 0.70%, 10, 0, 13, 1430.35
1639435593, 2, 291, 309, 198, 12, 0.72%, 10, 0, 13, 1413.50
1639435598, 2, 293, 310, 198, 12, 0.72%, 10, 0, 13, 1396.41
1639435603, 2, 293, 312, 200, 12, 0.72%, 10, 0, 13, 1412.18
1639435609, 2, 293, 315, 203, 12, 0.72%, 11, 0, 13, 1387.78
1639435614, 2, 296, 315, 201, 11, 0.72%, 11, 0, 13, 1411.09
1639435619, 2, 298, 317, 202, 10, 0.73%, 11, 0, 14, 1423.40
1639435624, 2, 299, 320, 204, 9, 0.73%, 11, 0, 14, 1428.75
1639435629, 2, 301, 320, 203, 10, 0.73%, 11, 0, 14, 1419.83
1639435634, 2, 303, 321, 202, 9, 0.74%, 11, 0, 14, 1425.43
1639435639, 2, 304, 321, 201, 8, 0.74%, 11, 0, 14, 1423.47
1639435644, 2, 314, 324, 202, 6, 0.74%, 11, 0, 14, 1409.85
1639435649, 2, 315, 328, 205, 5, 0.74%, 11, 0, 15, 1429.33
1639435654, 2, 315, 329, 206, 5, 0.74%, 11, 0, 15, 1375.76
1639435659, 2, 316, 330, 206, 4, 0.74%, 11, 0, 15, 1408.27
1639435664, 2, 317, 330, 205, 3, 0.74%, 11, 0, 15, 1418.89
1639435669, 2, 319, 331, 205, 2, 0.74%, 11, 0, 15, 1398.59
