# unix_time, cycles_done, cur_path, paths_total, pending_total, pending_favs, map_size, unique_crashes, unique_hangs, max_depth, execs_per_sec
1639476029, 0, 0, 641, 641, 94, 0.89%, 0, 0, 1, 1182.66
1639476035, 0, 79, 641, 631, 84, 0.89%, 6, 0, 1, 1321.21
1639476040, 0, 131, 641, 621, 74, 0.89%, 7, 0, 1, 1340.43
1639476045, 0, 230, 641, 612, 65, 0.89%, 7, 0, 1, 1313.71
1639476050, 0, 301, 641, 605, 59, 0.89%, 7, 0, 1, 1328.77
1639476055, 0, 355, 641, 598, 52, 0.89%, 7, 0, 1, 1311.25
1639476060, 0, 392, 641, 591, 45, 0.89%, 7, 0, 1, 1334.69
1639476065, 0, 448, 641, 582, 37, 0.89%, 7, 0, 1, 1332.53
1639476070, 0, 513, 642, 570, 25, 0.89%, 7, 0, 2, 1317.26
1639476075, 0, 571, 642, 562, 17, 0.89%, 7, 0, 2, 1327.18
1639476081, 0, 619, 642, 552, 7, 0.89%, 7, 0, 2, 1309.51
1639476086, 1, 11, 642, 543, 0, 0.89%, 7, 0, 2, 1316.07
1639476091, 1, 50, 642, 536, 0, 0.89%, 8, 0, 2, 1312.49
1639476096, 1, 68, 642, 531, 0, 0.89%, 8, 0, 2, 1313.32
1639476101, 1, 89, 642, 528, 0, 0.89%, 8, 0, 2, 1309.86
1639476106, 1, 121, 642, 520, 0, 0.89%, 8, 0, 2, 1331.42
1639476111, 1, 138, 642, 517, 0, 0.89%, 8, 0, 2, 1323.98
1639476116, 1, 185, 642, 509, 0, 0.89%, 8, 0, 2, 1355.01
1639476121, 1, 212, 642, 505, 0, 0.89%, 8, 0, 2, 1302.71
1639476126, 1, 228, 642, 498, 0, 0.89%, 8, 0, 2, 1316.13
1639476131, 1, 270, 642, 489, 0, 0.89%, 8, 0, 2, 1510.92
1639476136, 1, 295, 643, 483, 0, 0.89%, 8, 0, 2, 1357.27
1639476141, 1, 315, 643, 478, 0, 0.89%, 8, 0, 2, 1315.32
1639476146, 1, 342, 643, 473, 0, 0.89%, 8, 0, 2, 1320.68
1639476151, 1, 362, 643, 470, 0, 0.89%, 8, 0, 2, 1345.00
1639476156, 1, 383, 643, 464, 0, 0.89%, 9, 0, 2, 1328.69
1639476161, 1, 394, 643, 462, 0, 0.89%, 9, 0, 2, 1317.58
1639476167, 1, 414, 643, 457, 0, 0.89%, 9, 0, 2, 1319.40
1639476172, 1, 437, 643, 450, 0, 0.89%, 9, 0, 2, 1319.52
1639476177, 1, 461, 643, 443, 0, 0.89%, 9, 0, 2, 1333.57
1639476182, 1, 490, 643, 440, 0, 0.89%, 10, 0, 2, 1340.62
1639476187, 1, 520, 643, 436, 0, 0.89%, 10, 0, 2, 1341.37
1639476192, 1, 539, 643, 428, 0, 0.89%, 10, 0, 2, 1324.10
1639476197, 1, 557, 643, 422, 0, 0.89%, 10, 0, 2, 1337.77
1639476202, 2, 380, 643, 419, 1, 0.89%, 10, 0, 2, 1312.16
1639476207, 2, 529, 643, 412, 0, 0.89%, 10, 0, 2, 1310.62
1639476212, 2, 557, 643, 408, 0, 0.89%, 10, 0, 2, 1322.64
1639476217, 2, 584, 643, 405, 0, 0.89%, 10, 0, 2, 1328.82
1639476223, 2, 609, 643, 399, 0, 0.89%, 10, 0, 2, 1361.38
1639476228, 2, 620, 643, 395, 0, 0.89%, 10, 0, 2, 1386.42
1639476233, 2, 644, 645, 394, 1, 0.89%, 10, 0, 3, 1380.79
1639476238, 3, 33, 645, 387, 0, 0.89%, 10, 0, 3, 1360.64
1639476243, 3, 62, 645, 382, 0, 0.89%, 10, 0, 3, 1360.59
1639476248, 3, 86, 645, 380, 0, 0.89%, 10, 0, 3, 1358.73
1639476253, 3, 120, 645, 375, 0, 0.89%, 10, 0, 3, 1387.47
1639476258, 3, 142, 645, 370, 0, 0.89%, 10, 0, 3, 1392.84
1639476263, 3, 169, 645, 363, 0, 0.89%, 10, 0, 3, 1390.98
1639476268, 3, 197, 645, 355, 0, 0.89%, 10, 0, 3, 1355.26
1639476274, 3, 227, 645, 352, 0, 0.89%, 10, 0, 3, 1385.94
1639476279, 3, 263, 645, 345, 0, 0.89%, 10, 0, 3, 1383.52
1639476284, 3, 287, 646, 342, 0, 0.89%, 10, 0, 3, 1390.92
1639476289, 3, 306, 646, 337, 0, 0.89%, 10, 0, 3, 1379.47
1639476294, 3, 342, 646, 332, 0, 0.89%, 10, 0, 3, 1400.30
1639476299, 3, 358, 646, 329, 0, 0.89%, 10, 0, 3, 1372.89
1639476305, 3, 386, 646, 325, 0, 0.89%, 10, 0, 3, 1370.84
1639476310, 3, 403, 646, 324, 0, 0.89%, 10, 0, 3, 1394.07
1639476315, 3, 437, 646, 318, 0, 0.89%, 10, 0, 3, 1395.48
1639476320, 3, 459, 646, 312, 0, 0.89%, 11, 0, 3, 1393.07
1639476325, 3, 479, 647, 308, 0, 0.89%, 12, 0, 3, 1402.14
