# unix_time, cycles_done, cur_path, paths_total, pending_total, pending_favs, map_size, unique_crashes, unique_hangs, max_depth, execs_per_sec
1639548930, 0, 0, 1, 1, 1, 0.12%, 0, 0, 1, 571.43
1639548935, 0, 0, 83, 83, 1, 0.47%, 4, 0, 2, 1230.12
1639548940, 0, 9, 108, 104, 40, 0.48%, 4, 0, 3, 1362.83
1639548945, 0, 16, 128, 120, 36, 0.49%, 5, 0, 3, 1408.35
1639548950, 0, 38, 140, 121, 27, 0.52%, 6, 0, 3, 1421.52
1639548955, 0, 55, 153, 127, 24, 0.54%, 6, 0, 3, 2216.83
1639548960, 0, 139, 165, 124, 10, 0.54%, 6, 0, 4, 2441.98
1639548966, 0, 148, 176, 130, 9, 0.57%, 6, 0, 4, 2499.78
1639548971, 0, 167, 194, 143, 12, 0.58%, 6, 0, 4, 2470.92
1639548976, 0, 176, 203, 145, 9, 0.61%, 6, 0, 5, 2527.57
1639548981, 0, 198, 205, 139, 2, 0.62%, 6, 0, 6, 2529.61
1639548986, 1, 59, 206, 132, 0, 0.62%, 7, 0, 6, 2538.88
1639548991, 3, 31, 212, 130, 0, 0.62%, 7, 0, 6, 2558.84
1639548996, 3, 92, 215, 129, 1, 0.62%, 7, 0, 6, 2580.26
1639549001, 4, 47, 215, 122, 0, 0.62%, 7, 0, 6, 2545.44
1639549007, 4, 116, 218, 115, 0, 0.62%, 8, 0, 6, 2564.92
1639549012, 4, 218, 224, 116, 2, 0.63%, 9, 0, 6, 2527.17
1639549017, 4, 225, 232, 122, 5, 0.64%, 9, 0, 6, 2379.93
1639549022, 4, 227, 235, 124, 4, 0.64%, 11, 0, 6, 2341.89
1639549027, 4, 228, 239, 127, 5, 0.64%, 12, 0, 6, 2355.53
1639549032, 4, 229, 243, 130, 4, 0.64%, 12, 0, 6, 2380.62
1639549037, 4, 231, 247, 133, 3, 0.64%, 12, 0, 6, 2372.63
1639549042, 4, 234, 250, 135, 2, 0.64%, 13, 0, 6, 2390.52
1639549047, 4, 235, 254, 138, 2, 0.65%, 14, 0, 7, 2311.94
1639549052, 5, 6, 254, 136, 0, 0.65%, 14, 0, 7, 2325.25
1639549058, 5, 76, 254, 133, 0, 0.65%, 14, 0, 7, 2369.40
1639549063, 5, 142, 254, 121, 0, 0.65%, 14, 0, 7, 2518.59
1639549068, 5, 173, 255, 118, 0, 0.65%, 14, 0, 7, 2497.83
1639549073, 5, 184, 257, 118, 0, 0.65%, 14, 0, 7, 2484.34
1639549078, 5, 204, 259, 118, 0, 0.65%, 14, 0, 7, 2421.32
1639549083, 5, 216, 263, 119, 0, 0.65%, 14, 0, 7, 2410.31
1639549088, 5, 226, 264, 119, 0, 0.65%, 14, 0, 7, 2522.05
1639549093, 5, 230, 264, 118, 0, 0.65%, 14, 0, 7, 2497.15
1639549098, 5, 236, 265, 118, 0, 0.65%, 14, 0, 7, 2447.01
1639549104, 5, 237, 265, 117, 0, 0.65%, 14, 0, 7, 2452.36
1639549109, 5, 251, 267, 117, 0, 0.65%, 14, 0, 8, 2424.44
1639549114, 5, 266, 268, 117, 1, 0.65%, 14, 0, 8, 2445.56
1639549119, 5, 267, 269, 117, 0, 0.65%, 14, 0, 9, 2457.33
1639549129, 6, 16, 269, 116, 0, 0.65%, 14, 0, 9, 1487.95
1639549134, 6, 58, 269, 114, 0, 0.65%, 14, 0, 9, 1461.71
1639549139, 6, 87, 270, 112, 0, 0.65%, 14, 0, 9, 1459.69
1639549144, 6, 158, 271, 108, 0, 0.65%, 14, 0, 9, 1422.66
1639549149, 6, 170, 271, 105, 0, 0.65%, 14, 0, 9, 1415.68
1639549154, 7, 31, 272, 102, 0, 0.65%, 14, 0, 9, 1425.18
1639549160, 7, 61, 272, 100, 0, 0.65%, 14, 0, 9, 1435.87
1639549165, 7, 119, 272, 96, 0, 0.65%, 14, 0, 9, 1396.17
1639549170, 7, 158, 272, 92, 0, 0.65%, 14, 0, 9, 1353.39
1639549175, 7, 172, 272, 92, 0, 0.65%, 14, 0, 9, 1423.17
1639549180, 7, 177, 272, 91, 0, 0.65%, 14, 0, 9, 1403.19
1639549185, 7, 183, 277, 95, 0, 0.65%, 14, 0, 9, 1424.81
1639549190, 7, 275, 278, 96, 1, 0.65%, 14, 0, 9, 1435.99
1639549195, 7, 276, 278, 95, 0, 0.65%, 14, 0, 9, 1429.92
1639549200, 8, 37, 278, 93, 0, 0.65%, 14, 0, 9, 1446.06
1639549205, 8, 80, 278, 90, 0, 0.65%, 14, 0, 9, 1449.23
1639549211, 8, 147, 278, 87, 0, 0.65%, 14, 0, 9, 1421.99
1639549216, 8, 170, 278, 84, 0, 0.65%, 14, 0, 9, 1435.78
1639549221, 8, 177, 278, 84, 0, 0.65%, 14, 0, 9, 1443.94
1639549226, 8, 189, 278, 83, 0, 0.65%, 15, 0, 9, 1431.45
