# unix_time, cycles_done, cur_path, paths_total, pending_total, pending_favs, map_size, unique_crashes, unique_hangs, max_depth, execs_per_sec
1639522084, 0, 0, 1, 1, 1, 0.12%, 0, 0, 1, 1600.00
1639522089, 0, 0, 75, 75, 1, 0.45%, 2, 0, 2, 1467.84
1639522094, 0, 14, 112, 107, 36, 0.49%, 2, 0, 3, 1433.40
1639522099, 0, 28, 124, 112, 33, 0.50%, 2, 0, 3, 1429.97
1639522104, 0, 34, 132, 116, 30, 0.51%, 3, 0, 3, 1434.89
1639522110, 0, 48, 140, 120, 30, 0.52%, 3, 0, 3, 1372.97
1639522115, 0, 71, 158, 129, 24, 0.53%, 3, 0, 3, 1369.38
1639522120, 0, 92, 161, 126, 18, 0.54%, 3, 0, 4, 1369.93
1639522125, 0, 118, 167, 125, 14, 0.55%, 3, 0, 4, 1383.47
1639522130, 0, 144, 181, 134, 11, 0.55%, 3, 0, 4, 1384.40
1639522135, 0, 160, 194, 142, 7, 0.57%, 3, 0, 5, 1369.62
1639522140, 0, 162, 199, 145, 10, 0.57%, 4, 0, 5, 1360.16
1639522145, 0, 179, 202, 144, 8, 0.58%, 4, 0, 5, 1337.96
1639522150, 0, 189, 204, 143, 7, 0.59%, 4, 0, 6, 1327.55
1639522155, 0, 189, 207, 146, 7, 0.59%, 4, 0, 6, 1353.77
1639522160, 0, 199, 209, 144, 3, 0.59%, 4, 0, 6, 1387.54
1639522166, 0, 208, 210, 141, 1, 0.60%, 4, 0, 7, 1407.06
1639522171, 1, 149, 212, 140, 1, 0.60%, 4, 0, 8, 1381.25
1639522176, 2, 16, 212, 134, 0, 0.60%, 4, 0, 8, 1429.36
1639522181, 2, 214, 218, 136, 1, 0.61%, 4, 0, 8, 1406.21
1639522186, 2, 217, 224, 141, 3, 0.61%, 5, 0, 8, 1340.11
1639522191, 2, 218, 227, 143, 4, 0.61%, 5, 0, 8, 1303.60
1639522196, 2, 218, 230, 146, 4, 0.62%, 6, 0, 8, 1331.67
1639522201, 2, 223, 232, 147, 5, 0.62%, 7, 0, 8, 1399.92
1639522206, 2, 226, 234, 147, 4, 0.62%, 8, 0, 8, 1428.49
1639522212, 2, 227, 236, 148, 4, 0.62%, 10, 0, 8, 1409.07
1639522217, 2, 229, 244, 155, 5, 0.64%, 11, 0, 8, 1409.61
1639522222, 2, 230, 248, 158, 6, 0.64%, 11, 0, 8, 1384.70
1639522227, 2, 234, 250, 159, 5, 0.64%, 11, 0, 8, 1370.35
1639522232, 2, 237, 255, 163, 4, 0.65%, 11, 0, 8, 1366.31
1639522237, 2, 237, 259, 167, 4, 0.66%, 11, 0, 8, 1377.54
1639522242, 2, 240, 260, 167, 6, 0.66%, 11, 0, 8, 1336.13
1639522247, 2, 252, 261, 166, 4, 0.66%, 11, 0, 9, 1390.69
1639522252, 2, 253, 266, 170, 4, 0.67%, 11, 0, 9, 1405.98
1639522257, 2, 254, 269, 172, 5, 0.67%, 11, 0, 9, 1400.08
1639522262, 2, 255, 270, 172, 4, 0.67%, 11, 0, 9, 1390.13
1639522267, 2, 260, 272, 173, 3, 0.67%, 11, 0, 10, 1337.43
1639522272, 2, 260, 275, 176, 3, 0.67%, 11, 0, 10, 1321.95
1639522277, 2, 264, 277, 177, 4, 0.70%, 11, 0, 10, 1329.09
1639522283, 2, 265, 280, 179, 5, 0.70%, 11, 0, 10, 1377.55
1639522288, 2, 271, 281, 179, 4, 0.70%, 11, 0, 11, 1164.36
1639522293, 2, 273, 285, 182, 4, 0.70%, 11, 0, 11, 1112.95
1639522298, 2, 273, 289, 186, 4, 0.70%, 11, 0, 11, 1164.30
1639522303, 2, 275, 292, 188, 3, 0.72%, 11, 0, 11, 1248.72
1639522308, 2, 276, 298, 193, 5, 0.73%, 11, 0, 11, 1263.32
1639522313, 2, 281, 298, 192, 8, 0.73%, 11, 0, 11, 1288.14
1639522318, 2, 281, 300, 194, 8, 0.73%, 11, 0, 12, 1243.80
1639522323, 2, 289, 302, 195, 8, 0.73%, 11, 0, 12, 1235.55
1639522328, 2, 290, 302, 194, 7, 0.73%, 11, 0, 12, 1243.19
1639522333, 2, 292, 303, 193, 5, 0.73%, 11, 0, 12, 1311.53
1639522338, 2, 296, 304, 191, 2, 0.73%, 11, 0, 12, 2210.28
1639522344, 2, 298, 307, 193, 1, 0.73%, 11, 0, 13, 1486.15
1639522349, 2, 298, 309, 195, 1, 0.73%, 11, 0, 13, 1276.92
1639522354, 3, 28, 309, 191, 0, 0.73%, 11, 0, 13, 1273.57
1639522359, 3, 51, 310, 188, 0, 0.73%, 12, 0, 13, 1341.67
1639522364, 3, 76, 310, 186, 0, 0.73%, 12, 0, 13, 1421.50
1639522369, 3, 98, 310, 184, 0, 0.73%, 12, 0, 13, 1393.77
1639522374, 3, 139, 311, 176, 0, 0.73%, 12, 0, 13, 1380.85
1639522379, 3, 159, 311, 169, 0, 0.73%, 12, 0, 13, 1296.70
