# unix_time, cycles_done, cur_path, paths_total, pending_total, pending_favs, map_size, unique_crashes, unique_hangs, max_depth, execs_per_sec
1639436334, 0, 0, 580, 580, 94, 0.89%, 0, 0, 1, 1195.26
1639436339, 0, 48, 580, 569, 86, 0.89%, 8, 0, 1, 1364.72
1639436344, 0, 100, 580, 559, 76, 0.89%, 10, 0, 1, 1418.37
1639436349, 0, 186, 580, 548, 65, 0.89%, 10, 0, 1, 1418.75
1639436354, 0, 195, 588, 551, 58, 0.89%, 15, 0, 2, 1408.21
1639436359, 0, 198, 589, 551, 59, 0.89%, 17, 0, 2, 1406.54
1639436364, 0, 279, 589, 541, 50, 0.89%, 19, 0, 2, 1418.23
1639436369, 0, 323, 589, 532, 42, 0.89%, 19, 0, 2, 1368.50
1639436374, 0, 387, 589, 524, 34, 0.89%, 19, 0, 2, 1405.14
1639436379, 0, 423, 589, 516, 26, 0.89%, 19, 0, 2, 1384.02
1639436384, 0, 495, 590, 505, 15, 0.89%, 19, 0, 2, 1381.47
1639436390, 0, 537, 590, 498, 9, 0.89%, 20, 0, 2, 1371.47
1639436395, 0, 589, 591, 489, 1, 0.89%, 23, 0, 3, 1406.54
1639436400, 1, 20, 591, 484, 0, 0.89%, 23, 0, 3, 1398.14
1639436405, 1, 53, 591, 481, 0, 0.89%, 23, 0, 3, 1400.48
1639436410, 1, 71, 591, 476, 0, 0.89%, 23, 0, 3, 1386.33
1639436415, 1, 108, 591, 469, 0, 0.89%, 24, 0, 3, 1366.85
1639436420, 1, 137, 591, 465, 0, 0.89%, 24, 0, 3, 1392.34
1639436425, 1, 172, 591, 459, 0, 0.89%, 24, 0, 3, 1397.25
1639436431, 1, 191, 591, 450, 0, 0.89%, 24, 0, 3, 1376.41
1639436436, 1, 220, 591, 446, 0, 0.89%, 24, 0, 3, 1381.10
1639436441, 1, 234, 591, 442, 0, 0.89%, 24, 0, 3, 1343.67
1639436446, 1, 265, 591, 436, 0, 0.89%, 24, 0, 3, 1339.23
1639436451, 2, 70, 591, 429, 0, 0.89%, 24, 0, 3, 1312.29
1639436456, 2, 87, 591, 422, 0, 0.89%, 24, 0, 3, 1346.51
1639436461, 2, 105, 591, 419, 0, 0.89%, 24, 0, 3, 1386.47
1639436466, 2, 120, 591, 414, 0, 0.89%, 24, 0, 3, 1391.68
1639436471, 2, 141, 591, 409, 0, 0.89%, 24, 0, 3, 1403.01
1639436477, 2, 167, 591, 404, 0, 0.89%, 24, 0, 3, 1398.24
1639436482, 2, 190, 591, 397, 0, 0.89%, 24, 0, 3, 1390.98
1639436487, 2, 225, 591, 393, 0, 0.89%, 24, 0, 3, 1400.06
1639436492, 2, 262, 591, 389, 0, 0.89%, 25, 0, 3, 1411.36
1639436497, 2, 292, 591, 385, 0, 0.89%, 26, 0, 3, 1387.36
1639436502, 2, 315, 591, 378, 0, 0.89%, 26, 0, 3, 1370.01
1639436508, 2, 336, 591, 373, 0, 0.89%, 26, 0, 3, 1367.86
1639436513, 2, 362, 591, 363, 0, 0.89%, 26, 0, 3, 1375.53
1639436518, 2, 387, 591, 359, 0, 0.89%, 26, 0, 3, 1386.79
1639436523, 2, 413, 591, 356, 0, 0.89%, 26, 0, 3, 1393.78
1639436528, 2, 425, 591, 351, 0, 0.89%, 26, 0, 3, 1361.39
1639436533, 2, 475, 591, 344, 0, 0.89%, 27, 0, 3, 1404.66
1639436539, 2, 503, 592, 343, 0, 0.89%, 27, 0, 3, 1356.78
1639436544, 2, 535, 592, 338, 0, 0.89%, 27, 0, 3, 1378.55
1639436549, 2, 557, 592, 333, 0, 0.89%, 27, 0, 3, 1387.65
1639436554, 2, 578, 593, 327, 0, 0.89%, 27, 0, 3, 1397.37
1639436559, 3, 20, 593, 323, 0, 0.89%, 28, 0, 3, 1426.47
1639436564, 3, 53, 593, 318, 0, 0.89%, 28, 0, 3, 1392.48
1639436569, 3, 69, 593, 316, 0, 0.89%, 28, 0, 3, 1369.78
1639436574, 3, 105, 593, 312, 0, 0.89%, 28, 0, 3, 1345.35
1639436580, 3, 138, 593, 311, 0, 0.89%, 28, 0, 3, 1446.84
1639436585, 3, 155, 593, 306, 0, 0.89%, 28, 0, 3, 1379.36
1639436590, 3, 197, 594, 303, 0, 0.89%, 28, 0, 3, 1367.40
1639436595, 3, 223, 594, 298, 0, 0.89%, 28, 0, 3, 1407.77
1639436600, 3, 257, 594, 294, 0, 0.89%, 28, 0, 3, 1382.78
1639436605, 3, 288, 594, 290, 0, 0.89%, 28, 0, 3, 1381.18
1639436610, 3, 327, 594, 288, 0, 0.89%, 29, 0, 3, 1395.72
1639436615, 3, 366, 594, 282, 0, 0.89%, 29, 0, 3, 1292.11
1639436620, 3, 383, 594, 279, 0, 0.89%, 29, 0, 3, 1324.14
1639436626, 3, 413, 594, 275, 0, 0.89%, 29, 0, 3, 1385.11
