# unix_time, cycles_done, cur_path, paths_total, pending_total, pending_favs, map_size, unique_crashes, unique_hangs, max_depth, execs_per_sec
1639587008, 0, 0, 1, 1, 1, 0.12%, 0, 0, 1, 800.00
1639587014, 0, 19, 99, 94, 33, 0.45%, 9, 0, 3, 2385.28
1639587019, 0, 25, 125, 114, 33, 0.50%, 9, 0, 3, 1639.63
1639587024, 0, 49, 143, 121, 25, 0.52%, 10, 0, 3, 1385.39
1639587029, 0, 54, 152, 128, 25, 0.52%, 10, 0, 3, 1402.44
1639587034, 0, 85, 166, 133, 22, 0.54%, 11, 0, 4, 1380.96
1639587039, 0, 104, 174, 135, 19, 0.55%, 11, 0, 4, 1388.68
1639587044, 0, 139, 186, 140, 16, 0.58%, 11, 0, 4, 1360.64
1639587049, 0, 156, 202, 152, 17, 0.62%, 11, 0, 4, 1317.23
1639587054, 0, 174, 209, 154, 20, 0.63%, 11, 0, 5, 1386.19
1639587059, 0, 181, 216, 157, 17, 0.63%, 12, 0, 5, 1339.85
1639587064, 0, 182, 221, 161, 18, 0.64%, 12, 0, 5, 1319.22
1639587069, 0, 188, 223, 161, 18, 0.64%, 12, 0, 5, 1402.25
1639587075, 0, 195, 228, 162, 14, 0.64%, 12, 0, 5, 1401.35
1639587080, 0, 201, 231, 161, 12, 0.65%, 13, 0, 5, 1398.62
1639587085, 0, 215, 234, 161, 10, 0.65%, 13, 0, 6, 1405.09
1639587090, 0, 218, 239, 164, 8, 0.65%, 13, 0, 6, 1350.88
1639587095, 0, 231, 244, 164, 4, 0.66%, 13, 0, 6, 1397.18
1639587100, 0, 240, 247, 166, 5, 0.66%, 14, 0, 6, 1391.46
1639587105, 0, 248, 255, 171, 4, 0.67%, 14, 0, 8, 1436.44
1639587110, 1, 18, 258, 171, 2, 0.67%, 15, 0, 9, 1385.83
1639587115, 1, 259, 262, 171, 1, 0.67%, 15, 0, 9, 1398.42
1639587120, 2, 2, 262, 168, 0, 0.67%, 15, 0, 9, 1399.90
1639587125, 2, 197, 266, 169, 2, 0.67%, 15, 0, 9, 1423.24
1639587130, 3, 24, 266, 166, 0, 0.67%, 15, 0, 9, 1446.26
1639587136, 3, 54, 266, 162, 0, 0.67%, 15, 0, 9, 1444.71
1639587141, 3, 266, 270, 164, 1, 0.67%, 15, 0, 9, 1431.40
1639587146, 4, 23, 270, 161, 0, 0.67%, 15, 0, 9, 1431.38
1639587151, 4, 51, 270, 158, 0, 0.67%, 15, 0, 9, 1447.91
1639587156, 5, 12, 271, 155, 0, 0.68%, 15, 0, 9, 1447.44
1639587161, 5, 44, 272, 153, 0, 0.68%, 15, 0, 9, 1451.07
1639587166, 5, 76, 275, 152, 0, 0.68%, 15, 0, 9, 1452.58
1639587171, 5, 92, 275, 146, 0, 0.68%, 16, 0, 9, 1443.30
1639587176, 5, 118, 275, 140, 0, 0.68%, 16, 0, 9, 1465.52
1639587181, 5, 145, 275, 132, 0, 0.68%, 16, 0, 9, 1435.14
1639587187, 6, 12, 278, 130, 0, 0.68%, 16, 0, 9, 1437.72
1639587192, 6, 269, 280, 128, 1, 0.68%, 16, 0, 9, 1456.45
1639587197, 7, 23, 280, 126, 0, 0.68%, 16, 0, 9, 1451.58
1639587202, 7, 54, 280, 124, 0, 0.68%, 16, 0, 9, 1371.57
1639587207, 8, 14, 282, 123, 0, 0.69%, 16, 0, 9, 1360.20
1639587212, 8, 51, 283, 124, 0, 0.69%, 16, 0, 9, 1376.36
1639587217, 8, 91, 284, 123, 0, 0.69%, 16, 0, 9, 1374.47
1639587222, 8, 112, 284, 121, 0, 0.69%, 16, 0, 9, 1387.90
1639587227, 8, 164, 284, 116, 0, 0.69%, 17, 0, 9, 1403.83
1639587233, 8, 176, 285, 115, 0, 0.69%, 17, 0, 9, 1401.78
1639587238, 8, 182, 285, 114, 0, 0.69%, 17, 0, 9, 1390.19
1639587243, 8, 191, 287, 116, 0, 0.69%, 17, 0, 9, 1392.42
1639587248, 8, 198, 288, 116, 0, 0.69%, 17, 0, 9, 1390.02
1639587253, 8, 218, 288, 114, 0, 0.69%, 18, 0, 9, 1378.72
1639587258, 8, 230, 288, 113, 0, 0.69%, 18, 0, 9, 1364.95
1639587263, 8, 241, 288, 111, 0, 0.69%, 18, 0, 9, 1401.00
1639587268, 8, 253, 288, 109, 0, 0.69%, 18, 0, 9, 1400.38
1639587274, 8, 258, 293, 113, 0, 0.69%, 19, 0, 10, 1344.17
1639587279, 8, 266, 293, 111, 0, 0.69%, 19, 0, 10, 1399.12
1639587284, 8, 270, 294, 111, 0, 0.69%, 19, 0, 10, 1419.56
1639587289, 8, 282, 297, 114, 0, 0.69%, 19, 0, 10, 1443.96
1639587294, 8, 285, 298, 114, 0, 0.69%, 19, 0, 10, 1422.35
1639587299, 8, 289, 299, 114, 0, 0.69%, 19, 0, 10, 1387.87
