# unix_time, cycles_done, cur_path, paths_total, pending_total, pending_favs, map_size, unique_crashes, unique_hangs, max_depth, execs_per_sec
1639433863, 0, 0, 1, 1, 1, 0.12%, 0, 0, 1, 2000.00
1639433868, 0, 0, 77, 77, 1, 0.45%, 3, 0, 2, 1567.70
1639433873, 0, 4, 107, 106, 44, 0.48%, 4, 0, 3, 1477.56
1639433878, 0, 25, 121, 114, 37, 0.48%, 5, 0, 3, 1466.90
1639433883, 0, 26, 131, 123, 36, 0.51%, 6, 0, 3, 1460.68
1639433888, 0, 41, 139, 122, 31, 0.52%, 6, 0, 3, 1457.31
1639433893, 0, 64, 144, 118, 23, 0.52%, 6, 0, 3, 1463.24
1639433898, 0, 66, 156, 128, 21, 0.52%, 6, 0, 3, 1431.82
1639433903, 0, 81, 170, 134, 15, 0.52%, 6, 0, 3, 1660.03
1639433908, 0, 112, 177, 137, 12, 0.53%, 6, 0, 3, 1688.87
1639433913, 0, 130, 184, 139, 9, 0.54%, 6, 0, 4, 1492.13
1639433919, 0, 170, 190, 140, 7, 0.57%, 6, 0, 4, 1437.05
1639433924, 0, 178, 202, 150, 14, 0.61%, 7, 0, 5, 1429.74
1639433929, 0, 185, 205, 150, 11, 0.61%, 7, 0, 5, 1435.81
1639433934, 0, 190, 210, 153, 10, 0.61%, 7, 0, 5, 1472.88
1639433939, 0, 193, 214, 154, 9, 0.63%, 8, 0, 5, 1470.60
1639433944, 0, 193, 218, 158, 9, 0.64%, 8, 0, 5, 1482.03
1639433949, 0, 194, 222, 161, 14, 0.64%, 8, 0, 5, 1489.37
1639433954, 0, 199, 225, 160, 11, 0.64%, 8, 0, 5, 1476.13
1639433960, 0, 212, 229, 159, 8, 0.65%, 8, 0, 6, 1456.25
1639433965, 0, 214, 230, 158, 8, 0.65%, 8, 0, 6, 1481.89
1639433970, 0, 220, 231, 155, 4, 0.65%, 8, 0, 6, 1454.37
1639433975, 0, 228, 236, 158, 2, 0.65%, 8, 0, 7, 1464.02
1639433980, 1, 4, 237, 155, 0, 0.65%, 8, 0, 7, 1481.60
1639433985, 1, 32, 238, 151, 0, 0.65%, 9, 0, 7, 1464.47
1639433990, 1, 45, 238, 149, 0, 0.65%, 11, 0, 7, 1455.16
1639433995, 1, 65, 240, 148, 0, 0.65%, 11, 0, 7, 1462.54
1639434000, 1, 80, 240, 144, 0, 0.65%, 11, 0, 7, 1454.07
1639434005, 1, 182, 243, 143, 2, 0.66%, 11, 0, 7, 1469.03
1639434010, 1, 241, 248, 144, 1, 0.66%, 11, 0, 7, 1463.87
1639434015, 1, 241, 249, 145, 1, 0.66%, 11, 0, 7, 1464.75
1639434021, 2, 4, 250, 143, 0, 0.66%, 11, 0, 7, 1457.13
1639434026, 2, 28, 250, 139, 0, 0.66%, 11, 0, 7, 1462.28
1639434031, 2, 54, 250, 137, 0, 0.66%, 11, 0, 7, 1452.18
1639434036, 2, 74, 250, 135, 0, 0.66%, 11, 0, 7, 1451.06
1639434041, 2, 102, 251, 130, 0, 0.66%, 11, 0, 7, 1467.45
1639434046, 2, 123, 251, 125, 0, 0.66%, 11, 0, 7, 1475.48
1639434051, 2, 134, 254, 126, 0, 0.66%, 11, 0, 7, 1479.04
1639434056, 2, 159, 255, 122, 0, 0.66%, 11, 0, 7, 1481.37
1639434061, 2, 179, 255, 118, 0, 0.66%, 11, 0, 7, 1473.88
1639434066, 2, 184, 256, 118, 0, 0.66%, 11, 0, 7, 1490.48
1639434071, 2, 188, 258, 120, 0, 0.66%, 12, 0, 7, 1483.62
1639434076, 2, 257, 263, 124, 1, 0.67%, 13, 0, 7, 1478.66
1639434081, 2, 259, 268, 128, 4, 0.67%, 15, 0, 7, 1477.57
1639434086, 2, 260, 270, 129, 5, 0.68%, 15, 0, 7, 1470.57
1639434091, 2, 261, 273, 131, 5, 0.68%, 16, 0, 7, 1477.43
1639434096, 2, 262, 274, 131, 5, 0.68%, 18, 0, 7, 1491.05
1639434102, 2, 267, 277, 133, 4, 0.68%, 18, 0, 8, 1484.70
1639434107, 2, 268, 279, 134, 3, 0.68%, 18, 0, 8, 1479.96
1639434112, 2, 269, 281, 135, 3, 0.68%, 18, 0, 8, 1476.33
1639434117, 2, 272, 281, 134, 2, 0.68%, 18, 0, 8, 1464.01
1639434122, 2, 277, 284, 136, 1, 0.68%, 18, 0, 9, 1462.82
1639434127, 2, 277, 285, 137, 1, 0.68%, 18, 0, 9, 1452.68
1639434132, 2, 281, 287, 138, 0, 0.68%, 18, 0, 9, 1452.23
1639434137, 2, 284, 287, 137, 0, 0.68%, 18, 0, 9, 1483.59
1639434142, 2, 286, 288, 137, 0, 0.68%, 18, 0, 10, 1479.02
1639434147, 3, 10, 288, 134, 0, 0.68%, 18, 0, 10, 1445.81
1639434152, 3, 42, 288, 133, 0, 0.68%, 18, 0, 10, 1454.03
1639434158, 3, 64, 288, 129, 0, 0.68%, 18, 0, 10, 1458.08
