# unix_time, cycles_done, cur_path, paths_total, pending_total, pending_favs, map_size, unique_crashes, unique_hangs, max_depth, execs_per_sec
1639548629, 0, 0, 1, 1, 1, 0.12%, 0, 0, 1, 2000.00
1639548634, 0, 0, 60, 60, 1, 0.37%, 6, 2, 2, 984.18
1639548639, 0, 0, 75, 75, 1, 0.40%, 9, 3, 2, 1386.39
1639548644, 0, 7, 98, 94, 38, 0.43%, 9, 3, 3, 1418.98
1639548649, 0, 8, 117, 112, 40, 0.46%, 9, 3, 3, 1426.74
1639548654, 0, 47, 138, 113, 20, 0.47%, 9, 3, 3, 1844.39
1639548659, 0, 91, 150, 117, 14, 0.47%, 9, 4, 4, 1448.49
1639548665, 0, 116, 159, 119, 8, 0.48%, 9, 4, 4, 1422.62
1639548670, 0, 120, 168, 127, 8, 0.50%, 11, 4, 4, 1455.48
1639548675, 0, 151, 174, 128, 11, 0.50%, 11, 5, 5, 1468.25
1639548680, 0, 162, 181, 132, 10, 0.51%, 13, 5, 5, 1463.74
1639548685, 0, 167, 185, 133, 10, 0.52%, 13, 5, 5, 1465.92
1639548690, 0, 176, 194, 139, 13, 0.56%, 13, 5, 6, 1460.10
1639548695, 0, 178, 198, 142, 13, 0.56%, 13, 5, 6, 1477.40
1639548700, 0, 181, 203, 145, 11, 0.56%, 13, 5, 6, 1470.81
1639548706, 0, 183, 205, 146, 11, 0.57%, 13, 7, 6, 12.22
1639548711, 0, 186, 206, 146, 12, 0.57%, 13, 9, 6, 1109.52
1639548716, 0, 192, 209, 144, 10, 0.58%, 13, 9, 6, 1393.05
1639548722, 0, 204, 213, 144, 8, 0.58%, 13, 9, 7, 1391.24
1639548727, 0, 204, 213, 144, 8, 0.58%, 13, 12, 7, 19.93
1639548732, 0, 205, 213, 143, 9, 0.58%, 13, 14, 7, 550.47
1639548737, 0, 211, 220, 146, 8, 0.59%, 13, 14, 8, 1230.93
1639548742, 0, 212, 220, 145, 7, 0.59%, 13, 15, 8, 202.70
1639548747, 0, 218, 220, 142, 4, 0.59%, 13, 15, 8, 901.16
1639548752, 1, 136, 220, 134, 0, 0.59%, 13, 15, 8, 1344.84
1639548757, 1, 220, 221, 133, 1, 0.59%, 13, 15, 8, 1434.69
1639548762, 2, 10, 222, 132, 0, 0.59%, 13, 15, 8, 1440.14
1639548767, 2, 35, 223, 129, 0, 0.59%, 13, 15, 8, 1450.83
1639548772, 2, 59, 226, 129, 0, 0.59%, 13, 15, 8, 1412.51
1639548777, 2, 91, 227, 122, 0, 0.59%, 14, 15, 8, 1446.36
1639548783, 2, 100, 227, 119, 0, 0.59%, 14, 15, 8, 118.81
1639548788, 2, 132, 228, 116, 0, 0.59%, 15, 15, 8, 1363.69
1639548793, 2, 149, 229, 112, 0, 0.59%, 15, 15, 8, 1414.96
1639548798, 2, 157, 231, 112, 0, 0.59%, 15, 15, 8, 1277.99
1639548803, 2, 167, 233, 111, 0, 0.59%, 15, 15, 8, 1431.82
1639548808, 2, 178, 233, 111, 0, 0.59%, 15, 15, 8, 1375.39
1639548813, 2, 183, 234, 112, 0, 0.59%, 15, 15, 8, 1346.06
1639548819, 2, 190, 234, 112, 0, 0.59%, 15, 15, 8, 1355.99
1639548824, 2, 234, 241, 118, 2, 0.60%, 15, 15, 8, 1415.89
1639548829, 2, 239, 244, 119, 1, 0.60%, 15, 15, 8, 1428.15
1639548834, 2, 245, 247, 121, 1, 0.60%, 15, 15, 9, 1462.73
1639548839, 3, 6, 249, 121, 0, 0.60%, 15, 15, 9, 1463.39
1639548844, 3, 35, 249, 120, 0, 0.60%, 15, 15, 9, 1470.23
1639548849, 3, 66, 249, 116, 0, 0.60%, 15, 15, 9, 1403.64
1639548854, 3, 92, 250, 112, 0, 0.60%, 15, 15, 9, 1442.66
1639548859, 3, 123, 250, 110, 0, 0.60%, 15, 15, 9, 1440.32
1639548864, 3, 142, 250, 107, 0, 0.60%, 15, 15, 9, 1449.12
1639548869, 3, 154, 250, 105, 0, 0.60%, 15, 15, 9, 1423.13
1639548874, 3, 164, 250, 102, 0, 0.60%, 15, 15, 9, 1440.65
1639548879, 3, 171, 251, 102, 0, 0.60%, 15, 15, 9, 1460.09
1639548884, 3, 180, 251, 99, 0, 0.60%, 15, 15, 9, 1447.72
1639548889, 3, 186, 253, 101, 0, 0.60%, 17, 15, 9, 1353.23
1639548894, 3, 190, 253, 101, 0, 0.60%, 17, 15, 9, 1440.98
1639548899, 3, 200, 254, 99, 0, 0.60%, 17, 15, 9, 1460.37
1639548905, 3, 254, 256, 99, 1, 0.61%, 17, 15, 9, 1474.87
1639548910, 4, 11, 256, 96, 0, 0.61%, 17, 15, 9, 1441.57
1639548915, 4, 39, 257, 93, 0, 0.61%, 17, 15, 9, 1461.67
1639548920, 4, 79, 258, 93, 0, 0.61%, 17, 15, 9, 1340.50
1639548925, 4, 108, 258, 90, 0, 0.61%, 17, 15, 9, 1433.89
