# unix_time, cycles_done, cur_path, paths_total, pending_total, pending_favs, map_size, unique_crashes, unique_hangs, max_depth, execs_per_sec
1639450449, 0, 0, 1, 1, 1, 0.12%, 0, 0, 1, 2000.00
1639450454, 0, 0, 79, 79, 1, 0.43%, 3, 0, 2, 1536.98
1639450459, 0, 17, 93, 89, 33, 0.43%, 3, 0, 3, 1429.04
1639450464, 0, 31, 110, 99, 27, 0.45%, 3, 0, 3, 1413.85
1639450469, 0, 36, 133, 117, 29, 0.48%, 6, 0, 3, 1430.49
1639450474, 0, 55, 143, 118, 22, 0.48%, 6, 0, 3, 1454.45
1639450479, 0, 75, 151, 122, 19, 0.49%, 7, 0, 3, 1417.57
1639450484, 0, 87, 159, 124, 17, 0.50%, 8, 0, 4, 1436.88
1639450489, 0, 117, 167, 126, 12, 0.51%, 8, 0, 4, 1414.00
1639450495, 0, 134, 186, 142, 12, 0.51%, 8, 0, 4, 1443.60
1639450500, 0, 151, 186, 139, 9, 0.51%, 10, 0, 4, 1443.97
1639450505, 0, 160, 189, 139, 6, 0.51%, 10, 0, 5, 1461.40
1639450510, 0, 167, 198, 145, 10, 0.55%, 10, 0, 5, 1477.71
1639450515, 0, 178, 204, 150, 10, 0.55%, 10, 0, 5, 1449.65
1639450520, 0, 181, 212, 157, 10, 0.56%, 10, 0, 5, 1426.74
1639450525, 0, 189, 214, 158, 12, 0.57%, 10, 0, 6, 1468.88
1639450530, 0, 192, 217, 158, 10, 0.57%, 10, 0, 6, 1478.04
1639450535, 0, 205, 218, 155, 6, 0.57%, 10, 0, 6, 1432.24
1639450540, 0, 208, 226, 162, 6, 0.57%, 10, 0, 6, 1454.07
1639450545, 0, 211, 232, 165, 5, 0.57%, 11, 0, 6, 1452.19
1639450550, 0, 212, 234, 166, 4, 0.57%, 11, 0, 7, 1479.67
1639450555, 0, 217, 239, 170, 3, 0.57%, 11, 0, 7, 1460.90
1639450560, 1, 4, 241, 168, 0, 0.57%, 11, 0, 7, 1450.75
1639450565, 1, 233, 246, 172, 1, 0.58%, 11, 0, 8, 1455.70
1639450570, 1, 244, 248, 172, 3, 0.58%, 11, 0, 9, 1475.99
1639450576, 1, 246, 251, 173, 2, 0.58%, 11, 0, 9, 2256.43
1639450586, 1, 248, 254, 175, 3, 0.59%, 11, 0, 10, 1444.43
1639450591, 1, 253, 256, 175, 2, 0.59%, 11, 0, 11, 1484.96
1639450596, 1, 256, 258, 176, 3, 0.60%, 11, 0, 11, 1498.58
1639450601, 1, 256, 263, 181, 3, 0.63%, 11, 0, 12, 1401.22
1639450606, 1, 257, 265, 182, 6, 0.63%, 11, 0, 12, 1323.97
1639450611, 1, 259, 265, 181, 6, 0.63%, 11, 0, 12, 1380.63
1639450616, 1, 261, 268, 182, 4, 0.64%, 11, 0, 13, 1400.75
1639450621, 1, 263, 271, 184, 6, 0.64%, 11, 0, 13, 1429.71
1639450626, 1, 263, 272, 185, 6, 0.64%, 11, 0, 13, 1447.38
1639450631, 1, 266, 272, 183, 6, 0.64%, 11, 0, 13, 1464.83
1639450636, 1, 267, 274, 184, 6, 0.64%, 11, 0, 14, 1441.27
1639450641, 1, 268, 278, 187, 6, 0.65%, 11, 0, 14, 1380.76
1639450651, 1, 269, 279, 187, 5, 0.65%, 11, 0, 14, 1448.02
1639450656, 1, 271, 279, 186, 4, 0.65%, 11, 0, 14, 1418.47
1639450662, 1, 272, 279, 185, 3, 0.65%, 11, 0, 14, 1434.93
1639450667, 1, 274, 280, 185, 2, 0.65%, 11, 0, 15, 1452.42
1639450672, 1, 280, 282, 185, 2, 0.66%, 11, 0, 17, 1474.98
1639450677, 1, 281, 282, 184, 2, 0.66%, 11, 0, 17, 1484.42
1639450682, 2, 105, 282, 180, 0, 0.66%, 11, 0, 17, 1461.04
1639450687, 2, 128, 283, 176, 0, 0.66%, 11, 0, 17, 1458.56
1639450692, 2, 146, 285, 172, 0, 0.66%, 11, 0, 17, 1410.41
1639450697, 2, 159, 286, 171, 0, 0.66%, 11, 0, 17, 1406.20
1639450702, 2, 178, 286, 168, 0, 0.66%, 11, 0, 17, 1404.29
1639450707, 2, 187, 287, 167, 0, 0.66%, 11, 0, 17, 1412.20
1639450712, 2, 194, 288, 166, 0, 0.66%, 11, 0, 17, 1452.82
1639450717, 2, 204, 288, 164, 0, 0.66%, 11, 0, 17, 1454.86
1639450722, 2, 212, 290, 165, 0, 0.66%, 11, 0, 17, 1416.80
1639450727, 2, 219, 291, 166, 0, 0.66%, 11, 0, 17, 1442.66
1639450732, 3, 1, 292, 166, 0, 0.66%, 11, 0, 17, 1415.14
1639450738, 3, 40, 292, 164, 0, 0.66%, 11, 0, 17, 1433.16
1639450743, 3, 77, 293, 158, 0, 0.66%, 11, 0, 17, 1405.80
1639450748, 3, 99, 293, 155, 0, 0.66%, 11, 0, 17, 1407.24
