# unix_time, cycles_done, cur_path, paths_total, pending_total, pending_favs, map_size, unique_crashes, unique_hangs, max_depth, execs_per_sec
1639603327, 0, 0, 955, 955, 98, 0.95%, 0, 0, 1, 641.21
1639603332, 0, 72, 955, 948, 92, 0.95%, 2, 0, 1, 872.45
1639603337, 0, 147, 955, 938, 82, 0.95%, 4, 0, 1, 1027.75
1639603342, 0, 240, 955, 931, 75, 0.95%, 4, 0, 1, 1074.40
1639603347, 0, 369, 955, 920, 65, 0.95%, 4, 0, 1, 1039.92
1639603352, 0, 471, 955, 913, 59, 0.95%, 4, 0, 1, 1076.16
1639603357, 0, 522, 955, 907, 54, 0.95%, 4, 0, 1, 995.07
1639603363, 0, 550, 955, 901, 48, 0.95%, 5, 0, 1, 150.23
1639603368, 0, 586, 955, 896, 43, 0.95%, 5, 0, 1, 980.86
1639603373, 0, 652, 955, 888, 35, 0.95%, 5, 0, 1, 1128.24
1639603378, 0, 688, 955, 882, 29, 0.95%, 5, 0, 1, 1038.31
1639603383, 0, 763, 955, 872, 21, 0.95%, 5, 0, 1, 1100.78
1639603388, 0, 828, 955, 863, 13, 0.95%, 6, 0, 1, 1108.81
1639603393, 0, 889, 955, 855, 5, 0.95%, 8, 0, 1, 1118.66
1639603398, 1, 9, 955, 847, 0, 0.95%, 8, 0, 1, 1192.14
1639603404, 1, 28, 955, 844, 0, 0.95%, 9, 0, 1, 712.67
1639603409, 1, 56, 955, 836, 0, 0.95%, 9, 0, 1, 1154.08
1639603414, 1, 74, 955, 831, 0, 0.95%, 9, 0, 1, 1113.46
1639603419, 1, 104, 955, 824, 0, 0.95%, 9, 0, 1, 1239.78
1639603424, 1, 143, 955, 819, 0, 0.95%, 9, 0, 1, 1132.63
1639603429, 1, 171, 955, 814, 0, 0.95%, 10, 0, 1, 1065.76
1639603434, 1, 198, 955, 807, 0, 0.95%, 11, 0, 1, 1106.69
1639603440, 1, 231, 955, 801, 0, 0.95%, 12, 0, 1, 1118.88
1639603445, 1, 256, 955, 796, 0, 0.95%, 12, 0, 1, 1166.95
1639603450, 1, 287, 956, 790, 0, 0.95%, 12, 0, 2, 1186.05
1639603455, 1, 319, 956, 779, 0, 0.95%, 12, 0, 2, 1146.88
1639603460, 1, 338, 956, 772, 0, 0.95%, 12, 0, 2, 1075.43
1639603465, 1, 355, 956, 767, 0, 0.95%, 12, 0, 2, 1186.94
1639603470, 1, 369, 956, 763, 0, 0.95%, 12, 0, 2, 1236.64
1639603475, 1, 399, 956, 759, 0, 0.95%, 13, 0, 2, 1249.88
1639603480, 1, 444, 956, 753, 0, 0.95%, 14, 0, 2, 1274.76
1639603485, 1, 477, 956, 746, 0, 0.95%, 14, 0, 2, 1303.47
1639603490, 1, 491, 957, 741, 0, 0.95%, 14, 0, 2, 1331.69
1639603495, 1, 505, 957, 735, 0, 0.95%, 14, 0, 2, 1248.98
1639603500, 1, 534, 957, 731, 0, 0.95%, 15, 0, 2, 1365.61
1639603505, 1, 562, 957, 728, 0, 0.95%, 15, 0, 2, 1387.50
1639603511, 1, 576, 957, 721, 0, 0.95%, 15, 0, 2, 1408.29
1639603516, 1, 595, 957, 717, 0, 0.95%, 15, 0, 2, 1338.62
1639603521, 1, 608, 957, 712, 0, 0.95%, 15, 0, 2, 1336.44
1639603526, 1, 630, 957, 706, 0, 0.95%, 15, 0, 2, 1309.46
1639603531, 1, 650, 957, 699, 0, 0.95%, 15, 0, 2, 1284.80
1639603536, 1, 665, 957, 693, 0, 0.95%, 15, 0, 2, 1283.10
1639603541, 1, 672, 957, 690, 0, 0.95%, 15, 0, 2, 1340.45
1639603546, 1, 683, 957, 684, 0, 0.95%, 15, 0, 2, 1367.35
1639603551, 1, 716, 957, 677, 0, 0.95%, 15, 0, 2, 1370.87
1639603556, 1, 727, 957, 671, 0, 0.95%, 15, 0, 2, 1283.70
1639603561, 1, 751, 957, 667, 0, 0.95%, 15, 0, 2, 1251.40
1639603566, 1, 774, 957, 664, 0, 0.95%, 15, 0, 2, 983.58
1639603571, 1, 803, 957, 658, 0, 0.95%, 17, 0, 2, 1025.83
1639603576, 2, 123, 957, 652, 1, 0.95%, 17, 0, 2, 1047.71
1639603582, 2, 399, 957, 647, 0, 0.95%, 17, 0, 2, 1053.97
1639603587, 2, 423, 957, 643, 0, 0.95%, 17, 0, 2, 1085.52
1639603592, 2, 446, 957, 638, 0, 0.95%, 17, 0, 2, 1136.39
1639603597, 2, 500, 957, 629, 0, 0.95%, 17, 0, 2, 1348.22
1639603602, 2, 522, 957, 625, 0, 0.95%, 17, 0, 2, 1171.50
1639603607, 2, 538, 957, 622, 0, 0.95%, 17, 0, 2, 1190.14
1639603612, 2, 557, 957, 617, 0, 0.95%, 18, 0, 2, 1200.54
