# unix_time, cycles_done, cur_path, paths_total, pending_total, pending_favs, map_size, unique_crashes, unique_hangs, max_depth, execs_per_sec
1639522652, 0, 0, 905, 905, 97, 0.94%, 0, 0, 1, 1023.90
1639522657, 0, 72, 905, 896, 89, 0.94%, 4, 0, 1, 1222.57
1639522662, 0, 133, 905, 888, 83, 0.94%, 4, 0, 1, 1309.60
1639522667, 0, 208, 905, 880, 76, 0.94%, 5, 0, 1, 1358.13
1639522672, 0, 251, 905, 875, 71, 0.94%, 7, 0, 1, 1390.65
1639522677, 0, 314, 905, 864, 61, 0.94%, 7, 0, 1, 1419.80
1639522682, 0, 452, 905, 855, 53, 0.94%, 8, 0, 1, 1431.89
1639522688, 0, 550, 905, 844, 43, 0.94%, 8, 0, 1, 1787.04
1639522693, 0, 631, 905, 834, 33, 0.94%, 9, 0, 1, 1474.86
1639522698, 0, 692, 905, 825, 25, 0.94%, 10, 0, 1, 1430.49
1639522703, 0, 747, 905, 816, 18, 0.94%, 10, 0, 1, 1410.92
1639522708, 0, 847, 905, 807, 9, 0.94%, 10, 0, 1, 1393.94
1639522713, 1, 682, 905, 798, 1, 0.94%, 10, 0, 1, 1387.62
1639522718, 1, 705, 905, 793, 0, 0.94%, 10, 0, 1, 1409.41
1639522723, 1, 724, 905, 786, 0, 0.94%, 11, 0, 1, 1407.94
1639522728, 1, 747, 905, 780, 0, 0.94%, 11, 0, 1, 1314.98
1639522733, 1, 781, 905, 777, 0, 0.94%, 11, 0, 1, 1352.76
1639522738, 1, 801, 905, 770, 0, 0.94%, 11, 0, 1, 1312.55
1639522744, 1, 823, 905, 764, 0, 0.94%, 11, 0, 1, 1272.25
1639522749, 1, 848, 905, 760, 0, 0.94%, 11, 0, 1, 1250.52
1639522754, 1, 876, 905, 754, 0, 0.94%, 11, 0, 1, 1273.80
1639522759, 1, 897, 905, 748, 0, 0.94%, 11, 0, 1, 1314.13
1639522764, 2, 27, 905, 741, 0, 0.94%, 11, 0, 1, 1413.30
1639522769, 2, 54, 905, 734, 0, 0.94%, 11, 0, 1, 1406.27
1639522774, 2, 89, 905, 728, 0, 0.94%, 12, 0, 1, 1435.11
1639522779, 2, 130, 905, 719, 0, 0.94%, 12, 0, 1, 1426.13
1639522785, 2, 145, 906, 712, 0, 0.94%, 14, 0, 2, 1424.71
1639522790, 2, 169, 906, 707, 0, 0.94%, 14, 0, 2, 1425.64
1639522795, 2, 185, 906, 700, 0, 0.94%, 14, 0, 2, 1446.42
1639522800, 2, 215, 906, 694, 0, 0.94%, 16, 0, 2, 1406.43
1639522805, 2, 229, 906, 687, 0, 0.94%, 16, 0, 2, 1413.68
1639522810, 2, 250, 906, 681, 0, 0.94%, 16, 0, 2, 1439.12
1639522816, 2, 268, 906, 676, 0, 0.94%, 16, 0, 2, 1437.99
1639522821, 2, 294, 906, 665, 0, 0.94%, 16, 0, 2, 1428.73
1639522826, 2, 314, 906, 660, 0, 0.94%, 16, 0, 2, 1445.99
1639522831, 2, 345, 906, 654, 0, 0.94%, 16, 0, 2, 1395.15
1639522836, 2, 378, 906, 646, 0, 0.94%, 16, 0, 2, 1333.20
1639522841, 2, 403, 907, 642, 0, 0.94%, 16, 0, 2, 1321.55
1639522846, 2, 436, 907, 633, 0, 0.94%, 16, 0, 2, 1318.79
1639522851, 2, 463, 907, 626, 0, 0.94%, 16, 0, 2, 1325.43
1639522856, 2, 496, 907, 624, 0, 0.94%, 17, 0, 2, 1356.13
1639522861, 2, 522, 907, 618, 0, 0.94%, 17, 0, 2, 1315.31
1639522866, 2, 562, 907, 610, 0, 0.94%, 17, 0, 2, 1322.94
1639522871, 2, 584, 907, 607, 0, 0.94%, 17, 0, 2, 1313.12
1639522876, 2, 607, 907, 601, 0, 0.94%, 17, 0, 2, 1295.51
1639522882, 2, 631, 907, 593, 0, 0.94%, 17, 0, 2, 1269.69
1639522887, 2, 655, 907, 586, 0, 0.94%, 17, 0, 2, 1276.82
1639522892, 2, 679, 907, 580, 0, 0.94%, 17, 0, 2, 1272.35
1639522897, 2, 697, 907, 575, 0, 0.94%, 17, 0, 2, 1281.49
1639522902, 2, 739, 907, 572, 0, 0.94%, 17, 0, 2, 1310.22
1639522907, 2, 757, 907, 567, 0, 0.94%, 17, 0, 2, 1347.38
1639522912, 2, 784, 907, 561, 0, 0.94%, 18, 0, 2, 1366.33
1639522917, 2, 836, 907, 554, 0, 0.94%, 19, 0, 2, 1388.04
1639522922, 2, 858, 907, 550, 0, 0.94%, 19, 0, 2, 1399.33
1639522927, 2, 877, 907, 545, 0, 0.94%, 19, 0, 2, 1401.34
1639522933, 3, 31, 907, 538, 0, 0.94%, 19, 0, 2, 1412.17
1639522938, 3, 79, 907, 534, 0, 0.94%, 19, 0, 2, 1398.78
1639522943, 3, 110, 907, 529, 0, 0.94%, 19, 0, 2, 1389.70
