# unix_time, cycles_done, cur_path, paths_total, pending_total, pending_favs, map_size, unique_crashes, unique_hangs, max_depth, execs_per_sec
1639476734, 0, 0, 1, 1, 1, 0.12%, 0, 0, 1, 1333.33
1639476739, 0, 0, 85, 85, 1, 0.45%, 2, 0, 2, 1368.90
1639476744, 0, 10, 99, 93, 36, 0.49%, 4, 0, 3, 1393.27
1639476749, 0, 18, 112, 104, 35, 0.49%, 4, 0, 3, 1398.19
1639476754, 0, 34, 128, 110, 30, 0.56%, 4, 0, 3, 1343.84
1639476759, 0, 48, 141, 119, 26, 0.57%, 4, 0, 3, 1372.18
1639476764, 0, 69, 159, 131, 25, 0.58%, 4, 0, 3, 1386.73
1639476770, 0, 89, 168, 132, 20, 0.59%, 4, 0, 3, 1370.83
1639476775, 0, 89, 170, 134, 20, 0.59%, 5, 0, 3, 1363.16
1639476780, 0, 116, 176, 135, 16, 0.59%, 5, 0, 4, 1383.05
1639476785, 0, 123, 181, 139, 16, 0.59%, 6, 0, 4, 1392.83
1639476790, 0, 127, 190, 146, 19, 0.61%, 7, 0, 4, 1407.67
1639476795, 0, 153, 193, 143, 17, 0.61%, 8, 0, 4, 1419.49
1639476800, 0, 173, 204, 148, 12, 0.62%, 8, 0, 5, 1401.98
1639476805, 0, 178, 205, 147, 11, 0.62%, 9, 0, 5, 1414.52
1639476810, 0, 179, 210, 151, 10, 0.64%, 9, 0, 5, 1406.70
1639476815, 0, 181, 212, 152, 11, 0.64%, 9, 0, 5, 1422.79
1639476820, 0, 187, 220, 157, 10, 0.65%, 9, 0, 5, 1424.00
1639476825, 0, 197, 222, 156, 9, 0.65%, 9, 0, 5, 1414.26
1639476830, 0, 206, 223, 154, 6, 0.65%, 9, 0, 6, 1422.19
1639476835, 0, 212, 231, 160, 4, 0.67%, 9, 0, 6, 1430.32
1639476841, 0, 219, 233, 160, 6, 0.67%, 9, 0, 6, 1439.43
1639476846, 0, 220, 237, 163, 9, 0.70%, 9, 0, 6, 1433.54
1639476851, 0, 225, 239, 163, 8, 0.70%, 9, 0, 7, 1427.49
1639476856, 0, 229, 250, 173, 7, 0.71%, 9, 0, 7, 1430.85
1639476861, 0, 233, 255, 177, 9, 0.72%, 9, 0, 7, 1406.98
1639476866, 0, 234, 255, 176, 11, 0.72%, 9, 0, 7, 1417.12
1639476871, 0, 244, 261, 179, 8, 0.72%, 9, 0, 8, 1413.80
1639476876, 0, 246, 261, 178, 7, 0.72%, 9, 0, 8, 1409.76
1639476881, 0, 247, 266, 182, 6, 0.72%, 9, 0, 8, 1412.58
1639476886, 0, 252, 267, 181, 6, 0.72%, 9, 0, 8, 1413.59
1639476891, 0, 257, 274, 186, 7, 0.74%, 9, 0, 9, 1399.51
1639476896, 0, 262, 278, 189, 7, 0.74%, 9, 0, 9, 1411.41
1639476901, 0, 262, 280, 191, 7, 0.74%, 9, 0, 9, 1398.67
1639476906, 0, 263, 284, 194, 7, 0.74%, 9, 0, 9, 1416.09
1639476911, 0, 269, 290, 199, 8, 0.74%, 9, 0, 9, 1410.28
1639476916, 0, 274, 290, 198, 7, 0.74%, 9, 0, 9, 1425.02
1639476921, 0, 275, 297, 204, 6, 0.74%, 9, 0, 10, 1410.73
1639476926, 0, 278, 302, 208, 5, 0.74%, 9, 0, 10, 1387.50
1639476931, 0, 279, 305, 210, 4, 0.74%, 9, 0, 10, 1403.33
1639476936, 0, 285, 310, 214, 6, 0.74%, 9, 0, 10, 1987.14
1639476941, 0, 305, 313, 216, 5, 0.75%, 9, 0, 11, 1485.51
1639476946, 0, 306, 315, 217, 5, 0.75%, 9, 0, 11, 1409.44
1639476951, 0, 308, 319, 220, 4, 0.75%, 9, 0, 11, 1391.89
1639476957, 1, 132, 322, 219, 0, 0.75%, 9, 0, 11, 1405.70
1639476962, 1, 156, 323, 215, 0, 0.75%, 9, 0, 11, 1399.83
1639476967, 1, 170, 323, 210, 0, 0.75%, 10, 0, 11, 1385.27
1639476972, 1, 184, 323, 206, 0, 0.75%, 10, 0, 11, 1418.48
1639476977, 1, 324, 325, 205, 1, 0.75%, 10, 0, 11, 1434.09
1639476982, 3, 12, 326, 202, 0, 0.76%, 10, 0, 11, 1423.38
1639476987, 3, 52, 326, 196, 0, 0.76%, 13, 0, 11, 1428.75
1639476992, 3, 80, 326, 192, 0, 0.76%, 13, 0, 11, 1419.07
1639476997, 3, 131, 326, 184, 0, 0.76%, 13, 0, 11, 1436.61
1639477002, 3, 162, 326, 181, 0, 0.76%, 13, 0, 11, 1431.74
1639477008, 3, 185, 327, 181, 0, 0.76%, 13, 0, 11, 1432.19
1639477013, 3, 288, 328, 181, 1, 0.76%, 13, 0, 11, 1431.18
1639477018, 3, 298, 331, 183, 1, 0.76%, 13, 0, 11, 1428.08
1639477023, 3, 327, 334, 185, 1, 0.76%, 13, 0, 11, 1416.98
1639477028, 3, 329, 337, 187, 0, 0.76%, 13, 0, 12, 1421.23
1639477033, 3, 331, 338, 187, 0, 0.76%, 13, 0, 12, 1419.61
