# unix_time, cycles_done, cur_path, paths_total, pending_total, pending_favs, map_size, unique_crashes, unique_hangs, max_depth, execs_per_sec
1639524196, 0, 0, 1, 1, 1, 0.12%, 0, 0, 1, 1000.00
1639524201, 0, 0, 75, 75, 1, 0.44%, 3, 0, 2, 1128.02
1639524206, 0, 10, 93, 90, 35, 0.45%, 4, 0, 3, 1206.52
1639524211, 0, 15, 100, 96, 36, 0.46%, 5, 0, 3, 1245.12
1639524216, 0, 16, 107, 102, 37, 0.46%, 6, 0, 3, 1263.97
1639524221, 0, 38, 124, 107, 28, 0.48%, 6, 0, 3, 1299.32
1639524227, 0, 45, 151, 128, 24, 0.52%, 7, 0, 3, 1341.54
1639524232, 0, 80, 157, 124, 15, 0.52%, 7, 0, 3, 1365.88
1639524237, 0, 114, 163, 122, 9, 0.52%, 7, 0, 4, 1352.85
1639524242, 0, 140, 171, 128, 7, 0.54%, 7, 0, 4, 1344.06
1639524247, 0, 156, 173, 125, 7, 0.55%, 7, 0, 4, 1347.26
1639524252, 0, 166, 174, 123, 5, 0.55%, 7, 0, 5, 1373.77
1639524257, 0, 173, 177, 122, 4, 0.55%, 7, 0, 6, 1374.28
1639524262, 0, 174, 190, 134, 3, 0.58%, 7, 0, 6, 1382.96
1639524267, 0, 175, 203, 146, 9, 0.62%, 9, 0, 6, 1340.62
1639524272, 0, 182, 209, 148, 16, 0.66%, 9, 0, 7, 1411.66
1639524277, 0, 189, 211, 147, 15, 0.66%, 10, 0, 7, 1449.20
1639524282, 0, 191, 215, 149, 14, 0.66%, 10, 0, 7, 1384.97
1639524288, 0, 196, 220, 150, 10, 0.66%, 10, 0, 7, 1409.35
1639524293, 0, 198, 226, 154, 8, 0.66%, 10, 0, 7, 1405.52
1639524298, 0, 199, 229, 156, 9, 0.67%, 10, 0, 7, 1402.73
1639524303, 0, 208, 246, 171, 7, 0.69%, 10, 0, 8, 1394.95
1639524308, 0, 209, 250, 174, 19, 0.70%, 10, 0, 8, 1388.55
1639524313, 0, 212, 254, 177, 21, 0.70%, 10, 0, 8, 1398.37
1639524318, 0, 229, 256, 176, 19, 0.70%, 10, 0, 8, 1383.08
1639524323, 0, 232, 257, 174, 16, 0.70%, 10, 0, 9, 1396.33
1639524328, 0, 235, 257, 171, 13, 0.70%, 10, 0, 9, 1373.69
1639524333, 0, 239, 257, 168, 10, 0.70%, 10, 0, 9, 1303.37
1639524338, 0, 241, 259, 168, 8, 0.70%, 10, 0, 9, 1303.84
1639524343, 0, 243, 263, 171, 8, 0.71%, 10, 0, 9, 1309.40
1639524348, 0, 248, 263, 170, 7, 0.71%, 10, 0, 9, 1282.32
1639524353, 0, 250, 264, 170, 6, 0.71%, 12, 0, 9, 1282.16
1639524358, 0, 252, 269, 174, 7, 0.71%, 12, 0, 9, 1298.79
1639524363, 0, 254, 271, 175, 6, 0.71%, 12, 0, 9, 1364.69
1639524369, 0, 259, 273, 176, 6, 0.72%, 12, 0, 10, 1416.88
1639524374, 0, 260, 276, 178, 5, 0.72%, 12, 0, 10, 1393.33
1639524379, 0, 264, 281, 182, 4, 0.72%, 12, 0, 10, 1318.28
1639524384, 0, 271, 284, 183, 3, 0.72%, 12, 0, 10, 1388.57
1639524389, 0, 278, 287, 185, 3, 0.72%, 12, 0, 11, 1387.00
1639524394, 0, 282, 292, 189, 3, 0.73%, 12, 0, 11, 1394.70
1639524399, 0, 289, 294, 189, 2, 0.73%, 12, 0, 12, 1407.67
1639524404, 1, 149, 295, 188, 1, 0.73%, 12, 0, 12, 1415.07
1639524409, 1, 165, 295, 186, 0, 0.73%, 12, 0, 12, 1394.87
1639524414, 1, 173, 295, 185, 0, 0.73%, 12, 0, 12, 1416.67
1639524420, 1, 192, 296, 185, 0, 0.73%, 12, 0, 12, 1414.96
1639524425, 1, 198, 296, 185, 0, 0.73%, 13, 0, 12, 1428.31
1639524430, 1, 205, 299, 185, 0, 0.73%, 13, 0, 12, 1415.41
1639524435, 1, 216, 299, 182, 0, 0.73%, 13, 0, 12, 1381.53
1639524440, 1, 229, 300, 182, 0, 0.73%, 13, 0, 12, 1340.09
1639524445, 1, 232, 300, 182, 0, 0.73%, 13, 0, 12, 1335.87
1639524450, 1, 236, 301, 183, 0, 0.73%, 13, 0, 12, 1344.80
1639524455, 1, 241, 301, 183, 0, 0.73%, 13, 0, 12, 1395.37
1639524460, 1, 242, 302, 184, 0, 0.73%, 13, 0, 12, 1447.63
1639524465, 1, 249, 302, 183, 0, 0.73%, 13, 0, 12, 1457.47
1639524470, 1, 251, 302, 182, 0, 0.73%, 13, 0, 12, 1480.85
1639524476, 1, 253, 303, 182, 0, 0.73%, 13, 0, 12, 1463.07
1639524481, 1, 260, 310, 188, 0, 0.73%, 13, 0, 12, 1449.83
1639524486, 1, 269, 312, 189, 0, 0.73%, 13, 0, 12, 1430.68
1639524491, 1, 278, 314, 190, 0, 0.73%, 13, 0, 12, 2255.54
