# unix_time, cycles_done, cur_path, paths_total, pending_total, pending_favs, map_size, unique_crashes, unique_hangs, max_depth, execs_per_sec
1639476940, 0, 0, 649, 649, 93, 0.89%, 0, 0, 1, 1224.24
1639476945, 0, 94, 649, 638, 82, 0.89%, 4, 0, 1, 1351.43
1639476950, 0, 170, 649, 627, 73, 0.89%, 5, 0, 1, 1404.77
1639476956, 0, 249, 649, 617, 63, 0.89%, 6, 0, 1, 1409.48
1639476961, 0, 337, 649, 610, 57, 0.89%, 7, 0, 1, 1410.41
1639476966, 0, 387, 649, 602, 50, 0.89%, 7, 0, 1, 1390.73
1639476971, 0, 413, 649, 595, 43, 0.89%, 7, 0, 1, 1394.37
1639476976, 0, 474, 649, 585, 33, 0.89%, 7, 0, 1, 1418.71
1639476981, 0, 511, 649, 577, 25, 0.89%, 7, 0, 1, 1407.12
1639476986, 0, 566, 649, 566, 15, 0.89%, 7, 0, 1, 1424.11
1639476992, 0, 635, 649, 554, 4, 0.89%, 7, 0, 1, 1399.08
1639476997, 1, 13, 649, 547, 0, 0.89%, 8, 0, 1, 1418.87
1639477002, 1, 46, 649, 540, 0, 0.89%, 10, 0, 1, 1418.14
1639477007, 1, 75, 649, 532, 0, 0.89%, 10, 0, 1, 1416.09
1639477012, 1, 98, 649, 527, 0, 0.89%, 10, 0, 1, 1415.04
1639477017, 1, 121, 649, 520, 0, 0.89%, 10, 0, 1, 1424.63
1639477022, 1, 157, 649, 516, 0, 0.89%, 10, 0, 1, 1407.67
1639477028, 1, 180, 649, 508, 0, 0.89%, 11, 0, 1, 1411.76
1639477033, 1, 196, 649, 502, 0, 0.89%, 12, 0, 1, 1413.59
1639477038, 1, 227, 649, 495, 0, 0.89%, 12, 0, 1, 1596.50
1639477043, 1, 252, 649, 491, 0, 0.89%, 12, 0, 1, 1437.47
1639477048, 1, 277, 649, 484, 0, 0.89%, 12, 0, 1, 1404.11
1639477053, 1, 303, 649, 478, 0, 0.89%, 12, 0, 1, 1385.78
1639477058, 1, 326, 649, 471, 0, 0.89%, 12, 0, 1, 1385.53
1639477063, 1, 346, 649, 467, 0, 0.89%, 12, 0, 1, 1393.75
1639477068, 1, 368, 649, 460, 0, 0.89%, 12, 0, 1, 1394.92
1639477074, 1, 401, 649, 457, 0, 0.89%, 12, 0, 1, 1385.38
1639477079, 1, 416, 649, 454, 0, 0.89%, 12, 0, 1, 1388.84
1639477084, 1, 438, 649, 451, 0, 0.89%, 12, 0, 1, 1389.13
1639477089, 1, 474, 649, 446, 0, 0.89%, 12, 0, 1, 1381.75
1639477094, 1, 503, 649, 443, 0, 0.89%, 12, 0, 1, 1370.63
1639477099, 1, 535, 649, 438, 0, 0.89%, 12, 0, 1, 1339.72
1639477104, 1, 552, 649, 433, 0, 0.89%, 12, 0, 1, 1402.05
1639477109, 1, 576, 649, 427, 0, 0.89%, 12, 0, 1, 1378.89
1639477114, 1, 593, 649, 421, 0, 0.89%, 12, 0, 1, 1398.56
1639477120, 1, 615, 649, 416, 0, 0.89%, 12, 0, 1, 1412.55
1639477125, 1, 637, 649, 411, 0, 0.89%, 12, 0, 1, 1403.59
1639477130, 2, 12, 649, 406, 0, 0.89%, 12, 0, 1, 1384.83
1639477135, 2, 37, 649, 399, 0, 0.89%, 12, 0, 1, 1410.88
1639477140, 2, 89, 649, 393, 0, 0.89%, 12, 0, 1, 1395.56
1639477145, 2, 122, 649, 389, 0, 0.89%, 12, 0, 1, 1405.54
1639477151, 2, 143, 649, 384, 0, 0.89%, 12, 0, 1, 1419.11
1639477156, 2, 174, 649, 378, 0, 0.89%, 12, 0, 1, 1417.32
1639477161, 2, 208, 649, 373, 0, 0.89%, 12, 0, 1, 1409.19
1639477166, 2, 227, 649, 366, 0, 0.89%, 12, 0, 1, 1402.23
1639477171, 2, 249, 649, 361, 0, 0.89%, 12, 0, 1, 1377.90
1639477176, 2, 273, 649, 357, 0, 0.89%, 12, 0, 1, 1390.48
1639477181, 2, 306, 649, 352, 0, 0.89%, 12, 0, 1, 1402.79
1639477186, 2, 338, 649, 348, 0, 0.89%, 12, 0, 1, 1410.06
1639477191, 2, 368, 649, 343, 0, 0.89%, 12, 0, 1, 1400.35
1639477197, 2, 400, 649, 339, 0, 0.89%, 12, 0, 1, 1398.68
1639477202, 2, 413, 649, 337, 0, 0.89%, 12, 0, 1, 1374.94
1639477207, 2, 436, 649, 334, 0, 0.89%, 12, 0, 1, 1380.16
1639477212, 2, 483, 649, 328, 0, 0.89%, 12, 0, 1, 1373.73
1639477217, 2, 500, 649, 323, 0, 0.89%, 12, 0, 1, 1388.29
1639477222, 2, 518, 649, 318, 0, 0.89%, 12, 0, 1, 1392.98
1639477228, 2, 537, 649, 314, 0, 0.89%, 12, 0, 1, 1399.50
1639477233, 2, 571, 649, 310, 0, 0.89%, 12, 0, 1, 1412.21
