# unix_time, cycles_done, cur_path, paths_total, pending_total, pending_favs, map_size, unique_crashes, unique_hangs, max_depth, execs_per_sec
1639592438, 0, 0, 1, 1, 1, 0.12%, 0, 0, 1, 1600.00
1639592443, 0, 0, 73, 73, 1, 0.44%, 4, 0, 2, 1454.12
1639592448, 0, 14, 122, 117, 40, 0.52%, 4, 0, 3, 1407.54
1639592454, 0, 40, 144, 128, 31, 0.53%, 4, 0, 3, 1459.52
1639592459, 0, 69, 155, 128, 21, 0.53%, 4, 0, 3, 1461.80
1639592464, 0, 76, 160, 129, 17, 0.53%, 5, 0, 3, 1464.35
1639592469, 0, 113, 173, 134, 11, 0.54%, 5, 0, 4, 1464.23
1639592474, 0, 160, 178, 131, 3, 0.54%, 5, 0, 4, 1472.85
1639592479, 0, 170, 185, 136, 2, 0.56%, 6, 0, 5, 1474.21
1639592484, 0, 185, 195, 143, 6, 0.59%, 7, 0, 5, 1460.73
1639592489, 0, 188, 204, 150, 5, 0.60%, 7, 0, 6, 1472.02
1639592494, 0, 189, 206, 151, 7, 0.60%, 7, 0, 6, 1480.80
1639592499, 0, 197, 211, 153, 6, 0.61%, 7, 0, 7, 1479.22
1639592504, 0, 202, 216, 155, 4, 0.62%, 7, 0, 7, 1488.00
1639592510, 0, 216, 221, 156, 4, 0.64%, 8, 0, 8, 1450.25
1639592515, 0, 219, 229, 162, 4, 0.66%, 8, 0, 9, 1439.00
1639592520, 0, 222, 234, 165, 5, 0.66%, 8, 0, 9, 1478.76
1639592525, 0, 233, 238, 165, 2, 0.66%, 8, 0, 10, 1475.75
1639592530, 1, 11, 238, 162, 0, 0.66%, 8, 0, 10, 1491.02
1639592535, 1, 52, 242, 164, 0, 0.66%, 8, 0, 10, 1490.04
1639592540, 1, 69, 243, 160, 0, 0.66%, 8, 0, 10, 1474.29
1639592545, 1, 245, 249, 163, 2, 0.67%, 8, 0, 10, 1464.75
1639592550, 1, 245, 251, 165, 2, 0.67%, 9, 0, 10, 1460.87
1639592555, 1, 249, 255, 167, 3, 0.67%, 9, 0, 10, 1431.71
1639592560, 1, 249, 265, 177, 3, 0.69%, 9, 0, 10, 1452.10
1639592565, 1, 251, 269, 180, 7, 0.69%, 9, 0, 10, 1445.44
1639592570, 1, 255, 271, 180, 7, 0.69%, 9, 0, 10, 1457.79
1639592576, 1, 260, 276, 184, 7, 0.69%, 9, 0, 10, 1457.84
1639592581, 1, 263, 279, 185, 6, 0.69%, 9, 0, 10, 1445.82
1639592586, 1, 268, 281, 186, 5, 0.69%, 11, 0, 10, 1421.51
1639592591, 1, 269, 283, 187, 4, 0.69%, 11, 0, 10, 1463.54
1639592596, 1, 270, 285, 188, 3, 0.69%, 11, 0, 10, 1455.38
1639592601, 2, 48, 285, 181, 0, 0.69%, 11, 0, 10, 2230.81
1639592606, 2, 84, 286, 179, 0, 0.69%, 11, 0, 10, 1654.76
1639592611, 2, 109, 289, 175, 0, 0.69%, 11, 0, 10, 1506.39
1639592616, 2, 144, 289, 171, 0, 0.69%, 11, 0, 10, 1447.23
1639592621, 2, 171, 290, 165, 0, 0.69%, 11, 0, 10, 1467.01
1639592626, 2, 185, 291, 163, 0, 0.69%, 11, 0, 10, 1471.29
1639592631, 2, 194, 291, 162, 0, 0.69%, 11, 0, 10, 1488.41
1639592636, 2, 209, 291, 160, 0, 0.69%, 11, 0, 10, 1481.68
1639592641, 2, 291, 293, 159, 1, 0.69%, 11, 0, 10, 1476.59
1639592646, 2, 291, 294, 160, 1, 0.69%, 11, 0, 10, 1465.13
1639592652, 2, 295, 296, 160, 0, 0.69%, 11, 0, 10, 1459.12
1639592657, 3, 17, 296, 157, 0, 0.69%, 11, 0, 10, 1383.11
1639592662, 3, 56, 297, 155, 0, 0.69%, 11, 0, 10, 1431.42
1639592667, 3, 93, 298, 153, 0, 0.69%, 11, 0, 10, 1462.56
1639592672, 3, 133, 299, 151, 0, 0.69%, 11, 0, 10, 1456.91
1639592677, 3, 165, 299, 147, 0, 0.69%, 11, 0, 10, 1440.23
1639592682, 3, 181, 299, 142, 0, 0.69%, 11, 0, 10, 1417.46
1639592687, 3, 191, 299, 141, 0, 0.69%, 11, 0, 10, 1405.38
1639592692, 3, 202, 299, 138, 0, 0.69%, 11, 0, 10, 1413.00
1639592697, 3, 216, 299, 136, 0, 0.69%, 11, 0, 10, 1450.95
1639592703, 3, 222, 299, 135, 0, 0.69%, 11, 0, 10, 1479.29
1639592708, 3, 230, 299, 135, 0, 0.69%, 11, 0, 10, 1473.55
1639592713, 3, 238, 299, 133, 0, 0.69%, 11, 0, 10, 1494.01
1639592718, 3, 246, 302, 133, 0, 0.69%, 11, 0, 10, 1470.26
1639592723, 3, 249, 304, 134, 0, 0.69%, 11, 0, 10, 1468.54
1639592728, 3, 263, 306, 135, 0, 0.69%, 11, 0, 10, 1467.02
1639592733, 3, 306, 308, 137, 1, 0.70%, 11, 0, 10, 1462.89
1639592738, 3, 306, 310, 139, 1, 0.70%, 11, 0, 10, 1466.93
