# unix_time, cycles_done, cur_path, paths_total, pending_total, pending_favs, map_size, unique_crashes, unique_hangs, max_depth, execs_per_sec
1639553455, 0, 0, 1, 1, 1, 0.12%, 0, 0, 1, 1600.00
1639553460, 0, 0, 70, 70, 1, 0.43%, 3, 0, 2, 1426.45
1639553465, 0, 11, 95, 90, 37, 0.47%, 3, 0, 3, 1426.53
1639553470, 0, 36, 129, 116, 35, 0.52%, 3, 0, 3, 1406.98
1639553475, 0, 48, 144, 123, 30, 0.53%, 3, 0, 3, 1398.10
1639553480, 0, 53, 146, 122, 28, 0.53%, 3, 0, 3, 1389.98
1639553485, 0, 74, 162, 129, 23, 0.55%, 4, 0, 3, 1399.69
1639553490, 0, 78, 167, 132, 22, 0.55%, 6, 0, 3, 1356.93
1639553495, 0, 106, 172, 132, 17, 0.55%, 6, 0, 4, 1322.66
1639553500, 0, 133, 177, 130, 12, 0.55%, 6, 0, 4, 1332.01
1639553505, 0, 133, 184, 137, 12, 0.57%, 6, 0, 4, 1386.18
1639553510, 0, 156, 187, 134, 11, 0.57%, 6, 0, 4, 1359.37
1639553515, 0, 176, 194, 138, 9, 0.58%, 6, 0, 5, 1405.71
1639553520, 0, 179, 200, 143, 9, 0.59%, 6, 0, 5, 1434.19
1639553525, 0, 180, 202, 144, 12, 0.59%, 6, 0, 5, 1445.53
1639553530, 0, 189, 206, 144, 8, 0.59%, 6, 0, 6, 1415.33
1639553535, 0, 195, 209, 145, 7, 0.59%, 6, 0, 6, 1414.01
1639553540, 0, 199, 217, 149, 8, 0.63%, 6, 0, 6, 1418.52
1639553545, 0, 213, 218, 145, 4, 0.63%, 6, 0, 7, 1437.93
1639553551, 0, 217, 229, 154, 2, 0.64%, 7, 0, 8, 1436.91
1639553556, 0, 220, 239, 163, 7, 0.65%, 7, 0, 9, 1402.82
1639553561, 0, 224, 242, 164, 10, 0.65%, 7, 0, 9, 1414.55
1639553566, 0, 228, 250, 169, 9, 0.66%, 7, 0, 9, 1433.61
1639553571, 0, 228, 256, 175, 9, 0.66%, 7, 0, 9, 1430.10
1639553576, 0, 235, 259, 176, 9, 0.66%, 8, 0, 10, 1427.13
1639553581, 0, 240, 263, 178, 8, 0.66%, 9, 0, 10, 1419.98
1639553586, 0, 242, 267, 180, 7, 0.67%, 9, 0, 10, 1418.67
1639553591, 0, 243, 273, 185, 7, 0.67%, 9, 0, 10, 1428.64
1639553597, 0, 249, 274, 185, 6, 0.67%, 9, 0, 10, 1423.86
1639553602, 0, 258, 279, 188, 7, 0.68%, 10, 0, 11, 1396.33
1639553607, 0, 262, 282, 190, 7, 0.68%, 11, 0, 11, 1387.77
1639553612, 0, 266, 282, 188, 6, 0.68%, 11, 0, 11, 1393.39
1639553617, 0, 274, 284, 188, 4, 0.68%, 11, 0, 11, 1405.35
1639553622, 0, 276, 286, 189, 4, 0.68%, 12, 0, 11, 1426.71
1639553627, 0, 283, 291, 192, 2, 0.71%, 12, 0, 12, 1447.45
1639553632, 0, 289, 298, 197, 8, 0.73%, 12, 0, 13, 1445.15
1639553637, 0, 291, 300, 197, 7, 0.73%, 12, 0, 13, 1437.80
1639553642, 0, 295, 300, 194, 4, 0.73%, 12, 0, 13, 1447.11
1639553647, 1, 133, 300, 190, 1, 0.73%, 12, 0, 13, 1375.31
1639553653, 1, 289, 302, 190, 0, 0.73%, 12, 0, 13, 1407.21
1639553658, 1, 292, 302, 190, 0, 0.73%, 12, 0, 13, 1386.73
1639553663, 1, 299, 303, 191, 0, 0.73%, 12, 0, 13, 1433.42
1639553668, 2, 25, 304, 188, 0, 0.73%, 12, 0, 13, 1415.75
1639553673, 2, 69, 307, 189, 0, 0.73%, 12, 0, 13, 2037.80
1639553678, 2, 96, 307, 184, 0, 0.73%, 12, 0, 13, 1728.82
1639553683, 2, 122, 307, 179, 0, 0.73%, 12, 0, 13, 1465.12
1639553689, 2, 140, 307, 173, 0, 0.73%, 12, 0, 13, 1428.34
1639553694, 2, 174, 307, 171, 0, 0.73%, 12, 0, 13, 1413.06
1639553699, 2, 186, 307, 169, 0, 0.73%, 12, 0, 13, 1415.25
1639553704, 2, 198, 307, 168, 0, 0.73%, 12, 0, 13, 1387.39
1639553709, 2, 207, 310, 170, 0, 0.73%, 12, 0, 13, 1423.66
1639553714, 2, 214, 310, 168, 0, 0.73%, 12, 0, 13, 1425.13
1639553719, 2, 231, 311, 168, 0, 0.73%, 12, 0, 13, 1408.36
1639553724, 2, 237, 311, 167, 0, 0.73%, 12, 0, 13, 1422.45
1639553729, 2, 242, 311, 167, 0, 0.73%, 12, 0, 13, 1404.55
1639553734, 2, 250, 312, 168, 0, 0.73%, 12, 0, 13, 1420.89
1639553740, 2, 260, 313, 168, 0, 0.73%, 12, 0, 13, 1398.29
1639553745, 2, 272, 314, 168, 0, 0.73%, 12, 0, 13, 1372.26
1639553750, 2, 276, 315, 168, 0, 0.73%, 12, 0, 13, 1387.03
1639553755, 2, 279, 316, 169, 0, 0.73%, 12, 0, 13, 1423.55
