# unix_time, cycles_done, cur_path, paths_total, pending_total, pending_favs, map_size, unique_crashes, unique_hangs, max_depth, execs_per_sec
1639479750, 0, 0, 1, 1, 1, 0.12%, 0, 0, 1, 1142.86
1639479755, 0, 0, 76, 76, 1, 0.43%, 5, 0, 2, 1311.88
1639479760, 0, 17, 101, 95, 35, 0.45%, 6, 0, 3, 1340.11
1639479765, 0, 23, 116, 107, 33, 0.49%, 8, 0, 3, 1355.18
1639479770, 0, 36, 125, 110, 31, 0.50%, 8, 0, 3, 1366.00
1639479775, 0, 51, 131, 111, 26, 0.51%, 8, 0, 3, 1395.39
1639479780, 0, 63, 157, 130, 23, 0.53%, 8, 0, 3, 1388.84
1639479785, 0, 97, 163, 130, 17, 0.53%, 8, 0, 4, 1372.04
1639479791, 0, 116, 173, 133, 13, 0.54%, 9, 0, 4, 1382.29
1639479796, 0, 124, 175, 133, 15, 0.54%, 10, 0, 4, 1391.32
1639479801, 0, 152, 179, 131, 10, 0.55%, 10, 0, 4, 1383.57
1639479806, 0, 171, 189, 137, 7, 0.56%, 10, 0, 5, 1409.83
1639479811, 0, 173, 197, 144, 12, 0.58%, 10, 0, 5, 1406.24
1639479816, 0, 190, 205, 147, 9, 0.58%, 10, 0, 6, 1397.23
1639479821, 0, 193, 210, 150, 11, 0.62%, 10, 0, 6, 1403.73
1639479826, 0, 195, 225, 164, 14, 0.64%, 10, 0, 6, 1380.23
1639479831, 0, 207, 231, 166, 13, 0.64%, 10, 0, 7, 1395.81
1639479837, 0, 213, 232, 163, 10, 0.64%, 10, 0, 7, 1397.79
1639479842, 0, 218, 239, 167, 11, 0.64%, 11, 0, 7, 1380.58
1639479847, 0, 223, 243, 169, 9, 0.64%, 11, 0, 7, 1380.34
1639479852, 0, 229, 247, 171, 8, 0.64%, 11, 0, 7, 1397.63
1639479857, 0, 233, 249, 172, 8, 0.64%, 12, 0, 8, 1416.77
1639479862, 0, 234, 256, 178, 8, 0.65%, 12, 0, 8, 1395.09
1639479867, 0, 241, 261, 181, 8, 0.65%, 12, 0, 8, 1357.46
1639479872, 0, 245, 265, 184, 8, 0.65%, 12, 0, 8, 1386.67
1639479877, 0, 247, 267, 185, 7, 0.65%, 12, 0, 9, 1423.12
1639479882, 0, 249, 270, 187, 6, 0.65%, 14, 0, 9, 1398.92
1639479887, 0, 249, 271, 188, 6, 0.65%, 14, 0, 9, 1406.07
1639479892, 0, 251, 274, 190, 6, 0.66%, 14, 0, 9, 1396.04
1639479897, 0, 269, 277, 191, 7, 0.66%, 14, 0, 10, 1381.86
1639479903, 0, 274, 277, 189, 5, 0.66%, 14, 0, 10, 1400.67
1639479908, 0, 275, 280, 191, 4, 0.66%, 14, 0, 11, 1376.66
1639479913, 1, 129, 282, 187, 1, 0.66%, 14, 0, 11, 1381.56
1639479918, 2, 4, 284, 184, 0, 0.66%, 14, 0, 11, 1381.91
1639479923, 2, 30, 284, 178, 0, 0.66%, 14, 0, 11, 1377.75
1639479928, 2, 59, 284, 175, 0, 0.66%, 14, 0, 11, 1394.63
1639479933, 2, 93, 284, 172, 0, 0.66%, 14, 0, 11, 1419.22
1639479938, 2, 110, 284, 168, 0, 0.66%, 14, 0, 11, 1420.60
1639479943, 2, 134, 285, 166, 0, 0.66%, 14, 0, 11, 1394.02
1639479949, 2, 153, 286, 164, 0, 0.66%, 14, 0, 11, 1411.45
1639479954, 2, 164, 287, 162, 0, 0.66%, 14, 0, 11, 1423.26
1639479959, 2, 177, 288, 162, 0, 0.66%, 14, 0, 11, 1415.00
1639479964, 2, 188, 288, 160, 0, 0.66%, 14, 0, 11, 1431.80
1639479969, 2, 194, 289, 160, 0, 0.66%, 14, 0, 11, 1397.47
1639479974, 3, 290, 291, 156, 1, 0.67%, 14, 0, 11, 1932.52
1639479979, 4, 42, 291, 153, 0, 0.67%, 14, 0, 11, 1656.38
1639479984, 4, 82, 292, 154, 0, 0.67%, 14, 0, 11, 1427.20
1639479990, 4, 221, 294, 151, 1, 0.67%, 14, 0, 11, 1413.15
1639479995, 5, 5, 294, 148, 0, 0.67%, 14, 0, 11, 1418.92
1639480000, 5, 36, 294, 144, 0, 0.67%, 14, 0, 11, 1394.05
1639480005, 5, 295, 296, 144, 0, 0.67%, 14, 0, 11, 1378.12
1639480010, 6, 31, 296, 143, 0, 0.67%, 14, 0, 11, 1380.64
1639480015, 6, 57, 296, 141, 0, 0.67%, 14, 0, 11, 1399.14
1639480020, 6, 86, 296, 137, 0, 0.67%, 14, 0, 11, 1392.46
1639480025, 6, 105, 296, 135, 0, 0.67%, 15, 0, 11, 1394.52
1639480030, 6, 130, 297, 133, 0, 0.67%, 15, 0, 11, 1363.87
1639480035, 6, 145, 297, 129, 0, 0.67%, 15, 0, 11, 1316.99
1639480040, 6, 162, 297, 128, 0, 0.67%, 15, 0, 11, 1277.98
1639480045, 6, 173, 297, 126, 0, 0.67%, 15, 0, 11, 1252.19
