# unix_time, cycles_done, cur_path, paths_total, pending_total, pending_favs, map_size, unique_crashes, unique_hangs, max_depth, execs_per_sec
1639489449, 0, 0, 951, 951, 86, 0.83%, 0, 0, 1, 1281.46
1639489455, 0, 131, 954, 947, 82, 0.84%, 2, 0, 2, 1371.44
1639489460, 0, 215, 955, 938, 72, 0.84%, 5, 0, 2, 1411.78
1639489465, 0, 321, 956, 930, 64, 0.84%, 6, 0, 2, 1403.27
1639489470, 0, 401, 956, 919, 54, 0.84%, 6, 0, 2, 1245.23
1639489475, 0, 494, 957, 910, 46, 0.84%, 6, 0, 2, 1290.21
1639489480, 0, 579, 958, 901, 38, 0.84%, 6, 0, 2, 1368.40
1639489485, 0, 666, 958, 891, 29, 0.84%, 6, 0, 2, 1393.35
1639489491, 0, 785, 958, 882, 20, 0.84%, 6, 0, 2, 1403.56
1639489496, 0, 895, 958, 873, 13, 0.84%, 6, 0, 2, 1428.11
1639489501, 0, 928, 958, 868, 8, 0.84%, 6, 0, 2, 1433.11
1639489506, 0, 960, 963, 863, 2, 0.85%, 6, 0, 4, 1427.72
1639489511, 0, 962, 967, 866, 1, 0.86%, 6, 0, 5, 1426.88
1639489516, 0, 967, 968, 864, 0, 0.86%, 6, 0, 6, 1411.77
1639489521, 1, 26, 969, 857, 0, 0.86%, 6, 0, 6, 1394.58
1639489526, 1, 968, 969, 851, 1, 0.86%, 6, 0, 6, 1388.41
1639489531, 2, 34, 969, 845, 0, 0.86%, 6, 0, 6, 1412.59
1639489536, 2, 63, 969, 838, 0, 0.86%, 6, 0, 6, 1419.15
1639489541, 2, 96, 969, 832, 0, 0.86%, 7, 0, 6, 1421.44
1639489547, 2, 112, 969, 824, 0, 0.86%, 7, 0, 6, 1426.82
1639489552, 2, 138, 969, 818, 0, 0.86%, 7, 0, 6, 1368.99
1639489557, 2, 172, 969, 812, 0, 0.86%, 7, 0, 6, 1393.38
1639489562, 2, 198, 969, 806, 0, 0.86%, 7, 0, 6, 1373.12
1639489567, 2, 222, 969, 801, 0, 0.86%, 7, 0, 6, 1374.24
1639489572, 2, 257, 969, 794, 0, 0.86%, 7, 0, 6, 1405.56
1639489577, 2, 305, 969, 786, 0, 0.86%, 7, 0, 6, 1415.30
1639489582, 2, 350, 969, 779, 0, 0.86%, 7, 0, 6, 1405.74
1639489588, 2, 377, 969, 775, 0, 0.86%, 7, 0, 6, 1405.05
1639489593, 2, 401, 969, 771, 0, 0.86%, 7, 0, 6, 1399.02
1639489598, 2, 441, 969, 765, 0, 0.86%, 8, 0, 6, 1385.66
1639489603, 2, 470, 969, 758, 0, 0.86%, 8, 0, 6, 1394.03
1639489608, 2, 500, 969, 751, 0, 0.86%, 8, 0, 6, 1408.46
1639489613, 2, 537, 969, 744, 0, 0.86%, 8, 0, 6, 1406.16
1639489618, 2, 557, 969, 739, 0, 0.86%, 8, 0, 6, 1412.52
1639489623, 2, 596, 969, 732, 0, 0.86%, 8, 0, 6, 1422.50
1639489628, 2, 628, 969, 724, 0, 0.86%, 8, 0, 6, 1430.35
1639489634, 2, 666, 969, 714, 0, 0.86%, 8, 0, 6, 1427.80
1639489639, 2, 687, 969, 706, 0, 0.86%, 8, 0, 6, 1423.12
1639489644, 2, 706, 969, 701, 0, 0.86%, 8, 0, 6, 1405.30
1639489649, 2, 726, 969, 693, 0, 0.86%, 8, 0, 6, 1425.18
1639489654, 2, 758, 969, 685, 0, 0.86%, 9, 0, 6, 1428.30
1639489660, 2, 788, 969, 677, 0, 0.86%, 9, 0, 6, 1428.68
1639489665, 2, 804, 969, 671, 0, 0.86%, 9, 0, 6, 1428.84
1639489670, 2, 829, 969, 663, 0, 0.86%, 9, 0, 6, 1412.56
1639489675, 2, 872, 969, 655, 0, 0.86%, 9, 0, 6, 1427.75
1639489680, 2, 904, 969, 649, 0, 0.86%, 9, 0, 6, 1436.37
1639489685, 2, 922, 969, 646, 0, 0.86%, 9, 0, 6, 1407.08
1639489690, 2, 937, 969, 644, 0, 0.86%, 9, 0, 6, 1415.43
1639489695, 2, 956, 970, 640, 0, 0.86%, 9, 0, 6, 1421.92
1639489701, 3, 20, 970, 638, 0, 0.86%, 9, 0, 6, 1843.09
1639489706, 3, 62, 970, 630, 0, 0.86%, 9, 0, 6, 2123.92
1639489711, 3, 95, 970, 619, 0, 0.86%, 9, 0, 6, 2273.51
1639489716, 3, 163, 970, 608, 0, 0.86%, 9, 0, 6, 2350.83
1639489721, 3, 221, 970, 600, 0, 0.86%, 9, 0, 6, 2432.53
1639489726, 3, 271, 971, 593, 0, 0.86%, 10, 0, 6, 2428.79
1639489732, 3, 363, 971, 582, 0, 0.86%, 10, 0, 6, 2445.66
1639489737, 3, 418, 971, 573, 0, 0.86%, 10, 0, 6, 2472.43
1639489742, 3, 502, 971, 562, 0, 0.86%, 10, 0, 6, 2472.63
