# unix_time, cycles_done, cur_path, paths_total, pending_total, pending_favs, map_size, unique_crashes, unique_hangs, max_depth, execs_per_sec
1639482765, 0, 0, 1, 1, 1, 0.12%, 0, 0, 1, 2000.00
1639482770, 0, 0, 80, 80, 1, 0.47%, 4, 0, 2, 1539.45
1639482775, 0, 14, 108, 102, 34, 0.48%, 4, 0, 3, 1455.06
1639482780, 0, 32, 126, 111, 30, 0.49%, 5, 0, 3, 1444.84
1639482786, 0, 58, 144, 120, 28, 0.53%, 6, 0, 3, 1444.19
1639482791, 0, 61, 156, 130, 28, 0.56%, 6, 0, 3, 1440.97
1639482796, 0, 83, 162, 127, 20, 0.56%, 6, 0, 3, 1425.60
1639482801, 0, 140, 167, 123, 14, 0.57%, 6, 0, 4, 1435.23
1639482806, 0, 149, 176, 128, 11, 0.57%, 6, 0, 4, 1440.06
1639482811, 0, 163, 179, 125, 5, 0.57%, 6, 0, 5, 1431.60
1639482816, 0, 164, 185, 130, 5, 0.58%, 6, 0, 5, 1424.44
1639482821, 0, 186, 192, 133, 3, 0.59%, 6, 0, 6, 1443.65
1639482826, 0, 190, 195, 135, 6, 0.60%, 6, 0, 7, 1430.06
1639482831, 1, 195, 196, 130, 2, 0.60%, 6, 0, 7, 1422.86
1639482836, 2, 64, 198, 126, 0, 0.60%, 6, 0, 7, 1429.96
1639482841, 2, 136, 203, 129, 1, 0.60%, 6, 0, 7, 1423.43
1639482846, 2, 136, 211, 137, 1, 0.61%, 7, 0, 7, 1429.32
1639482851, 2, 201, 220, 145, 5, 0.63%, 8, 0, 7, 1437.41
1639482856, 2, 210, 226, 150, 6, 0.64%, 9, 0, 7, 1414.31
1639482862, 2, 213, 227, 149, 8, 0.64%, 9, 0, 7, 1427.79
1639482867, 2, 213, 233, 155, 8, 0.65%, 9, 0, 7, 1412.97
1639482872, 2, 214, 236, 157, 8, 0.65%, 10, 0, 7, 1393.84
1639482877, 2, 218, 237, 157, 7, 0.65%, 10, 0, 7, 1400.38
1639482882, 2, 219, 241, 160, 7, 0.65%, 10, 0, 7, 1418.95
1639482887, 2, 221, 244, 162, 7, 0.66%, 10, 0, 7, 1426.50
1639482892, 2, 225, 247, 162, 8, 0.67%, 10, 0, 7, 1425.56
1639482897, 2, 228, 251, 165, 7, 0.67%, 10, 0, 7, 1449.06
1639482902, 2, 236, 253, 166, 6, 0.67%, 10, 0, 7, 1453.92
1639482907, 2, 240, 253, 165, 5, 0.67%, 10, 0, 7, 1401.41
1639482912, 2, 241, 254, 165, 4, 0.67%, 11, 0, 7, 1423.33
1639482917, 2, 246, 255, 163, 1, 0.67%, 11, 0, 7, 1440.27
1639482922, 2, 252, 255, 161, 0, 0.67%, 12, 0, 7, 1427.14
1639482927, 3, 14, 257, 161, 0, 0.67%, 12, 0, 7, 1438.62
1639482933, 4, 11, 259, 159, 0, 0.68%, 12, 0, 7, 1430.75
1639482938, 4, 32, 263, 161, 0, 0.68%, 13, 0, 7, 1432.44
1639482943, 4, 56, 264, 158, 0, 0.68%, 13, 0, 7, 1442.25
1639482948, 4, 73, 265, 156, 0, 0.68%, 13, 0, 7, 1444.37
1639482953, 4, 119, 265, 148, 0, 0.68%, 13, 0, 7, 1434.53
1639482958, 4, 141, 267, 148, 0, 0.68%, 13, 0, 7, 1434.70
1639482963, 4, 162, 267, 145, 0, 0.68%, 13, 0, 7, 1438.94
1639482968, 4, 171, 267, 143, 0, 0.68%, 13, 0, 7, 1432.18
1639482973, 4, 177, 268, 140, 0, 0.68%, 13, 0, 7, 1446.50
1639482978, 4, 190, 268, 137, 0, 0.68%, 13, 0, 7, 1450.82
1639482983, 4, 194, 268, 136, 0, 0.68%, 13, 0, 7, 1423.67
1639482989, 4, 210, 269, 135, 0, 0.68%, 13, 0, 7, 1439.46
1639482994, 4, 213, 269, 135, 0, 0.68%, 13, 0, 7, 1437.50
1639482999, 4, 214, 269, 135, 0, 0.68%, 13, 0, 7, 1432.57
1639483004, 4, 219, 269, 135, 0, 0.68%, 13, 0, 7, 1430.08
1639483009, 4, 223, 269, 135, 0, 0.68%, 13, 0, 7, 1405.28
1639483014, 4, 226, 270, 136, 0, 0.68%, 13, 0, 7, 1439.72
1639483019, 4, 228, 270, 135, 0, 0.68%, 13, 0, 7, 1532.62
1639483024, 4, 237, 272, 137, 0, 0.68%, 13, 0, 7, 2055.16
1639483029, 4, 240, 272, 136, 0, 0.68%, 13, 0, 7, 1518.86
1639483035, 4, 241, 275, 139, 0, 0.68%, 13, 0, 7, 1459.36
1639483040, 4, 273, 277, 141, 1, 0.68%, 13, 0, 8, 1423.81
1639483045, 4, 274, 277, 140, 0, 0.68%, 13, 0, 8, 1420.16
1639483050, 4, 275, 280, 142, 0, 0.68%, 13, 0, 9, 1413.84
1639483060, 4, 279, 283, 144, 1, 0.68%, 13, 0, 10, 1414.54
1639483065, 4, 280, 287, 147, 3, 0.69%, 13, 0, 11, 1410.72
