# unix_time, cycles_done, cur_path, paths_total, pending_total, pending_favs, map_size, unique_crashes, unique_hangs, max_depth, execs_per_sec
1639595349, 0, 0, 828, 828, 82, 0.80%, 0, 0, 1, 837.84
1639595354, 0, 62, 828, 821, 76, 0.80%, 2, 0, 1, 891.32
1639595359, 0, 105, 828, 816, 71, 0.80%, 4, 0, 1, 873.83
1639595365, 0, 155, 828, 811, 68, 0.80%, 5, 0, 1, 884.76
1639595370, 0, 205, 828, 806, 65, 0.80%, 5, 0, 1, 866.57
1639595375, 0, 223, 831, 806, 62, 0.80%, 6, 0, 2, 872.75
1639595380, 0, 263, 831, 801, 59, 0.80%, 6, 0, 2, 881.91
1639595385, 0, 307, 831, 796, 56, 0.80%, 6, 0, 2, 905.03
1639595390, 0, 332, 832, 793, 53, 0.80%, 9, 0, 2, 984.65
1639595395, 0, 378, 832, 788, 49, 0.80%, 10, 0, 2, 1034.03
1639595400, 0, 446, 832, 778, 40, 0.80%, 10, 0, 2, 1109.31
1639595405, 0, 603, 832, 767, 30, 0.80%, 10, 0, 2, 1213.30
1639595410, 0, 667, 833, 759, 22, 0.80%, 11, 0, 2, 1252.51
1639595415, 0, 757, 833, 749, 12, 0.80%, 11, 0, 2, 1277.46
1639595420, 0, 829, 833, 739, 4, 0.80%, 11, 0, 2, 1259.71
1639595426, 1, 3, 834, 734, 0, 0.81%, 14, 0, 3, 1282.52
1639595431, 1, 26, 834, 728, 0, 0.81%, 14, 0, 3, 1303.78
1639595436, 1, 65, 834, 722, 0, 0.81%, 14, 0, 3, 1310.27
1639595441, 1, 97, 834, 716, 0, 0.81%, 15, 0, 3, 1305.65
1639595446, 1, 129, 834, 710, 0, 0.81%, 16, 0, 3, 1303.10
1639595451, 1, 165, 834, 703, 0, 0.81%, 16, 0, 3, 1288.42
1639595456, 1, 202, 834, 695, 0, 0.81%, 16, 0, 3, 1513.09
1639595461, 1, 220, 834, 690, 0, 0.81%, 16, 0, 3, 1338.39
1639595466, 1, 240, 834, 685, 0, 0.81%, 16, 0, 3, 1332.48
1639595471, 1, 834, 836, 680, 1, 0.81%, 16, 0, 3, 1332.21
1639595476, 1, 837, 838, 680, 1, 0.81%, 16, 0, 4, 1366.72
1639595481, 2, 33, 839, 677, 0, 0.81%, 18, 0, 5, 1378.09
1639595486, 2, 72, 839, 672, 0, 0.81%, 18, 0, 5, 1425.17
1639595491, 2, 94, 839, 667, 0, 0.81%, 18, 0, 5, 1430.53
1639595497, 2, 129, 839, 659, 0, 0.81%, 18, 0, 5, 1374.42
1639595502, 2, 159, 839, 655, 0, 0.81%, 18, 0, 5, 1061.26
1639595507, 2, 191, 839, 652, 0, 0.81%, 18, 0, 5, 1029.17
1639595512, 2, 216, 839, 647, 0, 0.81%, 18, 0, 5, 1126.28
1639595517, 2, 245, 839, 643, 0, 0.81%, 18, 0, 5, 1212.95
1639595522, 2, 264, 839, 639, 0, 0.81%, 18, 0, 5, 1265.30
1639595527, 2, 285, 839, 632, 0, 0.81%, 18, 0, 5, 1319.04
1639595532, 2, 324, 839, 628, 0, 0.81%, 19, 0, 5, 1381.75
1639595537, 2, 355, 839, 622, 0, 0.81%, 19, 0, 5, 1401.78
1639595542, 2, 385, 839, 615, 0, 0.81%, 19, 0, 5, 1424.46
1639595548, 2, 408, 839, 609, 0, 0.81%, 19, 0, 5, 1440.70
1639595553, 2, 433, 839, 601, 0, 0.81%, 19, 0, 5, 1443.21
1639595558, 2, 477, 839, 590, 0, 0.81%, 19, 0, 5, 1439.30
1639595563, 2, 517, 839, 583, 0, 0.81%, 19, 0, 5, 1448.23
1639595568, 2, 554, 842, 580, 0, 0.81%, 19, 0, 5, 1453.95
1639595573, 2, 596, 842, 573, 0, 0.81%, 19, 0, 5, 1413.74
1639595578, 2, 645, 842, 566, 0, 0.81%, 19, 0, 5, 1444.88
1639595583, 2, 669, 842, 562, 0, 0.81%, 20, 0, 5, 1453.07
1639595589, 2, 695, 842, 556, 0, 0.81%, 20, 0, 5, 1436.71
1639595594, 2, 828, 844, 552, 2, 0.81%, 20, 0, 5, 1428.77
1639595599, 2, 845, 849, 554, 3, 0.82%, 20, 0, 5, 1397.32
1639595604, 2, 847, 850, 554, 2, 0.82%, 22, 0, 5, 1375.40
1639595609, 2, 849, 850, 552, 1, 0.82%, 22, 0, 5, 1387.62
1639595614, 3, 33, 850, 547, 0, 0.82%, 23, 0, 5, 1403.48
1639595619, 3, 65, 850, 543, 0, 0.82%, 23, 0, 5, 1396.16
1639595624, 3, 100, 850, 538, 0, 0.82%, 23, 0, 5, 1407.79
1639595629, 3, 156, 850, 532, 0, 0.82%, 23, 0, 5, 1434.40
1639595634, 3, 188, 850, 527, 0, 0.82%, 23, 0, 5, 1419.78
1639595639, 3, 224, 850, 522, 0, 0.82%, 23, 0, 5, 1437.31
