# unix_time, cycles_done, cur_path, paths_total, pending_total, pending_favs, map_size, unique_crashes, unique_hangs, max_depth, execs_per_sec
1639596267, 0, 0, 852, 852, 96, 0.91%, 0, 0, 1, 1053.48
1639596273, 0, 120, 852, 840, 84, 0.91%, 3, 0, 1, 1298.03
1639596278, 0, 173, 852, 832, 77, 0.91%, 3, 0, 1, 1388.64
1639596283, 0, 277, 852, 823, 68, 0.91%, 3, 0, 1, 1437.64
1639596288, 0, 330, 853, 817, 61, 0.91%, 4, 0, 2, 1466.37
1639596293, 0, 392, 853, 808, 52, 0.91%, 4, 0, 2, 1474.03
1639596298, 0, 450, 853, 800, 45, 0.91%, 5, 0, 2, 1470.16
1639596303, 0, 569, 853, 788, 33, 0.91%, 6, 0, 2, 1459.91
1639596309, 0, 682, 853, 776, 22, 0.91%, 6, 0, 2, 1465.94
1639596314, 0, 749, 853, 768, 14, 0.91%, 7, 0, 2, 1467.58
1639596319, 0, 805, 853, 759, 5, 0.91%, 7, 0, 2, 1486.74
1639596324, 1, 11, 853, 751, 0, 0.91%, 7, 0, 2, 1479.00
1639596329, 1, 28, 853, 743, 0, 0.91%, 7, 0, 2, 1465.79
1639596334, 1, 54, 853, 736, 0, 0.91%, 8, 0, 2, 1462.47
1639596339, 1, 81, 853, 730, 0, 0.91%, 9, 0, 2, 1447.02
1639596344, 1, 95, 853, 724, 0, 0.91%, 10, 0, 2, 1379.52
1639596349, 1, 133, 853, 718, 0, 0.91%, 10, 0, 2, 1419.43
1639596354, 1, 156, 853, 713, 0, 0.91%, 10, 0, 2, 1415.59
1639596360, 1, 183, 853, 707, 0, 0.91%, 10, 0, 2, 1424.88
1639596365, 1, 207, 853, 699, 0, 0.91%, 10, 0, 2, 1521.94
1639596370, 1, 334, 853, 693, 1, 0.91%, 10, 0, 2, 1427.71
1639596375, 1, 361, 853, 685, 0, 0.91%, 10, 0, 2, 1439.12
1639596380, 1, 392, 853, 679, 0, 0.91%, 10, 0, 2, 1447.76
1639596385, 1, 412, 853, 674, 0, 0.91%, 10, 0, 2, 1456.90
1639596390, 1, 443, 853, 670, 0, 0.91%, 10, 0, 2, 1433.18
1639596395, 1, 467, 853, 663, 0, 0.91%, 10, 0, 2, 1455.67
1639596400, 1, 490, 853, 656, 0, 0.91%, 10, 0, 2, 1450.03
1639596405, 1, 520, 853, 648, 0, 0.91%, 10, 0, 2, 1440.20
1639596410, 1, 538, 853, 639, 0, 0.91%, 10, 0, 2, 1437.45
1639596416, 1, 571, 853, 632, 0, 0.91%, 10, 0, 2, 1440.68
1639596421, 1, 604, 853, 625, 0, 0.91%, 10, 0, 2, 1456.43
1639596426, 1, 645, 853, 618, 0, 0.91%, 10, 0, 2, 1454.70
1639596431, 1, 679, 853, 613, 0, 0.91%, 10, 0, 2, 1437.93
1639596436, 1, 702, 853, 610, 0, 0.91%, 12, 0, 2, 1436.21
1639596441, 1, 737, 853, 603, 0, 0.91%, 12, 0, 2, 1441.03
1639596446, 1, 763, 853, 599, 0, 0.91%, 12, 0, 2, 1445.53
1639596451, 1, 780, 853, 595, 0, 0.91%, 12, 0, 2, 1461.26
1639596457, 1, 809, 853, 588, 0, 0.91%, 12, 0, 2, 1456.00
1639596462, 1, 837, 853, 580, 0, 0.91%, 12, 0, 2, 1430.65
1639596467, 2, 5, 853, 575, 0, 0.91%, 12, 0, 2, 1439.71
1639596472, 2, 43, 853, 569, 0, 0.91%, 12, 0, 2, 1432.63
1639596477, 2, 76, 853, 563, 0, 0.91%, 13, 0, 2, 1456.06
1639596482, 2, 106, 853, 557, 0, 0.91%, 13, 0, 2, 1457.84
1639596487, 2, 142, 853, 554, 0, 0.91%, 13, 0, 2, 1461.83
1639596493, 2, 172, 853, 549, 0, 0.91%, 13, 0, 2, 1433.70
1639596498, 2, 223, 853, 545, 0, 0.91%, 13, 0, 2, 1358.68
1639596503, 2, 256, 853, 539, 0, 0.91%, 13, 0, 2, 1348.72
1639596508, 2, 281, 853, 536, 0, 0.91%, 13, 0, 2, 1345.61
1639596513, 2, 296, 853, 531, 0, 0.91%, 13, 0, 2, 1302.05
1639596518, 2, 326, 853, 526, 0, 0.91%, 13, 0, 2, 1292.91
1639596523, 2, 344, 853, 523, 0, 0.91%, 13, 0, 2, 1209.21
1639596528, 2, 365, 853, 520, 0, 0.91%, 13, 0, 2, 1124.89
1639596533, 2, 378, 853, 514, 0, 0.91%, 13, 0, 2, 1037.60
1639596538, 2, 398, 853, 511, 0, 0.91%, 13, 0, 2, 970.12
1639596543, 2, 406, 853, 508, 0, 0.91%, 13, 0, 2, 890.08
1639596548, 2, 426, 853, 507, 0, 0.91%, 13, 0, 2, 833.16
1639596554, 2, 454, 853, 505, 0, 0.91%, 13, 0, 2, 891.49
1639596559, 2, 478, 853, 501, 0, 0.91%, 13, 0, 2, 1035.09
