# unix_time, cycles_done, cur_path, paths_total, pending_total, pending_favs, map_size, unique_crashes, unique_hangs, max_depth, execs_per_sec
1639442308, 0, 0, 1, 1, 1, 0.01%, 0, 0, 1, 2000.00
1639442314, 54, 0, 1, 0, 0, 0.01%, 0, 0, 1, 2584.77
1639442319, 85, 0, 1, 0, 0, 0.01%, 0, 0, 1, 1820.40
1639442324, 118, 0, 1, 0, 0, 0.01%, 0, 0, 1, 1679.46
1639442329, 149, 0, 1, 0, 0, 0.01%, 0, 0, 1, 1595.72
1639442334, 181, 0, 1, 0, 0, 0.01%, 0, 0, 1, 1605.48
1639442339, 214, 0, 1, 0, 0, 0.01%, 0, 0, 1, 1643.60
1639442344, 246, 0, 1, 0, 0, 0.01%, 0, 0, 1, 1661.48
1639442349, 279, 0, 1, 0, 0, 0.01%, 0, 0, 1, 1650.76
1639442354, 312, 0, 1, 0, 0, 0.01%, 0, 0, 1, 1632.40
1639442359, 344, 0, 1, 0, 0, 0.01%, 0, 0, 1, 1614.27
1639442364, 376, 0, 1, 0, 0, 0.01%, 0, 0, 1, 1626.60
1639442369, 408, 0, 1, 0, 0, 0.01%, 0, 0, 1, 1607.12
1639442374, 440, 0, 1, 0, 0, 0.01%, 0, 0, 1, 1620.61
1639442379, 473, 0, 1, 0, 0, 0.01%, 0, 0, 1, 1639.87
1639442384, 505, 0, 1, 0, 0, 0.01%, 0, 0, 1, 1634.75
1639442389, 538, 0, 1, 0, 0, 0.01%, 0, 0, 1, 1630.46
1639442395, 569, 0, 1, 0, 0, 0.01%, 0, 0, 1, 1597.41
1639442400, 601, 0, 1, 0, 0, 0.01%, 0, 0, 1, 1645.75
1639442405, 633, 0, 1, 0, 0, 0.01%, 0, 0, 1, 1632.83
1639442410, 665, 0, 1, 0, 0, 0.01%, 0, 0, 1, 1621.15
1639442415, 697, 0, 1, 0, 0, 0.01%, 0, 0, 1, 1622.63
1639442420, 729, 0, 1, 0, 0, 0.01%, 0, 0, 1, 1603.21
1639442425, 762, 0, 1, 0, 0, 0.01%, 0, 0, 1, 1639.36
1639442430, 795, 0, 1, 0, 0, 0.01%, 0, 0, 1, 1655.49
1639442435, 827, 0, 1, 0, 0, 0.01%, 0, 0, 1, 1648.87
1639442440, 860, 0, 1, 0, 0, 0.01%, 0, 0, 1, 1642.13
1639442445, 893, 0, 1, 0, 0, 0.01%, 0, 0, 1, 1639.54
1639442450, 925, 0, 1, 0, 0, 0.01%, 0, 0, 1, 1622.87
1639442455, 957, 0, 1, 0, 0, 0.01%, 0, 0, 1, 1643.52
1639442460, 990, 0, 1, 0, 0, 0.01%, 0, 0, 1, 1645.98
1639442465, 1022, 0, 1, 0, 0, 0.01%, 0, 0, 1, 1628.93
1639442471, 1054, 0, 1, 0, 0, 0.01%, 0, 0, 1, 1642.16
1639442476, 1087, 0, 1, 0, 0, 0.01%, 0, 0, 1, 1635.62
1639442481, 1119, 0, 1, 0, 0, 0.01%, 0, 0, 1, 1629.22
1639442486, 1152, 0, 1, 0, 0, 0.01%, 0, 0, 1, 1644.90
1639442491, 1185, 0, 1, 0, 0, 0.01%, 0, 0, 1, 1650.10
1639442496, 1218, 0, 1, 0, 0, 0.01%, 0, 0, 1, 1634.73
1639442501, 1251, 0, 1, 0, 0, 0.01%, 0, 0, 1, 1639.53
1639442506, 1283, 0, 1, 0, 0, 0.01%, 0, 0, 1, 1626.18
1639442511, 1315, 0, 1, 0, 0, 0.01%, 0, 0, 1, 1622.68
1639442517, 1348, 0, 1, 0, 0, 0.01%, 0, 0, 1, 1641.89
1639442522, 1381, 0, 1, 0, 0, 0.01%, 0, 0, 1, 1630.78
1639442527, 1413, 0, 1, 0, 0, 0.01%, 0, 0, 1, 1634.68
1639442532, 1446, 0, 1, 0, 0, 0.01%, 0, 0, 1, 1628.81
1639442537, 1478, 0, 1, 0, 0, 0.01%, 0, 0, 1, 1640.56
1639442542, 1510, 0, 1, 0, 0, 0.01%, 0, 0, 1, 1635.59
1639442547, 1543, 0, 1, 0, 0, 0.01%, 0, 0, 1, 1584.28
1639442552, 1575, 0, 1, 0, 0, 0.01%, 0, 0, 1, 1627.07
1639442557, 1607, 0, 1, 0, 0, 0.01%, 0, 0, 1, 1626.81
1639442562, 1640, 0, 1, 0, 0, 0.01%, 0, 0, 1, 1631.02
1639442567, 1671, 0, 1, 0, 0, 0.01%, 0, 0, 1, 1608.24
1639442572, 1703, 0, 1, 0, 0, 0.01%, 0, 0, 1, 1614.61
1639442578, 1736, 0, 1, 0, 0, 0.01%, 0, 0, 1, 1659.17
1639442583, 1769, 0, 1, 0, 0, 0.01%, 0, 0, 1, 1641.38
1639442588, 1797, 0, 1, 0, 0, 0.01%, 0, 0, 1, 1530.98
1639442593, 1829, 0, 1, 0, 0, 0.01%, 0, 0, 1, 1600.37
1639442598, 1862, 0, 1, 0, 0, 0.01%, 0, 0, 1, 1632.76
1639442603, 1894, 0, 1, 0, 0, 0.01%, 0, 0, 1, 1624.65
1639442608, 1927, 0, 1, 0, 0, 0.01%, 0, 0, 1, 1627.82
