# unix_time, cycles_done, cur_path, paths_total, pending_total, pending_favs, map_size, unique_crashes, unique_hangs, max_depth, execs_per_sec
1639473416, 0, 0, 1, 1, 1, 0.12%, 0, 0, 1, 1600.00
1639473421, 0, 0, 81, 81, 1, 0.46%, 5, 0, 2, 1458.98
1639473426, 0, 19, 108, 101, 37, 0.48%, 5, 0, 3, 1424.41
1639473431, 0, 24, 113, 104, 37, 0.49%, 5, 0, 3, 1425.46
1639473436, 0, 32, 121, 106, 31, 0.49%, 5, 0, 3, 1433.55
1639473441, 0, 42, 130, 112, 29, 0.49%, 6, 0, 3, 1413.30
1639473446, 0, 54, 137, 112, 22, 0.49%, 6, 0, 3, 1428.43
1639473452, 0, 73, 156, 121, 13, 0.52%, 6, 0, 3, 2000.96
1639473457, 0, 78, 160, 124, 17, 0.53%, 6, 0, 3, 1499.83
1639473462, 0, 109, 165, 124, 14, 0.54%, 6, 0, 4, 1430.60
1639473467, 0, 142, 173, 129, 11, 0.55%, 6, 0, 4, 1417.07
1639473472, 0, 150, 181, 133, 15, 0.59%, 6, 0, 4, 1404.00
1639473477, 0, 169, 185, 132, 11, 0.60%, 6, 0, 5, 1416.43
1639473482, 0, 169, 192, 139, 11, 0.60%, 6, 0, 5, 1418.53
1639473487, 0, 174, 195, 139, 12, 0.61%, 6, 0, 5, 1397.24
1639473492, 0, 178, 203, 144, 12, 0.64%, 6, 0, 5, 1408.62
1639473497, 0, 192, 212, 149, 9, 0.64%, 6, 0, 6, 1415.13
1639473503, 0, 200, 214, 146, 6, 0.67%, 6, 0, 6, 1412.21
1639473508, 0, 213, 216, 144, 2, 0.67%, 6, 0, 7, 1440.82
1639473513, 0, 213, 219, 147, 2, 0.68%, 6, 0, 7, 1448.36
1639473518, 0, 217, 220, 146, 4, 0.68%, 6, 0, 8, 1442.15
1639473523, 0, 219, 222, 146, 3, 0.69%, 6, 0, 9, 1418.12
1639473528, 0, 220, 228, 151, 6, 0.69%, 6, 0, 9, 1427.42
1639473533, 0, 221, 229, 151, 5, 0.69%, 6, 0, 10, 1430.00
1639473538, 0, 223, 232, 153, 4, 0.70%, 6, 0, 10, 1444.72
1639473543, 0, 227, 233, 152, 4, 0.71%, 6, 0, 10, 1415.13
1639473548, 0, 232, 238, 155, 2, 0.72%, 6, 0, 11, 1421.36
1639473553, 0, 232, 246, 163, 2, 0.73%, 6, 0, 11, 1435.97
1639473558, 0, 233, 251, 167, 6, 0.73%, 6, 0, 12, 1418.49
1639473564, 0, 234, 258, 173, 9, 0.74%, 6, 0, 12, 1418.75
1639473569, 0, 237, 262, 176, 10, 0.74%, 6, 0, 12, 1410.90
1639473574, 0, 238, 264, 177, 10, 0.74%, 6, 0, 12, 1418.75
1639473579, 0, 239, 268, 180, 9, 0.74%, 6, 0, 12, 1429.33
1639473584, 0, 247, 270, 181, 9, 0.74%, 6, 0, 13, 1419.08
1639473589, 0, 249, 272, 182, 9, 0.75%, 6, 0, 13, 1389.40
1639473594, 0, 250, 274, 183, 9, 0.75%, 6, 0, 13, 1401.54
1639473599, 0, 251, 275, 183, 7, 0.75%, 6, 0, 13, 1401.13
1639473604, 0, 258, 279, 186, 6, 0.75%, 6, 0, 13, 1396.45
1639473609, 0, 268, 287, 192, 4, 0.75%, 6, 0, 13, 1385.20
1639473614, 0, 270, 289, 193, 6, 0.75%, 6, 0, 14, 1403.84
1639473619, 0, 271, 290, 193, 6, 0.75%, 7, 0, 14, 1362.64
1639473625, 0, 273, 292, 194, 5, 0.75%, 7, 0, 14, 1439.90
1639473630, 0, 285, 292, 192, 3, 0.75%, 7, 0, 14, 1434.67
1639473635, 0, 287, 300, 199, 2, 0.75%, 7, 0, 15, 1419.61
1639473640, 0, 292, 303, 201, 3, 0.75%, 7, 0, 16, 1399.98
1639473645, 0, 292, 307, 205, 3, 0.75%, 7, 0, 16, 1391.93
1639473650, 0, 293, 307, 204, 3, 0.75%, 7, 0, 16, 1385.18
1639473655, 0, 302, 310, 206, 2, 0.75%, 7, 0, 17, 1416.57
1639473660, 0, 308, 311, 206, 2, 0.75%, 7, 0, 18, 1400.06
1639473665, 0, 308, 313, 208, 2, 0.75%, 7, 0, 18, 1403.78
1639473670, 1, 54, 314, 204, 0, 0.75%, 7, 0, 18, 1416.39
1639473675, 2, 3, 316, 202, 0, 0.76%, 7, 0, 18, 1434.05
1639473680, 2, 35, 316, 196, 0, 0.76%, 8, 0, 18, 1412.73
1639473686, 2, 71, 316, 193, 0, 0.76%, 8, 0, 18, 1442.11
1639473691, 2, 107, 317, 187, 0, 0.76%, 8, 0, 18, 1439.53
1639473696, 2, 131, 318, 181, 0, 0.76%, 9, 0, 18, 1419.49
1639473701, 2, 159, 320, 178, 0, 0.76%, 9, 0, 18, 1413.77
1639473706, 2, 170, 322, 176, 0, 0.76%, 9, 0, 18, 1436.28
1639473711, 2, 280, 326, 180, 2, 0.76%, 9, 0, 18, 1386.18
