# unix_time, cycles_done, cur_path, paths_total, pending_total, pending_favs, map_size, unique_crashes, unique_hangs, max_depth, execs_per_sec
1639449665, 0, 0, 985, 985, 106, 0.95%, 0, 0, 1, 1294.14
1639449671, 0, 184, 985, 972, 94, 0.95%, 3, 0, 1, 1415.06
1639449676, 0, 299, 985, 959, 81, 0.95%, 4, 0, 1, 1447.85
1639449681, 0, 419, 985, 949, 72, 0.95%, 5, 0, 1, 1434.08
1639449686, 0, 497, 985, 940, 63, 0.95%, 5, 0, 1, 1431.00
1639449691, 0, 560, 985, 931, 54, 0.95%, 5, 0, 1, 1415.78
1639449696, 0, 616, 985, 921, 45, 0.95%, 6, 0, 1, 1421.31
1639449701, 0, 665, 985, 912, 36, 0.95%, 6, 0, 1, 1438.44
1639449706, 0, 717, 985, 903, 27, 0.95%, 6, 0, 1, 1463.23
1639449711, 0, 783, 985, 894, 20, 0.95%, 6, 0, 1, 1464.92
1639449717, 0, 868, 985, 885, 12, 0.95%, 6, 0, 1, 1444.00
1639449722, 1, 4, 985, 873, 0, 0.95%, 6, 0, 1, 1442.41
1639449727, 1, 32, 985, 866, 0, 0.95%, 6, 0, 1, 1447.69
1639449732, 1, 84, 985, 861, 0, 0.95%, 6, 0, 1, 1431.75
1639449737, 1, 135, 985, 851, 0, 0.95%, 6, 0, 1, 1436.90
1639449742, 1, 173, 985, 845, 0, 0.95%, 6, 0, 1, 1441.05
1639449747, 1, 194, 985, 838, 0, 0.95%, 6, 0, 1, 1444.89
1639449753, 1, 220, 985, 831, 0, 0.95%, 6, 0, 1, 1453.25
1639449758, 1, 243, 985, 826, 0, 0.95%, 6, 0, 1, 1441.87
1639449763, 1, 262, 985, 821, 0, 0.95%, 6, 0, 1, 1426.67
1639449768, 1, 295, 985, 814, 0, 0.95%, 6, 0, 1, 1458.89
1639449773, 1, 322, 985, 808, 0, 0.95%, 6, 0, 1, 1416.47
1639449778, 1, 345, 985, 802, 0, 0.95%, 7, 0, 1, 1438.59
1639449783, 1, 357, 985, 796, 0, 0.95%, 8, 0, 1, 1447.02
1639449788, 1, 383, 985, 791, 0, 0.95%, 8, 0, 1, 1449.71
1639449793, 1, 403, 985, 784, 0, 0.95%, 8, 0, 1, 1442.22
1639449798, 1, 420, 985, 777, 0, 0.95%, 8, 0, 1, 1446.10
1639449803, 1, 444, 985, 768, 0, 0.95%, 8, 0, 1, 1449.89
1639449808, 1, 472, 985, 763, 0, 0.95%, 9, 0, 1, 1439.78
1639449813, 1, 497, 985, 757, 0, 0.95%, 12, 0, 1, 1445.79
1639449818, 1, 516, 985, 752, 0, 0.95%, 12, 0, 1, 1458.70
1639449823, 1, 544, 985, 745, 0, 0.95%, 12, 0, 1, 1453.14
1639449829, 1, 564, 985, 741, 0, 0.95%, 12, 0, 1, 1447.70
1639449834, 1, 589, 985, 735, 0, 0.95%, 12, 0, 1, 1467.19
1639449839, 1, 606, 985, 730, 0, 0.95%, 12, 0, 1, 1457.47
1639449844, 1, 624, 985, 725, 0, 0.95%, 12, 0, 1, 1445.76
1639449849, 1, 657, 985, 720, 0, 0.95%, 12, 0, 1, 1596.55
1639449854, 1, 685, 985, 716, 0, 0.95%, 12, 0, 1, 1474.82
1639449859, 1, 710, 985, 712, 0, 0.95%, 12, 0, 1, 1454.52
1639449864, 1, 752, 985, 705, 0, 0.95%, 12, 0, 1, 1451.27
1639449869, 1, 768, 985, 700, 0, 0.95%, 12, 0, 1, 1423.18
1639449874, 1, 794, 985, 696, 0, 0.95%, 12, 0, 1, 1445.59
1639449880, 1, 847, 985, 691, 0, 0.95%, 12, 0, 1, 1446.14
1639449885, 1, 891, 985, 686, 0, 0.95%, 12, 0, 1, 1427.42
1639449890, 1, 928, 985, 681, 0, 0.95%, 12, 0, 1, 1437.76
1639449895, 1, 960, 985, 674, 0, 0.95%, 12, 0, 1, 1451.07
1639449900, 2, 32, 985, 667, 0, 0.95%, 13, 0, 1, 1451.58
1639449905, 2, 79, 985, 658, 0, 0.95%, 13, 0, 1, 1437.29
1639449910, 2, 122, 985, 652, 0, 0.95%, 13, 0, 1, 1435.34
1639449915, 2, 153, 985, 647, 0, 0.95%, 13, 0, 1, 1428.00
1639449920, 2, 192, 985, 641, 0, 0.95%, 13, 0, 1, 1452.22
1639449925, 2, 221, 985, 635, 0, 0.95%, 13, 0, 1, 1446.90
1639449930, 2, 250, 985, 629, 0, 0.95%, 13, 0, 1, 1459.63
1639449935, 2, 275, 985, 623, 0, 0.95%, 13, 0, 1, 1447.32
1639449940, 2, 309, 985, 615, 0, 0.95%, 13, 0, 1, 1443.56
1639449946, 2, 357, 985, 608, 0, 0.95%, 13, 0, 1, 1442.15
1639449951, 2, 377, 985, 604, 0, 0.95%, 13, 0, 1, 1455.98
1639449956, 2, 433, 985, 602, 0, 0.95%, 13, 0, 1, 1441.91
