# unix_time, cycles_done, cur_path, paths_total, pending_total, pending_favs, map_size, unique_crashes, unique_hangs, max_depth, execs_per_sec
1639521481, 0, 0, 1, 1, 1, 0.12%, 0, 0, 1, 1600.00
1639521486, 0, 0, 77, 77, 1, 0.45%, 3, 0, 2, 1484.66
1639521491, 0, 11, 96, 95, 33, 0.48%, 6, 0, 3, 1463.54
1639521497, 0, 43, 111, 100, 25, 0.48%, 7, 0, 3, 1451.99
1639521502, 0, 56, 125, 109, 21, 0.50%, 7, 0, 3, 1447.78
1639521507, 0, 60, 134, 114, 21, 0.52%, 7, 0, 3, 1391.42
1639521512, 0, 77, 140, 115, 17, 0.52%, 8, 0, 3, 1426.88
1639521517, 0, 85, 149, 122, 18, 0.53%, 8, 0, 4, 1410.40
1639521522, 0, 93, 154, 122, 13, 0.53%, 11, 0, 4, 1359.57
1639521527, 0, 121, 165, 130, 10, 0.54%, 12, 0, 4, 1339.60
1639521532, 0, 125, 169, 132, 10, 0.54%, 12, 0, 4, 1328.16
1639521537, 0, 138, 177, 136, 8, 0.56%, 12, 0, 4, 1352.94
1639521542, 0, 145, 186, 144, 10, 0.57%, 12, 0, 4, 1361.75
1639521547, 0, 164, 194, 150, 10, 0.57%, 12, 0, 5, 1352.18
1639521552, 0, 167, 196, 151, 10, 0.57%, 12, 0, 5, 1352.61
1639521557, 0, 172, 197, 149, 7, 0.57%, 12, 0, 5, 1364.41
1639521562, 0, 175, 204, 153, 5, 0.60%, 12, 0, 5, 1392.93
1639521568, 0, 186, 218, 164, 11, 0.61%, 12, 0, 6, 1356.53
1639521573, 0, 199, 220, 164, 11, 0.61%, 13, 0, 6, 1377.08
1639521578, 0, 204, 222, 162, 7, 0.61%, 13, 0, 6, 1390.31
1639521583, 0, 215, 223, 159, 3, 0.62%, 13, 0, 6, 1358.52
1639521588, 1, 31, 225, 156, 1, 0.62%, 13, 0, 7, 1382.00
1639521593, 1, 45, 227, 151, 0, 0.62%, 13, 0, 7, 1344.51
1639521598, 1, 150, 230, 151, 1, 0.62%, 13, 0, 7, 1314.20
1639521603, 1, 161, 233, 152, 2, 0.62%, 13, 0, 7, 1303.05
1639521608, 1, 171, 235, 153, 2, 0.62%, 13, 0, 7, 1337.04
1639521613, 1, 228, 241, 157, 1, 0.63%, 13, 0, 7, 1354.83
1639521618, 1, 237, 246, 161, 3, 0.63%, 14, 0, 7, 1384.64
1639521623, 1, 238, 251, 165, 3, 0.64%, 15, 0, 7, 1442.57
1639521628, 1, 244, 258, 171, 4, 0.64%, 15, 0, 7, 1438.69
1639521633, 1, 245, 261, 173, 3, 0.64%, 15, 0, 8, 1451.30
1639521639, 1, 256, 266, 176, 1, 0.64%, 15, 0, 8, 1464.48
1639521644, 1, 265, 267, 176, 1, 0.64%, 15, 0, 9, 1432.42
1639521649, 1, 265, 268, 177, 1, 0.64%, 15, 0, 9, 1414.62
1639521654, 2, 15, 269, 176, 0, 0.64%, 15, 0, 9, 1417.70
1639521659, 2, 166, 270, 174, 1, 0.64%, 15, 0, 9, 1344.52
1639521664, 2, 231, 273, 176, 1, 0.64%, 15, 0, 9, 1295.50
1639521669, 3, 15, 273, 170, 0, 0.64%, 15, 0, 9, 1293.13
1639521674, 3, 43, 274, 169, 0, 0.64%, 15, 0, 9, 1285.42
1639521679, 3, 61, 275, 169, 0, 0.64%, 15, 0, 9, 1286.64
1639521685, 3, 78, 276, 168, 0, 0.64%, 15, 0, 9, 1346.16
1639521690, 3, 96, 276, 163, 0, 0.64%, 15, 0, 9, 1336.88
1639521695, 3, 111, 276, 157, 0, 0.64%, 15, 0, 9, 1253.94
1639521700, 3, 132, 276, 152, 0, 0.64%, 15, 0, 9, 1275.75
1639521705, 3, 156, 276, 151, 0, 0.64%, 15, 0, 9, 1276.53
1639521710, 3, 162, 276, 148, 0, 0.64%, 15, 0, 9, 1302.34
1639521715, 3, 167, 278, 148, 0, 0.64%, 15, 0, 9, 1309.58
1639521720, 3, 175, 278, 147, 0, 0.64%, 15, 0, 9, 1347.33
1639521725, 3, 200, 278, 144, 0, 0.64%, 15, 0, 9, 1920.44
1639521730, 3, 207, 278, 144, 0, 0.64%, 15, 0, 9, 1870.93
1639521735, 3, 215, 279, 142, 0, 0.64%, 15, 0, 9, 1309.85
1639521740, 3, 222, 281, 142, 0, 0.64%, 15, 0, 9, 1225.12
1639521745, 3, 243, 281, 141, 0, 0.64%, 15, 0, 9, 1290.50
1639521750, 3, 248, 281, 140, 0, 0.64%, 15, 0, 9, 1340.73
1639521755, 3, 250, 282, 140, 0, 0.64%, 15, 0, 9, 1322.13
1639521760, 3, 254, 283, 140, 0, 0.64%, 15, 0, 9, 1338.28
1639521766, 3, 257, 283, 139, 0, 0.64%, 15, 0, 9, 1325.03
1639521771, 3, 257, 287, 143, 0, 0.64%, 15, 0, 9, 1365.67
1639521776, 3, 261, 290, 145, 0, 0.65%, 15, 0, 9, 1400.22
1639521781, 3, 288, 293, 147, 1, 0.65%, 15, 0, 10, 1395.67
