# unix_time, cycles_done, cur_path, paths_total, pending_total, pending_favs, map_size, unique_crashes, unique_hangs, max_depth, execs_per_sec
1639435671, 0, 0, 1, 1, 1, 0.12%, 0, 0, 1, 666.67
1639435677, 0, 0, 83, 83, 1, 0.44%, 2, 0, 2, 1219.53
1639435682, 0, 10, 102, 94, 33, 0.45%, 5, 0, 3, 1443.14
1639435687, 0, 36, 130, 111, 26, 0.51%, 6, 0, 3, 1440.26
1639435692, 0, 43, 145, 122, 27, 0.53%, 6, 0, 3, 1459.27
1639435697, 0, 69, 156, 124, 23, 0.54%, 7, 0, 3, 1465.69
1639435702, 0, 92, 163, 124, 17, 0.54%, 8, 0, 3, 1454.51
1639435707, 0, 133, 173, 127, 11, 0.55%, 8, 0, 4, 1461.28
1639435712, 0, 159, 180, 127, 5, 0.55%, 8, 0, 4, 1460.88
1639435717, 0, 159, 193, 140, 5, 0.56%, 9, 0, 4, 1452.17
1639435722, 0, 178, 200, 144, 9, 0.57%, 9, 0, 5, 1976.46
1639435727, 0, 181, 207, 149, 10, 0.58%, 9, 0, 5, 1632.87
1639435732, 0, 192, 212, 152, 8, 0.58%, 10, 0, 5, 1474.27
1639435737, 0, 193, 217, 156, 8, 0.58%, 10, 0, 5, 1453.41
1639435742, 0, 199, 222, 159, 7, 0.58%, 11, 0, 6, 1441.78
1639435748, 0, 211, 227, 161, 6, 0.59%, 11, 0, 6, 1446.54
1639435753, 0, 221, 228, 160, 4, 0.59%, 12, 0, 7, 1432.61
1639435758, 0, 229, 232, 161, 2, 0.61%, 12, 0, 8, 1462.08
1639435763, 0, 229, 235, 164, 2, 0.61%, 12, 0, 8, 1467.28
1639435768, 0, 233, 237, 163, 4, 0.62%, 13, 0, 9, 1424.13
1639435773, 1, 24, 238, 160, 0, 0.62%, 13, 0, 9, 1399.39
1639435778, 1, 48, 243, 162, 0, 0.62%, 13, 0, 9, 1453.52
1639435783, 1, 79, 246, 161, 0, 0.62%, 13, 0, 9, 1447.83
1639435788, 1, 246, 249, 161, 1, 0.62%, 13, 0, 9, 1434.37
1639435793, 1, 246, 251, 163, 1, 0.64%, 13, 0, 9, 1450.37
1639435798, 2, 9, 252, 162, 0, 0.65%, 13, 0, 9, 1459.26
1639435803, 2, 251, 253, 158, 1, 0.65%, 13, 0, 9, 1443.18
1639435808, 3, 21, 253, 153, 0, 0.65%, 13, 0, 9, 1454.83
1639435813, 4, 1, 258, 154, 0, 0.65%, 13, 0, 9, 1455.43
1639435818, 4, 232, 263, 158, 1, 0.67%, 13, 0, 9, 1442.62
1639435823, 4, 258, 265, 159, 3, 0.67%, 13, 0, 9, 1463.56
1639435829, 4, 259, 267, 160, 3, 0.68%, 13, 0, 10, 1463.26
1639435834, 4, 261, 268, 160, 3, 0.68%, 14, 0, 10, 1450.54
1639435839, 4, 264, 268, 159, 2, 0.68%, 15, 0, 10, 1458.25
1639435844, 4, 266, 270, 160, 1, 0.71%, 15, 0, 11, 1469.21
1639435849, 4, 266, 273, 163, 1, 0.71%, 15, 0, 11, 1449.10
1639435854, 4, 268, 287, 176, 3, 0.74%, 15, 0, 12, 1460.12
1639435859, 4, 269, 291, 179, 12, 0.74%, 15, 0, 12, 1452.90
1639435864, 4, 270, 291, 178, 11, 0.74%, 15, 0, 12, 1466.96
1639435869, 4, 270, 294, 181, 11, 0.74%, 15, 0, 12, 1460.23
1639435874, 4, 273, 294, 180, 12, 0.74%, 15, 0, 12, 1464.52
1639435884, 4, 275, 297, 181, 11, 0.74%, 15, 0, 13, 1461.16
1639435889, 4, 276, 297, 180, 10, 0.74%, 15, 0, 13, 1473.88
1639435894, 4, 277, 297, 179, 9, 0.74%, 15, 0, 13, 1465.58
1639435904, 4, 280, 302, 183, 8, 0.75%, 15, 0, 13, 1447.02
1639435909, 4, 282, 302, 182, 8, 0.75%, 16, 0, 13, 1457.99
1639435914, 4, 283, 302, 181, 7, 0.75%, 16, 0, 13, 1455.54
1639435919, 4, 284, 302, 180, 6, 0.75%, 16, 0, 13, 1453.12
1639435925, 4, 285, 304, 181, 5, 0.75%, 16, 0, 13, 1463.03
1639435930, 4, 285, 305, 182, 5, 0.75%, 16, 0, 13, 1441.63
1639435935, 4, 292, 308, 183, 4, 0.75%, 16, 0, 13, 1459.89
1639435940, 4, 292, 311, 186, 4, 0.75%, 16, 0, 13, 1431.78
1639435945, 4, 299, 313, 187, 5, 0.75%, 16, 0, 14, 1457.30
1639435950, 4, 299, 315, 189, 5, 0.75%, 16, 0, 14, 1455.33
1639435955, 4, 303, 316, 189, 4, 0.75%, 16, 0, 14, 1447.24
1639435965, 4, 305, 318, 190, 3, 0.75%, 16, 0, 14, 1447.00
1639435970, 4, 305, 319, 191, 3, 0.75%, 16, 0, 14, 1434.67
