# unix_time, cycles_done, cur_path, paths_total, pending_total, pending_favs, map_size, unique_crashes, unique_hangs, max_depth, execs_per_sec
1639446529, 0, 0, 1, 1, 1, 0.12%, 0, 0, 1, 1333.33
1639446534, 0, 0, 76, 76, 1, 0.39%, 11, 0, 2, 1190.02
1639446539, 0, 0, 99, 99, 1, 0.40%, 11, 0, 2, 992.61
1639446544, 0, 13, 114, 110, 37, 0.40%, 16, 0, 3, 661.00
1639446549, 0, 31, 129, 118, 31, 0.41%, 16, 0, 3, 941.29
1639446554, 0, 43, 148, 130, 24, 0.42%, 17, 0, 3, 799.43
1639446559, 0, 43, 150, 132, 24, 0.42%, 17, 0, 3, 581.25
1639446564, 0, 43, 152, 134, 24, 0.42%, 18, 0, 3, 505.61
1639446570, 0, 50, 155, 133, 22, 0.42%, 20, 0, 3, 655.98
1639446575, 0, 60, 159, 132, 18, 0.45%, 21, 0, 3, 909.00
1639446580, 0, 114, 164, 127, 8, 0.45%, 22, 0, 4, 1168.18
1639446585, 0, 114, 166, 129, 8, 0.45%, 22, 0, 4, 571.44
1639446605, 0, 146, 168, 128, 5, 0.45%, 22, 0, 4, 605.36
1639446610, 0, 148, 170, 129, 5, 0.46%, 23, 0, 4, 403.66
1639446615, 0, 159, 173, 129, 3, 0.46%, 23, 0, 4, 678.25
1639446620, 0, 168, 185, 140, 2, 0.46%, 23, 0, 5, 477.01
1639446625, 0, 168, 188, 143, 2, 0.46%, 24, 0, 5, 361.06
1639446640, 0, 170, 195, 149, 3, 0.46%, 25, 0, 5, 796.13
1639446645, 0, 185, 195, 148, 2, 0.46%, 25, 0, 5, 601.36
1639446650, 0, 186, 195, 147, 1, 0.46%, 25, 0, 5, 279.26
1639446661, 1, 12, 195, 144, 0, 0.46%, 25, 0, 5, 478.34
1639446666, 1, 27, 195, 143, 0, 0.46%, 25, 0, 5, 908.63
1639446671, 1, 46, 199, 145, 0, 0.47%, 25, 0, 5, 968.56
1639446676, 1, 197, 209, 154, 4, 0.49%, 25, 0, 5, 999.13
1639446686, 1, 198, 213, 157, 9, 0.49%, 25, 0, 5, 1123.28
1639446691, 1, 203, 215, 156, 6, 0.49%, 25, 0, 5, 1107.50
1639446696, 1, 203, 216, 157, 6, 0.49%, 25, 0, 5, 1094.81
1639446701, 1, 206, 220, 159, 5, 0.50%, 25, 0, 5, 1137.75
1639446706, 1, 207, 222, 160, 6, 0.52%, 25, 0, 5, 1046.79
1639446711, 1, 208, 222, 159, 6, 0.52%, 25, 0, 5, 1099.02
1639446716, 1, 215, 223, 159, 5, 0.53%, 25, 0, 6, 1088.72
1639446721, 1, 216, 224, 159, 5, 0.53%, 25, 0, 6, 1134.19
1639446726, 1, 219, 226, 160, 4, 0.53%, 25, 0, 6, 1088.22
1639446731, 1, 220, 233, 166, 5, 0.54%, 25, 0, 6, 1022.69
1639446737, 1, 221, 236, 168, 9, 0.54%, 25, 0, 6, 1112.28
1639446742, 1, 221, 237, 169, 9, 0.55%, 25, 0, 6, 1089.05
1639446747, 1, 222, 239, 170, 9, 0.55%, 25, 0, 6, 1044.74
1639446752, 1, 224, 241, 171, 8, 0.55%, 26, 0, 7, 1009.04
1639446757, 1, 226, 241, 169, 6, 0.55%, 26, 0, 7, 966.32
1639446762, 1, 226, 242, 170, 6, 0.56%, 26, 0, 7, 1012.48
1639446767, 1, 227, 242, 169, 6, 0.56%, 26, 0, 7, 1013.30
1639446772, 1, 229, 242, 167, 4, 0.56%, 26, 0, 7, 1107.58
1639446777, 1, 229, 243, 168, 4, 0.56%, 26, 0, 7, 1024.70
1639446782, 1, 236, 254, 177, 3, 0.56%, 26, 0, 7, 1016.59
1639446787, 1, 236, 261, 184, 3, 0.57%, 26, 0, 7, 969.70
1639446792, 1, 241, 261, 183, 6, 0.57%, 26, 0, 7, 1016.40
1639446797, 1, 250, 264, 184, 4, 0.57%, 26, 0, 8, 991.62
1639446802, 1, 250, 265, 185, 4, 0.57%, 26, 0, 8, 1003.32
1639446807, 1, 253, 269, 188, 4, 0.57%, 26, 0, 8, 965.39
1639446818, 1, 254, 275, 193, 4, 0.57%, 26, 0, 8, 1007.55
1639446828, 1, 255, 277, 194, 4, 0.58%, 26, 0, 8, 956.84
