# unix_time, cycles_done, cur_path, paths_total, pending_total, pending_favs, map_size, unique_crashes, unique_hangs, max_depth, execs_per_sec
1639474321, 0, 0, 1, 1, 1, 0.12%, 0, 0, 1, 1333.33
1639474326, 0, 0, 70, 70, 1, 0.42%, 13, 0, 2, 1317.44
1639474331, 0, 5, 88, 87, 37, 0.45%, 15, 0, 3, 1342.96
1639474336, 0, 15, 104, 96, 36, 0.48%, 16, 0, 3, 1334.92
1639474341, 0, 36, 121, 103, 30, 0.51%, 21, 0, 3, 1283.92
1639474346, 0, 52, 134, 108, 23, 0.51%, 21, 0, 3, 1292.39
1639474351, 0, 73, 144, 112, 19, 0.52%, 22, 0, 3, 1295.11
1639474356, 0, 97, 156, 119, 13, 0.53%, 22, 0, 4, 1316.70
1639474361, 0, 123, 168, 126, 9, 0.55%, 22, 0, 4, 1944.30
1639474366, 0, 124, 176, 133, 15, 0.56%, 22, 0, 4, 1419.81
1639474371, 0, 145, 182, 137, 17, 0.60%, 22, 0, 5, 1322.57
1639474376, 0, 146, 186, 140, 18, 0.61%, 22, 0, 5, 1346.08
1639474381, 0, 151, 197, 150, 19, 0.61%, 22, 0, 5, 1313.03
1639474386, 0, 158, 202, 152, 17, 0.61%, 22, 0, 5, 1339.88
1639474391, 0, 162, 209, 156, 15, 0.61%, 22, 0, 5, 1304.66
1639474396, 0, 174, 213, 158, 13, 0.62%, 22, 0, 5, 1325.30
1639474401, 0, 178, 221, 164, 14, 0.63%, 22, 0, 5, 1302.36
1639474406, 0, 178, 226, 169, 14, 0.64%, 22, 0, 5, 1296.83
1639474411, 0, 179, 234, 176, 19, 0.70%, 23, 0, 5, 1307.92
1639474416, 0, 185, 235, 174, 21, 0.70%, 23, 0, 6, 1321.14
1639474422, 0, 188, 238, 176, 20, 0.70%, 23, 0, 6, 1319.02
1639474427, 0, 192, 242, 179, 19, 0.70%, 23, 0, 6, 1302.79
1639474432, 0, 199, 246, 181, 19, 0.70%, 23, 0, 6, 1287.20
1639474437, 0, 210, 254, 186, 16, 0.70%, 24, 0, 6, 1324.40
1639474442, 0, 217, 258, 186, 12, 0.70%, 25, 0, 6, 1334.77
1639474447, 0, 223, 263, 188, 11, 0.70%, 25, 0, 6, 1317.55
1639474452, 0, 230, 264, 186, 9, 0.71%, 26, 0, 6, 1303.43
1639474457, 0, 238, 265, 184, 7, 0.71%, 26, 0, 6, 1308.35
1639474462, 0, 262, 267, 183, 4, 0.71%, 26, 0, 7, 1265.97
1639474467, 0, 267, 268, 182, 3, 0.71%, 27, 0, 7, 1270.79
1639474472, 1, 68, 270, 179, 0, 0.71%, 27, 0, 9, 1281.63
1639474477, 1, 81, 270, 171, 0, 0.71%, 27, 0, 9, 1327.02
1639474483, 1, 272, 273, 170, 1, 0.72%, 27, 0, 9, 1313.61
1639474488, 2, 29, 274, 168, 0, 0.72%, 27, 0, 9, 1323.29
1639474493, 2, 180, 278, 170, 1, 0.72%, 27, 0, 9, 1263.22
1639474498, 2, 279, 283, 172, 0, 0.72%, 27, 0, 9, 1321.90
1639474503, 2, 282, 283, 171, 0, 0.72%, 27, 0, 9, 1322.07
1639474508, 4, 5, 284, 169, 0, 0.72%, 28, 0, 9, 1302.88
1639474513, 4, 30, 285, 167, 0, 0.72%, 29, 0, 9, 1304.56
1639474518, 4, 58, 285, 165, 0, 0.72%, 29, 0, 9, 1310.57
1639474523, 4, 91, 285, 162, 0, 0.72%, 29, 0, 9, 1271.29
1639474528, 4, 110, 287, 159, 0, 0.72%, 29, 0, 9, 1304.31
1639474533, 4, 142, 287, 155, 0, 0.72%, 29, 0, 9, 1317.77
1639474538, 4, 159, 288, 155, 0, 0.72%, 29, 0, 9, 1287.91
1639474543, 4, 163, 288, 155, 0, 0.72%, 29, 0, 9, 1312.13
1639474548, 4, 174, 288, 152, 0, 0.72%, 29, 0, 9, 1322.81
1639474554, 4, 288, 297, 161, 1, 0.73%, 29, 0, 9, 1301.62
1639474564, 4, 291, 302, 165, 2, 0.73%, 29, 0, 9, 1323.37
1639474569, 4, 291, 303, 166, 2, 0.73%, 29, 0, 9, 1355.47
1639474574, 4, 300, 305, 167, 2, 0.73%, 29, 0, 9, 1315.79
1639474579, 4, 302, 307, 168, 1, 0.73%, 29, 0, 9, 1312.75
1639474584, 4, 302, 308, 169, 1, 0.73%, 29, 0, 9, 1305.59
1639474589, 4, 303, 308, 168, 0, 0.73%, 29, 0, 9, 1318.75
1639474594, 5, 11, 309, 166, 0, 0.73%, 29, 0, 9, 1354.59
1639474600, 5, 45, 309, 163, 0, 0.73%, 30, 0, 9, 1341.73
1639474605, 5, 67, 309, 160, 0, 0.73%, 30, 0, 9, 1332.38
1639474610, 5, 95, 309, 156, 0, 0.73%, 30, 0, 9, 1286.99
1639474615, 5, 118, 309, 153, 0, 0.73%, 30, 0, 9, 1253.15
1639474620, 5, 143, 309, 147, 0, 0.73%, 30, 0, 9, 1309.60
