# unix_time, cycles_done, cur_path, paths_total, pending_total, pending_favs, map_size, unique_crashes, unique_hangs, max_depth, execs_per_sec
1639554361, 0, 0, 1, 1, 1, 0.12%, 0, 0, 1, 2000.00
1639554366, 0, 0, 73, 73, 1, 0.44%, 3, 0, 2, 1491.69
1639554371, 0, 4, 92, 90, 38, 0.45%, 4, 0, 3, 1423.01
1639554376, 0, 15, 104, 99, 37, 0.47%, 5, 0, 3, 1404.86
1639554381, 0, 37, 125, 111, 35, 0.53%, 5, 0, 3, 1366.07
1639554386, 0, 55, 138, 114, 26, 0.54%, 6, 0, 3, 1387.25
1639554391, 0, 62, 145, 118, 25, 0.54%, 6, 0, 3, 1424.99
1639554396, 0, 91, 153, 119, 18, 0.56%, 7, 0, 4, 1416.80
1639554401, 0, 111, 154, 116, 15, 0.57%, 8, 0, 4, 1438.33
1639554407, 0, 141, 164, 120, 10, 0.57%, 8, 0, 4, 1413.02
1639554412, 0, 145, 180, 135, 11, 0.61%, 8, 0, 4, 1410.47
1639554417, 0, 154, 182, 132, 18, 0.61%, 8, 0, 5, 1420.60
1639554422, 0, 162, 188, 136, 16, 0.61%, 8, 0, 5, 1398.35
1639554427, 0, 164, 194, 141, 16, 0.61%, 9, 0, 5, 1423.81
1639554432, 0, 166, 195, 141, 16, 0.61%, 9, 0, 5, 1428.22
1639554437, 0, 174, 200, 142, 11, 0.62%, 9, 0, 5, 1431.27
1639554442, 0, 179, 203, 141, 8, 0.62%, 9, 0, 5, 1404.46
1639554447, 0, 196, 209, 145, 7, 0.63%, 9, 0, 6, 1435.47
1639554452, 0, 198, 214, 149, 7, 0.63%, 9, 0, 6, 1432.95
1639554457, 0, 200, 218, 152, 6, 0.63%, 10, 0, 6, 1408.50
1639554462, 0, 217, 230, 161, 5, 0.65%, 10, 0, 7, 1396.51
1639554467, 0, 220, 232, 161, 9, 0.65%, 10, 0, 8, 1393.88
1639554472, 0, 222, 236, 164, 9, 0.65%, 10, 0, 8, 1305.47
1639554478, 0, 223, 246, 173, 9, 0.65%, 10, 0, 8, 1370.93
1639554483, 0, 224, 251, 177, 9, 0.66%, 10, 0, 8, 1416.94
1639554488, 0, 228, 260, 184, 7, 0.66%, 10, 0, 8, 1393.85
1639554493, 0, 231, 265, 188, 6, 0.66%, 10, 0, 9, 1405.60
1639554498, 0, 254, 265, 186, 4, 0.66%, 12, 0, 9, 1421.44
1639554503, 1, 116, 265, 182, 1, 0.66%, 12, 0, 9, 1332.67
1639554508, 1, 248, 268, 182, 1, 0.66%, 12, 0, 9, 1381.27
1639554513, 2, 248, 270, 181, 1, 0.66%, 12, 0, 9, 1358.03
1639554518, 3, 15, 270, 178, 0, 0.66%, 12, 0, 9, 1378.33
1639554523, 3, 40, 271, 177, 0, 0.66%, 12, 0, 9, 1401.38
1639554529, 3, 61, 271, 175, 0, 0.66%, 12, 0, 9, 1434.62
1639554534, 3, 93, 272, 173, 0, 0.66%, 12, 0, 9, 1227.80
1639554539, 3, 109, 273, 168, 0, 0.66%, 12, 0, 9, 1272.40
1639554544, 3, 132, 273, 166, 0, 0.66%, 12, 0, 9, 1367.70
1639554549, 3, 149, 276, 164, 0, 0.66%, 12, 0, 9, 1405.92
1639554554, 3, 154, 277, 164, 0, 0.66%, 12, 0, 9, 1403.76
1639554559, 3, 163, 277, 162, 0, 0.66%, 12, 0, 9, 1390.60
1639554565, 3, 167, 277, 161, 0, 0.66%, 12, 0, 9, 1306.24
1639554570, 3, 173, 277, 160, 0, 0.66%, 12, 0, 9, 1204.46
1639554575, 3, 176, 277, 160, 0, 0.66%, 12, 0, 9, 1233.81
1639554580, 3, 185, 277, 158, 0, 0.66%, 12, 0, 9, 1247.47
1639554585, 3, 205, 277, 155, 0, 0.66%, 12, 0, 9, 1267.58
1639554590, 3, 278, 280, 157, 2, 0.67%, 12, 0, 9, 1750.13
1639554595, 3, 279, 281, 157, 1, 0.70%, 12, 0, 9, 1588.75
1639554600, 3, 280, 292, 167, 1, 0.71%, 12, 0, 10, 1280.35
1639554605, 3, 281, 292, 166, 8, 0.71%, 12, 0, 10, 1283.12
1639554610, 3, 283, 293, 165, 6, 0.71%, 12, 0, 11, 1283.76
1639554615, 3, 284, 294, 165, 6, 0.72%, 12, 0, 11, 1290.99
1639554620, 3, 286, 294, 163, 4, 0.72%, 12, 0, 11, 1264.92
1639554625, 3, 287, 295, 163, 3, 0.72%, 12, 0, 11, 1244.00
1639554630, 3, 293, 297, 163, 1, 0.72%, 12, 0, 12, 1256.08
1639554641, 3, 295, 298, 163, 0, 0.72%, 12, 0, 13, 1344.10
1639554646, 4, 25, 298, 160, 0, 0.72%, 12, 0, 13, 1380.41
1639554651, 4, 54, 299, 158, 0, 0.72%, 12, 0, 13, 1411.66
1639554656, 4, 74, 300, 157, 0, 0.72%, 12, 0, 13, 1422.92
1639554661, 4, 234, 301, 155, 1, 0.73%, 12, 0, 13, 1415.77
