# unix_time, cycles_done, cur_path, paths_total, pending_total, pending_favs, map_size, unique_crashes, unique_hangs, max_depth, execs_per_sec
1639436274, 0, 0, 1, 1, 1, 0.12%, 0, 0, 1, 1600.00
1639436279, 0, 0, 53, 53, 1, 0.38%, 7, 2, 2, 1360.00
1639436284, 0, 0, 72, 72, 1, 0.41%, 7, 3, 2, 1357.90
1639436290, 0, 3, 88, 87, 37, 0.43%, 7, 3, 3, 1482.07
1639436295, 0, 8, 106, 102, 36, 0.46%, 7, 4, 3, 1469.53
1639436300, 0, 21, 108, 98, 32, 0.46%, 9, 4, 3, 1408.92
1639436305, 0, 31, 138, 122, 28, 0.47%, 9, 4, 3, 1438.64
1639436310, 0, 56, 142, 115, 16, 0.48%, 10, 4, 3, 1479.39
1639436315, 0, 78, 152, 121, 13, 0.49%, 12, 4, 4, 1413.24
1639436320, 0, 101, 157, 119, 11, 0.49%, 12, 4, 4, 1455.78
1639436325, 0, 128, 157, 117, 9, 0.49%, 12, 7, 4, 74.50
1639436330, 0, 143, 174, 131, 7, 0.52%, 14, 8, 4, 2015.27
1639436335, 0, 149, 176, 131, 13, 0.52%, 15, 8, 5, 1498.59
1639436341, 0, 159, 181, 132, 11, 0.52%, 15, 8, 5, 1429.82
1639436346, 0, 164, 183, 131, 9, 0.53%, 17, 8, 5, 1292.24
1639436351, 0, 173, 187, 131, 7, 0.54%, 18, 8, 5, 1239.25
1639436356, 0, 178, 189, 130, 4, 0.54%, 20, 8, 6, 1393.67
1639436361, 0, 186, 191, 129, 3, 0.56%, 20, 9, 6, 1261.18
1639436366, 0, 190, 200, 136, 3, 0.58%, 20, 9, 7, 1369.91
1639436371, 0, 192, 201, 135, 4, 0.58%, 20, 9, 7, 1357.66
1639436376, 0, 197, 204, 136, 2, 0.59%, 20, 9, 8, 1418.41
1639436381, 0, 203, 206, 134, 2, 0.59%, 20, 9, 9, 1440.15
1639436386, 0, 204, 209, 136, 1, 0.59%, 20, 9, 9, 1478.51
1639436391, 1, 31, 211, 133, 0, 0.59%, 21, 9, 9, 1453.54
1639436396, 1, 51, 211, 129, 0, 0.59%, 21, 9, 9, 1466.62
1639436401, 1, 87, 211, 124, 0, 0.59%, 21, 9, 9, 1475.26
1639436406, 1, 116, 211, 118, 0, 0.59%, 21, 9, 9, 1473.21
1639436412, 1, 128, 212, 115, 0, 0.59%, 21, 11, 9, 76.56
1639436418, 1, 148, 213, 112, 0, 0.59%, 21, 11, 9, 1377.67
1639436423, 1, 213, 215, 113, 1, 0.59%, 21, 11, 10, 1447.90
1639436428, 2, 36, 217, 112, 0, 0.59%, 21, 11, 10, 1471.83
1639436433, 2, 55, 217, 107, 0, 0.59%, 21, 11, 10, 1465.40
1639436438, 2, 217, 219, 108, 1, 0.60%, 22, 12, 10, 239.02
1639436443, 2, 217, 219, 108, 1, 0.60%, 22, 13, 10, 200.08
1639436453, 3, 18, 220, 106, 0, 0.60%, 22, 14, 10, 1378.10
1639436459, 4, 31, 222, 105, 0, 0.60%, 22, 14, 10, 1378.24
1639436464, 4, 55, 222, 104, 0, 0.60%, 22, 14, 10, 1455.37
1639436469, 4, 89, 223, 99, 0, 0.60%, 22, 14, 10, 1431.87
1639436474, 4, 108, 224, 96, 0, 0.60%, 22, 14, 10, 1462.64
1639436479, 4, 140, 225, 92, 0, 0.60%, 22, 14, 10, 1321.66
1639436484, 4, 149, 225, 89, 0, 0.60%, 22, 14, 10, 1415.67
1639436489, 4, 161, 226, 90, 0, 0.60%, 22, 14, 10, 1427.37
1639436494, 4, 167, 228, 91, 0, 0.60%, 25, 14, 10, 1304.00
1639436499, 4, 176, 230, 91, 0, 0.60%, 25, 14, 10, 1377.51
1639436504, 4, 229, 231, 92, 1, 0.60%, 25, 14, 10, 1435.55
1639436514, 5, 27, 231, 87, 0, 0.60%, 25, 14, 10, 1465.06
1639436520, 5, 56, 232, 87, 0, 0.60%, 25, 14, 10, 1437.83
1639436525, 5, 86, 232, 83, 0, 0.60%, 25, 14, 10, 1424.86
1639436530, 5, 120, 232, 80, 0, 0.60%, 25, 15, 10, 185.19
1639436535, 5, 134, 233, 79, 0, 0.60%, 26, 15, 10, 1211.94
1639436540, 5, 151, 233, 77, 0, 0.60%, 26, 15, 10, 1408.62
1639436545, 5, 162, 234, 76, 0, 0.60%, 26, 15, 10, 1403.66
1639436550, 5, 167, 234, 74, 0, 0.60%, 26, 15, 10, 1324.00
1639436556, 5, 178, 234, 73, 0, 0.60%, 27, 15, 10, 1269.62
1639436561, 5, 187, 234, 72, 0, 0.60%, 27, 15, 10, 1300.95
1639436566, 5, 194, 235, 72, 0, 0.60%, 27, 15, 10, 1229.71
1639436571, 5, 203, 235, 72, 0, 0.60%, 27, 15, 10, 1395.32
