# unix_time, cycles_done, cur_path, paths_total, pending_total, pending_favs, map_size, unique_crashes, unique_hangs, max_depth, execs_per_sec
1639602391, 0, 0, 1, 1, 1, 0.12%, 0, 0, 1, 1600.00
1639602396, 0, 0, 75, 75, 1, 0.44%, 4, 0, 2, 1374.66
1639602401, 0, 16, 90, 85, 34, 0.47%, 5, 0, 3, 1405.19
1639602406, 0, 28, 107, 98, 35, 0.49%, 5, 0, 3, 1396.05
1639602411, 0, 34, 118, 106, 35, 0.50%, 5, 0, 3, 1412.76
1639602416, 0, 52, 133, 110, 28, 0.53%, 5, 0, 3, 1409.67
1639602421, 0, 79, 149, 116, 19, 0.54%, 7, 0, 3, 1449.71
1639602427, 0, 101, 168, 130, 15, 0.55%, 9, 0, 4, 1413.68
1639602432, 0, 105, 171, 131, 15, 0.55%, 10, 0, 4, 1357.53
1639602437, 0, 139, 175, 127, 7, 0.55%, 10, 0, 4, 1429.64
1639602442, 0, 150, 179, 128, 4, 0.55%, 10, 0, 5, 1430.60
1639602447, 0, 168, 187, 135, 3, 0.58%, 10, 0, 5, 1390.35
1639602452, 0, 180, 190, 135, 5, 0.58%, 12, 0, 6, 1414.26
1639602457, 0, 181, 197, 141, 4, 0.58%, 13, 0, 6, 1385.03
1639602462, 0, 186, 201, 144, 6, 0.58%, 14, 0, 6, 1376.28
1639602467, 0, 190, 214, 156, 5, 0.59%, 14, 0, 7, 1352.22
1639602472, 0, 195, 218, 157, 4, 0.59%, 15, 0, 7, 1310.81
1639602477, 0, 199, 222, 160, 3, 0.60%, 15, 0, 7, 1297.03
1639602482, 0, 221, 230, 165, 5, 0.63%, 15, 0, 8, 1334.27
1639602487, 0, 226, 240, 174, 5, 0.65%, 15, 0, 9, 1311.84
1639602492, 0, 229, 248, 179, 9, 0.66%, 15, 0, 9, 1314.20
1639602497, 0, 232, 252, 181, 8, 0.66%, 15, 0, 10, 1284.01
1639602503, 0, 242, 253, 180, 5, 0.66%, 15, 0, 10, 1281.56
1639602508, 0, 242, 256, 183, 5, 0.66%, 15, 0, 10, 1224.16
1639602513, 0, 247, 259, 184, 4, 0.66%, 15, 0, 10, 1155.83
1639602518, 0, 252, 262, 186, 3, 0.66%, 15, 0, 11, 1108.49
1639602523, 0, 252, 264, 188, 3, 0.66%, 15, 0, 11, 1124.80
1639602528, 0, 255, 266, 189, 3, 0.66%, 15, 0, 11, 1105.61
1639602533, 0, 266, 269, 189, 2, 0.67%, 15, 0, 12, 1076.41
1639602538, 1, 39, 269, 184, 0, 0.67%, 15, 0, 12, 1125.80
1639602543, 1, 203, 270, 184, 1, 0.67%, 15, 0, 12, 1167.29
1639602548, 1, 261, 271, 184, 1, 0.69%, 15, 0, 12, 1246.33
1639602553, 1, 270, 280, 192, 2, 0.71%, 15, 0, 13, 1238.15
1639602558, 1, 271, 284, 195, 12, 0.73%, 15, 0, 13, 1282.55
1639602563, 1, 271, 286, 197, 12, 0.73%, 15, 0, 13, 1239.71
1639602568, 1, 273, 287, 197, 11, 0.73%, 15, 0, 14, 1249.85
1639602573, 1, 275, 288, 196, 9, 0.73%, 15, 0, 14, 1241.37
1639602578, 1, 276, 288, 195, 8, 0.73%, 15, 0, 14, 1314.10
1639602583, 1, 277, 288, 194, 7, 0.73%, 15, 0, 14, 1334.24
1639602589, 1, 279, 289, 193, 6, 0.73%, 15, 0, 14, 1328.62
1639602594, 1, 280, 289, 192, 5, 0.73%, 15, 0, 14, 1351.97
1639602599, 1, 282, 291, 192, 3, 0.73%, 15, 0, 14, 1335.35
1639602609, 1, 283, 293, 193, 2, 0.73%, 15, 0, 14, 1318.68
1639602614, 1, 288, 294, 193, 2, 0.73%, 15, 0, 14, 1281.96
1639602619, 1, 292, 298, 196, 1, 0.73%, 15, 0, 15, 1282.55
1639602624, 1, 292, 299, 197, 1, 0.73%, 15, 0, 15, 1305.18
1639602629, 1, 294, 299, 196, 0, 0.73%, 15, 0, 15, 1357.24
1639602634, 2, 7, 299, 194, 0, 0.73%, 15, 0, 15, 1409.55
1639602639, 2, 39, 300, 190, 0, 0.73%, 15, 0, 15, 1422.74
1639602645, 2, 63, 300, 188, 0, 0.73%, 15, 0, 15, 1393.01
1639602650, 2, 87, 302, 186, 0, 0.73%, 16, 0, 15, 1378.99
1639602655, 2, 109, 302, 183, 0, 0.73%, 16, 0, 15, 1371.76
1639602660, 2, 176, 303, 180, 1, 0.73%, 16, 0, 15, 1381.78
1639602665, 2, 302, 304, 180, 1, 0.73%, 16, 0, 15, 1414.16
1639602670, 3, 32, 304, 177, 0, 0.73%, 16, 0, 15, 1401.90
1639602675, 3, 53, 305, 176, 0, 0.73%, 16, 0, 15, 1384.38
1639602681, 3, 96, 305, 172, 0, 0.73%, 16, 0, 15, 1905.17
1639602686, 3, 230, 306, 167, 1, 0.73%, 16, 0, 15, 2251.23
