# unix_time, cycles_done, cur_path, paths_total, pending_total, pending_favs, map_size, unique_crashes, unique_hangs, max_depth, execs_per_sec
1639482116, 0, 0, 819, 819, 100, 0.91%, 0, 0, 1, 1254.69
1639482121, 0, 117, 819, 806, 88, 0.91%, 3, 0, 1, 1374.11
1639482126, 0, 144, 819, 797, 79, 0.91%, 3, 0, 1, 1422.47
1639482131, 0, 234, 819, 786, 69, 0.91%, 4, 0, 1, 1437.13
1639482136, 0, 305, 819, 775, 58, 0.91%, 6, 0, 1, 1417.92
1639482141, 0, 375, 819, 765, 48, 0.91%, 6, 0, 1, 1431.22
1639482146, 0, 467, 819, 756, 40, 0.91%, 7, 0, 1, 1424.35
1639482151, 0, 546, 820, 750, 33, 0.91%, 7, 0, 2, 1434.47
1639482157, 0, 606, 820, 740, 24, 0.91%, 10, 0, 2, 1428.40
1639482162, 0, 692, 820, 729, 15, 0.91%, 10, 0, 2, 1712.65
1639482167, 0, 784, 820, 719, 6, 0.91%, 10, 0, 2, 1524.05
1639482172, 1, 20, 820, 710, 0, 0.91%, 10, 0, 2, 1459.33
1639482177, 1, 67, 820, 704, 0, 0.91%, 10, 0, 2, 1417.93
1639482182, 1, 92, 820, 696, 0, 0.91%, 10, 0, 2, 1408.41
1639482187, 1, 128, 821, 692, 0, 0.91%, 10, 0, 2, 1417.76
1639482192, 1, 145, 821, 690, 0, 0.91%, 11, 0, 2, 1409.60
1639482197, 1, 177, 821, 683, 0, 0.91%, 11, 0, 2, 1424.92
1639482202, 1, 209, 821, 675, 0, 0.91%, 12, 0, 2, 1387.46
1639482207, 1, 238, 821, 671, 0, 0.91%, 12, 0, 2, 1405.36
1639482212, 1, 259, 821, 666, 0, 0.91%, 12, 0, 2, 1424.68
1639482217, 1, 292, 821, 659, 0, 0.91%, 12, 0, 2, 1423.57
1639482222, 1, 323, 821, 652, 0, 0.91%, 12, 0, 2, 1431.47
1639482228, 1, 361, 821, 646, 0, 0.91%, 12, 0, 2, 1406.91
1639482233, 1, 393, 821, 642, 0, 0.91%, 12, 0, 2, 1433.93
1639482238, 1, 414, 821, 639, 0, 0.91%, 12, 0, 2, 1415.96
1639482243, 1, 440, 821, 630, 0, 0.91%, 12, 0, 2, 1419.63
1639482248, 1, 468, 821, 623, 0, 0.91%, 12, 0, 2, 1425.68
1639482253, 1, 512, 821, 617, 0, 0.91%, 12, 0, 2, 1424.13
1639482258, 1, 543, 821, 613, 0, 0.91%, 12, 0, 2, 1413.78
1639482263, 1, 572, 821, 607, 0, 0.91%, 12, 0, 2, 1422.52
1639482268, 1, 597, 821, 600, 0, 0.91%, 12, 0, 2, 1390.75
1639482273, 1, 618, 821, 594, 0, 0.91%, 12, 0, 2, 1409.64
1639482278, 1, 633, 821, 589, 0, 0.91%, 12, 0, 2, 1402.32
1639482283, 1, 655, 821, 583, 0, 0.91%, 12, 0, 2, 1382.51
1639482288, 1, 679, 821, 577, 0, 0.91%, 12, 0, 2, 1405.96
1639482293, 1, 702, 821, 573, 0, 0.91%, 14, 0, 2, 1408.88
1639482298, 1, 716, 821, 567, 0, 0.91%, 14, 0, 2, 1442.76
1639482303, 1, 742, 821, 561, 0, 0.91%, 14, 0, 2, 1429.42
1639482308, 1, 786, 821, 556, 0, 0.91%, 14, 0, 2, 1433.86
1639482314, 1, 812, 821, 550, 0, 0.91%, 14, 0, 2, 1419.49
1639482319, 2, 26, 821, 542, 0, 0.91%, 14, 0, 2, 1436.55
1639482324, 2, 68, 821, 536, 0, 0.91%, 14, 0, 2, 1437.13
1639482329, 2, 90, 821, 530, 0, 0.91%, 14, 0, 2, 1425.30
1639482334, 2, 112, 821, 524, 0, 0.91%, 14, 0, 2, 1433.48
1639482339, 2, 136, 821, 521, 0, 0.91%, 14, 0, 2, 1435.76
1639482344, 2, 162, 821, 516, 0, 0.91%, 14, 0, 2, 1432.82
1639482349, 2, 200, 821, 509, 0, 0.91%, 14, 0, 2, 1406.52
1639482355, 2, 224, 821, 503, 0, 0.91%, 14, 0, 2, 1428.39
1639482360, 2, 266, 821, 498, 0, 0.91%, 14, 0, 2, 1436.57
1639482365, 2, 298, 821, 494, 0, 0.91%, 14, 0, 2, 1424.33
1639482370, 2, 331, 821, 490, 0, 0.91%, 14, 0, 2, 1438.28
1639482375, 2, 360, 821, 484, 0, 0.91%, 14, 0, 2, 1408.76
1639482380, 2, 383, 821, 482, 0, 0.91%, 14, 0, 2, 1427.33
1639482385, 2, 401, 821, 479, 0, 0.91%, 14, 0, 2, 1421.42
1639482391, 2, 427, 821, 472, 0, 0.91%, 14, 0, 2, 1386.97
1639482396, 2, 467, 821, 466, 0, 0.91%, 14, 0, 2, 1405.17
1639482401, 2, 510, 821, 461, 0, 0.91%, 14, 0, 2, 1432.45
1639482406, 2, 539, 821, 453, 0, 0.91%, 14, 0, 2, 1437.50
