# unix_time, cycles_done, cur_path, paths_total, pending_total, pending_favs, map_size, unique_crashes, unique_hangs, max_depth, execs_per_sec
1639509118, 0, 0, 1, 1, 1, 0.12%, 0, 0, 1, 1600.00
1639509123, 0, 0, 88, 88, 1, 0.46%, 4, 0, 2, 1617.83
1639509128, 0, 7, 99, 98, 40, 0.47%, 4, 0, 3, 1508.36
1639509133, 0, 17, 139, 133, 41, 0.52%, 4, 0, 3, 1454.27
1639509138, 0, 41, 149, 131, 28, 0.53%, 4, 0, 3, 1476.54
1639509143, 0, 73, 154, 129, 23, 0.53%, 4, 0, 3, 1473.78
1639509148, 0, 105, 170, 137, 14, 0.54%, 5, 0, 3, 1465.68
1639509153, 0, 144, 181, 139, 5, 0.54%, 6, 0, 4, 1469.51
1639509158, 0, 181, 185, 137, 4, 0.54%, 6, 0, 5, 1499.01
1639509163, 1, 158, 187, 133, 0, 0.54%, 6, 0, 5, 1497.70
1639509168, 1, 174, 188, 130, 0, 0.54%, 6, 0, 5, 1474.64
1639509173, 1, 181, 190, 129, 0, 0.54%, 6, 0, 5, 1469.99
1639509178, 2, 25, 192, 126, 0, 0.54%, 7, 0, 5, 1477.06
1639509183, 3, 8, 195, 121, 0, 0.55%, 7, 0, 5, 1394.06
1639509189, 3, 29, 196, 120, 0, 0.55%, 8, 0, 5, 1342.33
1639509194, 3, 198, 200, 121, 0, 0.55%, 8, 0, 5, 1310.77
1639509199, 3, 200, 210, 130, 4, 0.57%, 8, 0, 6, 1403.48
1639509204, 3, 204, 216, 135, 3, 0.58%, 8, 0, 7, 1388.14
1639509209, 3, 205, 220, 138, 8, 0.60%, 8, 0, 7, 1424.07
1639509214, 3, 208, 225, 142, 8, 0.61%, 8, 0, 7, 1431.48
1639509219, 3, 212, 228, 144, 12, 0.62%, 8, 0, 7, 1423.88
1639509224, 3, 216, 231, 144, 9, 0.63%, 9, 0, 8, 1446.87
1639509230, 3, 217, 236, 148, 11, 0.63%, 9, 0, 8, 1429.53
1639509235, 3, 218, 238, 149, 12, 0.63%, 9, 0, 8, 1415.50
1639509240, 3, 220, 240, 150, 12, 0.63%, 9, 0, 8, 1416.73
1639509245, 3, 227, 248, 156, 10, 0.64%, 9, 0, 8, 1394.84
1639509250, 3, 230, 248, 154, 8, 0.64%, 9, 0, 8, 1434.44
1639509255, 3, 234, 255, 160, 8, 0.66%, 9, 0, 9, 1311.83
1639509260, 3, 235, 259, 163, 9, 0.66%, 9, 0, 9, 1358.83
1639509265, 3, 243, 264, 167, 8, 0.66%, 9, 0, 9, 200.54
1639509270, 3, 243, 265, 168, 8, 0.66%, 9, 0, 9, 34.31
1639509276, 3, 246, 267, 169, 8, 0.66%, 9, 0, 9, 976.26
1639509281, 3, 246, 268, 170, 8, 0.66%, 9, 0, 9, 1194.29
1639509286, 3, 247, 272, 173, 7, 0.67%, 9, 0, 9, 1290.80
1639509291, 3, 248, 272, 172, 8, 0.67%, 9, 0, 9, 1385.15
1639509296, 3, 252, 275, 174, 7, 0.68%, 9, 0, 10, 1444.79
1639509301, 3, 253, 277, 175, 7, 0.68%, 9, 0, 10, 1357.33
1639509306, 3, 254, 279, 176, 7, 0.68%, 9, 0, 10, 1122.46
1639509311, 3, 255, 282, 178, 6, 0.68%, 9, 0, 10, 963.48
1639509316, 3, 255, 283, 179, 6, 0.68%, 9, 0, 10, 1166.44
1639509321, 3, 261, 285, 180, 5, 0.68%, 9, 0, 10, 1220.44
1639509326, 3, 268, 286, 180, 4, 0.70%, 9, 0, 10, 1274.91
1639509331, 3, 270, 289, 182, 4, 0.70%, 9, 0, 10, 1297.36
1639509336, 3, 274, 293, 185, 3, 0.70%, 9, 0, 11, 1264.16
1639509341, 3, 276, 294, 185, 2, 0.70%, 9, 0, 11, 1313.89
1639509346, 3, 285, 308, 198, 1, 0.73%, 9, 0, 11, 1251.24
1639509352, 3, 295, 309, 198, 11, 0.73%, 9, 0, 11, 1281.36
1639509357, 3, 297, 310, 197, 10, 0.73%, 9, 0, 12, 1378.95
1639509362, 3, 298, 312, 198, 9, 0.74%, 9, 0, 12, 1341.05
1639509367, 3, 300, 313, 197, 8, 0.74%, 9, 0, 12, 1343.03
1639509372, 3, 302, 314, 196, 6, 0.74%, 9, 0, 12, 1329.32
1639509377, 3, 303, 315, 196, 5, 0.74%, 9, 0, 12, 1292.00
1639509382, 3, 304, 316, 196, 4, 0.74%, 10, 0, 12, 1328.77
1639509387, 3, 309, 319, 197, 2, 0.74%, 10, 0, 13, 1347.95
1639509392, 3, 311, 319, 196, 1, 0.74%, 10, 0, 13, 1344.18
1639509397, 4, 26, 320, 195, 0, 0.74%, 10, 0, 13, 1361.57
1639509402, 4, 64, 321, 192, 0, 0.74%, 10, 0, 13, 1386.76
1639509407, 4, 94, 321, 188, 0, 0.74%, 10, 0, 13, 1385.68
1639509412, 4, 125, 321, 180, 0, 0.74%, 10, 0, 13, 1323.15
