# unix_time, cycles_done, cur_path, paths_total, pending_total, pending_favs, map_size, unique_crashes, unique_hangs, max_depth, execs_per_sec
1639471636, 0, 0, 1, 1, 1, 0.12%, 0, 0, 1, 2000.00
1639471641, 0, 0, 78, 78, 1, 0.47%, 4, 0, 2, 1583.35
1639471646, 0, 12, 113, 108, 44, 0.51%, 4, 0, 3, 1509.74
1639471651, 0, 16, 122, 114, 42, 0.51%, 4, 0, 3, 1503.60
1639471656, 0, 32, 138, 121, 34, 0.53%, 5, 0, 3, 1510.59
1639471661, 0, 57, 150, 121, 22, 0.53%, 5, 0, 3, 1499.98
1639471666, 0, 81, 160, 122, 15, 0.53%, 5, 0, 3, 1483.10
1639471671, 0, 126, 164, 118, 7, 0.54%, 7, 0, 4, 1481.55
1639471676, 0, 139, 169, 120, 7, 0.54%, 7, 0, 4, 1489.42
1639471681, 1, 1, 170, 115, 1, 0.54%, 7, 0, 4, 1505.72
1639471686, 1, 175, 205, 147, 6, 0.59%, 8, 0, 4, 1470.45
1639471691, 1, 187, 216, 156, 12, 0.62%, 9, 0, 5, 1486.56
1639471696, 1, 198, 219, 158, 12, 0.62%, 9, 0, 5, 1457.19
1639471701, 1, 202, 221, 158, 10, 0.62%, 9, 0, 5, 1465.09
1639471706, 1, 204, 228, 164, 9, 0.62%, 9, 0, 5, 1500.07
1639471711, 1, 205, 233, 168, 9, 0.62%, 9, 0, 5, 1494.40
1639471716, 1, 206, 235, 169, 9, 0.62%, 9, 0, 5, 1491.66
1639471722, 1, 206, 238, 172, 9, 0.62%, 9, 0, 5, 1491.04
1639471727, 1, 208, 242, 174, 7, 0.63%, 9, 0, 5, 1493.87
1639471732, 1, 210, 243, 174, 9, 0.64%, 9, 0, 5, 1477.04
1639471737, 1, 217, 249, 178, 8, 0.64%, 9, 0, 6, 1506.90
1639471742, 1, 223, 250, 178, 8, 0.64%, 9, 0, 6, 1504.43
1639471747, 1, 230, 252, 179, 7, 0.64%, 10, 0, 6, 1499.95
1639471752, 1, 240, 255, 180, 6, 0.64%, 10, 0, 6, 1497.25
1639471757, 1, 242, 258, 182, 6, 0.64%, 10, 0, 6, 1496.90
1639471762, 1, 248, 263, 184, 5, 0.65%, 10, 0, 6, 1490.69
1639471767, 1, 248, 265, 186, 5, 0.65%, 10, 0, 7, 1512.48
1639471772, 1, 255, 266, 185, 3, 0.65%, 10, 0, 7, 1498.81
1639471777, 1, 256, 268, 186, 2, 0.65%, 10, 0, 7, 1487.92
1639471782, 1, 259, 271, 188, 1, 0.65%, 10, 0, 7, 1494.72
1639471787, 2, 12, 273, 187, 0, 0.65%, 10, 0, 7, 1452.19
1639471792, 3, 8, 274, 186, 0, 0.65%, 10, 0, 7, 1459.37
1639471797, 3, 28, 275, 185, 0, 0.65%, 10, 0, 7, 1473.42
1639471803, 3, 50, 277, 185, 0, 0.65%, 10, 0, 7, 1477.59
1639471808, 3, 72, 277, 181, 0, 0.65%, 10, 0, 7, 1462.20
1639471813, 3, 200, 278, 180, 1, 0.66%, 10, 0, 7, 1433.79
1639471818, 3, 278, 279, 179, 0, 0.66%, 10, 0, 7, 1435.75
1639471823, 4, 27, 279, 177, 0, 0.66%, 10, 0, 7, 1438.57
1639471828, 4, 48, 279, 174, 0, 0.66%, 10, 0, 7, 1456.09
1639471833, 4, 69, 280, 171, 0, 0.66%, 10, 0, 7, 1452.42
1639471838, 4, 86, 281, 169, 0, 0.66%, 10, 0, 7, 1468.00
1639471843, 4, 110, 281, 167, 0, 0.66%, 10, 0, 7, 1436.08
1639471848, 4, 141, 281, 160, 0, 0.66%, 11, 0, 7, 1468.22
1639471853, 4, 163, 281, 157, 0, 0.66%, 11, 0, 7, 1447.16
1639471859, 4, 180, 281, 154, 0, 0.66%, 11, 0, 7, 1448.68
1639471864, 4, 192, 281, 152, 0, 0.66%, 11, 0, 7, 1456.08
1639471869, 4, 195, 282, 152, 0, 0.66%, 11, 0, 7, 1465.59
1639471874, 4, 199, 282, 151, 0, 0.66%, 11, 0, 7, 1452.70
1639471879, 4, 201, 282, 151, 0, 0.66%, 11, 0, 7, 1445.45
1639471884, 4, 207, 282, 149, 0, 0.66%, 11, 0, 7, 1474.50
1639471889, 4, 213, 282, 148, 0, 0.66%, 11, 0, 7, 1475.45
1639471894, 4, 217, 282, 147, 0, 0.66%, 11, 0, 7, 1470.29
1639471899, 4, 223, 282, 146, 0, 0.66%, 11, 0, 7, 1486.73
1639471904, 4, 237, 283, 146, 0, 0.66%, 11, 0, 7, 1482.46
1639471909, 4, 238, 283, 145, 0, 0.66%, 11, 0, 7, 1835.54
1639471914, 4, 250, 284, 145, 1, 0.66%, 11, 0, 7, 1549.27
1639471919, 4, 283, 286, 146, 1, 0.67%, 11, 0, 7, 1496.57
1639471929, 4, 284, 288, 147, 1, 0.67%, 11, 0, 8, 1465.67
1639471935, 4, 284, 290, 149, 1, 0.67%, 11, 0, 8, 1450.14
