# unix_time, cycles_done, cur_path, paths_total, pending_total, pending_favs, map_size, unique_crashes, unique_hangs, max_depth, execs_per_sec
1639545916, 0, 0, 1, 1, 1, 0.12%, 0, 0, 1, 1333.33
1639545921, 0, 0, 69, 69, 1, 0.31%, 8, 0, 2, 1319.49
1639545926, 0, 16, 103, 98, 29, 0.33%, 12, 0, 3, 1682.07
1639545931, 0, 31, 113, 100, 22, 0.34%, 15, 0, 3, 1415.61
1639545936, 0, 57, 117, 93, 12, 0.34%, 16, 0, 3, 1400.46
1639545941, 0, 67, 122, 96, 11, 0.35%, 16, 0, 3, 1406.33
1639545946, 0, 95, 129, 97, 8, 0.36%, 18, 0, 4, 1364.88
1639545951, 0, 109, 135, 101, 6, 0.36%, 18, 0, 4, 1392.60
1639545956, 0, 126, 145, 106, 3, 0.37%, 19, 0, 4, 1385.52
1639545961, 0, 140, 152, 112, 4, 0.38%, 19, 0, 5, 1389.83
1639545966, 0, 140, 157, 117, 4, 0.38%, 19, 0, 5, 1406.14
1639545972, 0, 144, 165, 124, 6, 0.39%, 19, 0, 5, 1424.10
1639545977, 0, 153, 167, 122, 7, 0.40%, 20, 0, 6, 1417.53
1639545982, 0, 158, 175, 127, 6, 0.41%, 20, 0, 6, 1407.04
1639545987, 0, 169, 179, 127, 2, 0.41%, 21, 0, 7, 1396.92
1639545992, 0, 169, 184, 132, 2, 0.42%, 22, 0, 7, 1406.84
1639545997, 0, 181, 190, 135, 3, 0.43%, 23, 0, 8, 1404.03
1639546002, 0, 190, 197, 139, 1, 0.45%, 23, 0, 9, 1394.27
1639546007, 0, 194, 201, 142, 4, 0.46%, 23, 0, 10, 1403.36
1639546012, 0, 196, 206, 146, 5, 0.46%, 23, 0, 10, 1401.70
1639546017, 0, 197, 208, 147, 6, 0.47%, 23, 0, 10, 1399.31
1639546022, 0, 202, 209, 145, 3, 0.47%, 24, 0, 10, 1399.07
1639546027, 0, 204, 211, 146, 2, 0.47%, 24, 0, 11, 1387.79
1639546032, 1, 14, 212, 140, 0, 0.47%, 24, 0, 11, 1426.93
1639546037, 1, 35, 212, 136, 0, 0.47%, 24, 0, 11, 1352.71
1639546042, 1, 65, 212, 135, 0, 0.47%, 25, 0, 11, 1358.92
1639546047, 1, 149, 215, 135, 1, 0.47%, 25, 0, 11, 1375.32
1639546053, 2, 82, 215, 132, 0, 0.47%, 26, 0, 11, 1351.57
1639546058, 2, 116, 215, 128, 0, 0.47%, 26, 0, 11, 1364.30
1639546063, 2, 144, 216, 126, 0, 0.47%, 26, 0, 11, 1422.67
1639546068, 2, 153, 216, 125, 0, 0.47%, 27, 0, 11, 1400.32
1639546073, 2, 158, 216, 124, 0, 0.47%, 27, 0, 11, 1397.96
1639546078, 2, 165, 216, 123, 0, 0.47%, 28, 0, 11, 1381.84
1639546083, 2, 171, 217, 123, 0, 0.47%, 28, 0, 11, 1397.66
1639546088, 2, 177, 218, 123, 0, 0.47%, 28, 0, 11, 1426.63
1639546093, 2, 188, 218, 120, 0, 0.47%, 28, 0, 11, 1433.83
1639546098, 2, 195, 218, 119, 0, 0.47%, 28, 0, 11, 1385.75
1639546103, 2, 198, 219, 119, 0, 0.47%, 28, 0, 11, 1415.07
1639546108, 2, 219, 220, 120, 1, 0.47%, 28, 0, 11, 1405.27
1639546113, 2, 221, 226, 125, 1, 0.48%, 29, 0, 13, 1413.81
1639546119, 2, 222, 226, 124, 2, 0.48%, 29, 0, 13, 1426.05
1639546124, 2, 225, 227, 124, 1, 0.48%, 30, 0, 14, 1436.43
1639546129, 3, 22, 227, 122, 0, 0.48%, 30, 0, 14, 1437.16
1639546134, 4, 25, 229, 121, 0, 0.48%, 30, 0, 14, 1422.29
1639546139, 4, 50, 229, 117, 0, 0.48%, 30, 0, 14, 1418.65
1639546144, 4, 70, 231, 115, 0, 0.48%, 30, 0, 14, 1420.32
1639546149, 4, 102, 234, 115, 0, 0.48%, 30, 0, 14, 1432.05
1639546154, 4, 126, 235, 113, 0, 0.48%, 30, 0, 14, 1411.97
1639546159, 4, 134, 236, 111, 0, 0.48%, 30, 0, 14, 1396.20
1639546165, 4, 144, 237, 109, 0, 0.48%, 30, 0, 14, 1413.26
1639546170, 4, 153, 237, 108, 0, 0.48%, 30, 0, 14, 1396.05
1639546175, 4, 157, 239, 109, 0, 0.48%, 30, 0, 14, 1401.54
1639546180, 5, 6, 240, 108, 0, 0.48%, 30, 0, 14, 1427.19
1639546185, 5, 40, 241, 108, 0, 0.48%, 30, 0, 14, 1422.55
1639546190, 5, 70, 241, 107, 0, 0.48%, 30, 0, 14, 1424.98
1639546195, 5, 95, 241, 104, 0, 0.48%, 30, 0, 14, 1430.91
1639546200, 5, 241, 242, 102, 1, 0.49%, 30, 0, 14, 1420.69
1639546206, 6, 13, 242, 101, 0, 0.49%, 30, 0, 14, 1433.94
1639546211, 6, 45, 242, 100, 0, 0.49%, 30, 0, 14, 1429.49
1639546216, 6, 70, 242, 99, 0, 0.49%, 30, 0, 14, 1422.74
