# unix_time, cycles_done, cur_path, paths_total, pending_total, pending_favs, map_size, unique_crashes, unique_hangs, max_depth, execs_per_sec
1639444756, 0, 0, 971, 971, 87, 0.75%, 0, 0, 1, 1268.04
1639444761, 0, 169, 971, 959, 75, 0.75%, 2, 0, 1, 1386.04
1639444766, 0, 290, 972, 949, 66, 0.75%, 4, 0, 2, 1421.78
1639444772, 0, 397, 972, 940, 58, 0.75%, 4, 0, 2, 1430.73
1639444777, 0, 500, 972, 928, 46, 0.75%, 5, 0, 2, 1448.66
1639444782, 0, 553, 972, 921, 40, 0.75%, 5, 0, 2, 1437.34
1639444787, 0, 685, 972, 910, 31, 0.75%, 6, 0, 2, 1442.71
1639444792, 0, 768, 972, 903, 25, 0.75%, 7, 0, 2, 1418.63
1639444797, 0, 835, 972, 892, 15, 0.75%, 7, 0, 2, 1414.60
1639444802, 0, 877, 972, 886, 10, 0.75%, 8, 0, 2, 1417.19
1639444807, 1, 9, 972, 876, 0, 0.75%, 8, 0, 2, 1435.78
1639444812, 1, 27, 972, 868, 0, 0.75%, 8, 0, 2, 1419.43
1639444817, 1, 50, 972, 860, 0, 0.75%, 9, 0, 2, 1402.96
1639444822, 1, 76, 972, 852, 0, 0.75%, 9, 0, 2, 1415.98
1639444828, 1, 118, 972, 840, 0, 0.75%, 9, 0, 2, 1427.17
1639444833, 1, 147, 972, 832, 0, 0.75%, 9, 0, 2, 1425.79
1639444838, 1, 172, 972, 827, 0, 0.75%, 9, 0, 2, 1427.76
1639444843, 1, 202, 972, 819, 0, 0.75%, 9, 0, 2, 1422.08
1639444848, 1, 223, 972, 812, 0, 0.75%, 9, 0, 2, 1402.84
1639444854, 1, 253, 972, 802, 0, 0.75%, 9, 0, 2, 1430.31
1639444859, 1, 290, 972, 795, 0, 0.75%, 10, 0, 2, 1446.10
1639444864, 1, 337, 972, 786, 0, 0.75%, 11, 0, 2, 1442.92
1639444869, 1, 351, 972, 781, 0, 0.75%, 11, 0, 2, 1441.82
1639444874, 1, 377, 972, 775, 0, 0.75%, 11, 0, 2, 1428.70
1639444879, 1, 397, 972, 768, 0, 0.75%, 11, 0, 2, 1432.06
1639444884, 1, 420, 972, 764, 0, 0.75%, 11, 0, 2, 1447.68
1639444890, 1, 452, 972, 757, 0, 0.75%, 11, 0, 2, 1425.57
1639444895, 1, 471, 972, 749, 0, 0.75%, 11, 0, 2, 1431.79
1639444900, 1, 517, 972, 742, 0, 0.75%, 11, 0, 2, 1423.73
1639444905, 1, 546, 972, 738, 0, 0.75%, 11, 0, 2, 1425.02
1639444910, 1, 571, 972, 733, 0, 0.75%, 11, 0, 2, 1427.35
1639444915, 1, 617, 972, 725, 0, 0.75%, 12, 0, 2, 1427.70
1639444920, 1, 635, 972, 719, 0, 0.75%, 12, 0, 2, 1425.74
1639444925, 1, 665, 972, 710, 0, 0.75%, 12, 0, 2, 1433.39
1639444930, 1, 695, 972, 703, 0, 0.75%, 12, 0, 2, 1432.34
1639444935, 1, 734, 972, 697, 0, 0.75%, 12, 0, 2, 1425.33
1639444941, 1, 758, 972, 691, 0, 0.75%, 12, 0, 2, 1403.08
1639444946, 1, 798, 972, 686, 0, 0.75%, 12, 0, 2, 1414.93
1639444951, 1, 830, 972, 681, 0, 0.75%, 12, 0, 2, 1432.13
1639444956, 1, 853, 972, 677, 0, 0.75%, 12, 0, 2, 1447.09
1639444961, 1, 874, 972, 671, 0, 0.75%, 12, 0, 2, 1422.10
1639444966, 1, 894, 972, 663, 0, 0.75%, 12, 0, 2, 1431.28
1639444971, 1, 923, 972, 657, 0, 0.75%, 12, 0, 2, 1411.71
1639444977, 1, 955, 972, 651, 0, 0.75%, 12, 0, 2, 1417.25
1639444982, 2, 6, 972, 645, 0, 0.75%, 12, 0, 2, 1421.92
1639444987, 2, 69, 972, 640, 0, 0.75%, 12, 0, 2, 1412.89
1639444992, 2, 121, 972, 633, 0, 0.75%, 12, 0, 2, 1362.72
1639444997, 2, 161, 972, 626, 0, 0.75%, 12, 0, 2, 1389.26
1639445002, 2, 181, 972, 623, 0, 0.75%, 12, 0, 2, 1434.19
1639445007, 2, 265, 972, 614, 0, 0.75%, 12, 0, 2, 1439.84
1639445012, 2, 304, 972, 606, 0, 0.75%, 12, 0, 2, 1428.03
1639445017, 2, 346, 972, 599, 0, 0.75%, 12, 0, 2, 1406.05
1639445022, 2, 384, 972, 593, 0, 0.75%, 12, 0, 2, 1717.31
1639445027, 2, 407, 972, 589, 0, 0.75%, 12, 0, 2, 1485.65
1639445033, 2, 432, 972, 583, 0, 0.75%, 12, 0, 2, 1435.34
1639445038, 2, 465, 972, 575, 0, 0.75%, 12, 0, 2, 1410.59
1639445043, 2, 504, 972, 568, 0, 0.75%, 12, 0, 2, 1355.46
1639445048, 2, 532, 972, 563, 0, 0.75%, 12, 0, 2, 1403.35
