# unix_time, cycles_done, cur_path, paths_total, pending_total, pending_favs, map_size, unique_crashes, unique_hangs, max_depth, execs_per_sec
1639557073, 0, 0, 1, 1, 1, 0.12%, 0, 0, 1, 2000.00
1639557078, 0, 0, 75, 75, 1, 0.44%, 4, 0, 2, 1521.06
1639557083, 0, 15, 95, 90, 33, 0.46%, 4, 0, 3, 1448.23
1639557089, 0, 25, 114, 105, 35, 0.50%, 4, 0, 3, 1429.07
1639557094, 0, 32, 128, 113, 28, 0.51%, 4, 0, 3, 1417.96
1639557099, 0, 61, 137, 113, 22, 0.51%, 4, 0, 3, 1436.80
1639557104, 0, 62, 145, 120, 23, 0.51%, 5, 0, 3, 1423.54
1639557109, 0, 89, 156, 124, 16, 0.51%, 5, 0, 4, 1404.41
1639557114, 0, 93, 172, 139, 18, 0.53%, 5, 0, 4, 1408.87
1639557119, 0, 104, 176, 140, 17, 0.54%, 5, 0, 4, 1415.47
1639557124, 0, 139, 181, 137, 10, 0.54%, 5, 0, 4, 1427.94
1639557129, 0, 155, 187, 141, 8, 0.54%, 5, 0, 5, 1422.69
1639557134, 0, 169, 191, 141, 6, 0.55%, 5, 0, 5, 1435.65
1639557139, 0, 189, 193, 138, 3, 0.57%, 7, 0, 5, 1435.41
1639557145, 0, 195, 198, 139, 1, 0.58%, 7, 0, 8, 1434.52
1639557150, 0, 197, 201, 141, 2, 0.58%, 8, 0, 9, 1410.32
1639557155, 0, 198, 207, 146, 1, 0.59%, 9, 0, 9, 1432.46
1639557160, 0, 202, 213, 150, 5, 0.60%, 9, 0, 10, 1443.99
1639557165, 0, 204, 217, 153, 6, 0.61%, 9, 0, 10, 1449.84
1639557170, 0, 207, 219, 153, 4, 0.61%, 9, 0, 10, 1455.32
1639557175, 0, 208, 222, 155, 3, 0.61%, 9, 0, 10, 1455.09
1639557180, 0, 215, 234, 165, 9, 0.66%, 9, 0, 11, 1439.76
1639557185, 0, 215, 252, 183, 9, 0.67%, 9, 0, 11, 1407.82
1639557191, 0, 223, 253, 180, 12, 0.67%, 9, 0, 11, 1414.97
1639557196, 0, 227, 255, 179, 10, 0.70%, 9, 0, 12, 1434.16
1639557201, 0, 234, 258, 179, 7, 0.70%, 9, 0, 12, 1432.88
1639557206, 0, 234, 261, 182, 7, 0.70%, 9, 0, 12, 1436.30
1639557211, 0, 237, 264, 183, 5, 0.70%, 10, 0, 12, 1384.76
1639557216, 0, 241, 267, 184, 3, 0.70%, 10, 0, 12, 1396.52
1639557221, 0, 253, 269, 185, 2, 0.70%, 11, 0, 12, 1427.07
1639557226, 1, 43, 269, 181, 0, 0.70%, 11, 0, 12, 1441.37
1639557231, 1, 70, 270, 178, 0, 0.70%, 11, 0, 12, 1435.71
1639557236, 1, 93, 272, 176, 0, 0.70%, 11, 0, 12, 1442.16
1639557242, 1, 126, 272, 172, 0, 0.70%, 11, 0, 12, 1427.47
1639557247, 1, 155, 273, 169, 0, 0.70%, 11, 0, 12, 1423.93
1639557252, 1, 166, 274, 168, 0, 0.70%, 11, 0, 12, 1552.21
1639557257, 1, 172, 274, 167, 0, 0.70%, 11, 0, 12, 1498.25
1639557262, 1, 179, 274, 165, 0, 0.70%, 11, 0, 12, 1559.40
1639557268, 1, 187, 275, 163, 0, 0.70%, 11, 0, 12, 1453.31
1639557273, 1, 194, 275, 162, 0, 0.70%, 11, 0, 12, 1428.19
1639557278, 1, 197, 276, 161, 0, 0.70%, 11, 0, 12, 1434.06
1639557283, 1, 205, 276, 160, 0, 0.70%, 11, 0, 12, 1449.91
1639557288, 1, 207, 276, 159, 0, 0.70%, 11, 0, 12, 1460.90
1639557293, 1, 219, 276, 158, 0, 0.70%, 11, 0, 12, 1465.78
1639557298, 1, 223, 279, 161, 0, 0.70%, 11, 0, 12, 1457.49
1639557303, 1, 227, 279, 161, 0, 0.70%, 11, 0, 12, 1454.55
1639557308, 1, 232, 281, 163, 0, 0.70%, 11, 0, 12, 1455.31
1639557313, 1, 282, 287, 168, 1, 0.71%, 11, 0, 13, 1442.05
1639557318, 1, 286, 294, 174, 2, 0.72%, 11, 0, 14, 1439.00
1639557323, 1, 288, 300, 179, 2, 0.72%, 11, 0, 14, 1445.03
1639557333, 1, 293, 302, 180, 4, 0.72%, 11, 0, 15, 2098.60
1639557338, 1, 295, 304, 181, 3, 0.72%, 12, 0, 15, 1733.99
1639557348, 1, 296, 309, 185, 2, 0.72%, 12, 0, 15, 1429.93
1639557354, 1, 296, 311, 187, 2, 0.72%, 12, 0, 15, 1411.33
1639557359, 1, 306, 313, 188, 1, 0.72%, 12, 0, 16, 1449.94
1639557364, 1, 306, 315, 190, 1, 0.74%, 12, 0, 16, 1447.55
1639557369, 1, 312, 315, 189, 3, 0.74%, 12, 0, 16, 1457.96
