# unix_time, cycles_done, cur_path, paths_total, pending_total, pending_favs, map_size, unique_crashes, unique_hangs, max_depth, execs_per_sec
1639526965, 0, 0, 971, 971, 90, 0.86%, 0, 0, 1, 972.70
1639526970, 0, 202, 971, 959, 78, 0.86%, 2, 0, 1, 1241.13
1639526975, 0, 299, 971, 952, 71, 0.86%, 4, 0, 1, 1178.15
1639526981, 0, 424, 971, 943, 62, 0.86%, 4, 0, 1, 1279.49
1639526986, 0, 511, 971, 932, 53, 0.86%, 4, 0, 1, 1324.05
1639526991, 0, 572, 972, 928, 49, 0.86%, 5, 0, 2, 1326.57
1639526996, 0, 664, 972, 919, 40, 0.86%, 6, 0, 2, 1361.27
1639527001, 0, 736, 972, 912, 33, 0.86%, 9, 0, 2, 1348.93
1639527006, 0, 792, 972, 904, 26, 0.86%, 10, 0, 2, 1303.78
1639527011, 0, 867, 972, 895, 17, 0.86%, 10, 0, 2, 1318.22
1639527016, 0, 909, 972, 888, 10, 0.86%, 10, 0, 2, 1339.68
1639527021, 0, 968, 972, 880, 2, 0.86%, 13, 0, 2, 1269.53
1639527026, 1, 28, 972, 873, 0, 0.86%, 15, 0, 2, 1310.63
1639527032, 1, 48, 972, 863, 0, 0.86%, 15, 0, 2, 1313.41
1639527037, 1, 77, 972, 855, 0, 0.86%, 15, 0, 2, 1317.94
1639527042, 1, 129, 972, 847, 0, 0.86%, 16, 0, 2, 1296.96
1639527047, 1, 177, 972, 839, 0, 0.86%, 16, 0, 2, 1382.05
1639527052, 1, 204, 972, 832, 0, 0.86%, 17, 0, 2, 1408.34
1639527057, 1, 232, 972, 825, 0, 0.86%, 17, 0, 2, 1432.51
1639527063, 1, 269, 972, 817, 0, 0.86%, 17, 0, 2, 1421.42
1639527068, 1, 289, 973, 811, 0, 0.86%, 17, 0, 2, 1371.56
1639527073, 1, 344, 973, 804, 0, 0.86%, 18, 0, 2, 1288.41
1639527078, 1, 363, 973, 798, 0, 0.86%, 18, 0, 2, 1350.78
1639527083, 1, 393, 973, 791, 0, 0.86%, 18, 0, 2, 1391.01
1639527088, 1, 426, 973, 783, 0, 0.86%, 18, 0, 2, 1383.93
1639527093, 1, 443, 973, 776, 0, 0.86%, 18, 0, 2, 1356.83
1639527098, 1, 472, 973, 769, 0, 0.86%, 18, 0, 2, 1332.40
1639527103, 1, 511, 973, 762, 0, 0.86%, 18, 0, 2, 1367.87
1639527108, 1, 564, 973, 756, 0, 0.86%, 18, 0, 2, 1372.40
1639527113, 1, 589, 973, 752, 0, 0.86%, 18, 0, 2, 1388.53
1639527118, 1, 625, 973, 747, 0, 0.86%, 18, 0, 2, 1393.36
1639527124, 1, 658, 973, 740, 0, 0.86%, 19, 0, 2, 1385.77
1639527129, 1, 687, 973, 735, 0, 0.86%, 19, 0, 2, 1369.21
1639527134, 1, 695, 973, 730, 0, 0.86%, 19, 0, 2, 1381.48
1639527139, 1, 737, 973, 726, 0, 0.86%, 19, 0, 2, 1371.33
1639527144, 1, 780, 973, 720, 0, 0.86%, 20, 0, 2, 1370.47
1639527149, 1, 806, 973, 717, 0, 0.86%, 20, 0, 2, 1391.74
1639527154, 1, 831, 973, 711, 0, 0.86%, 20, 0, 2, 1383.81
1639527159, 1, 851, 973, 706, 0, 0.86%, 20, 0, 2, 1387.76
1639527164, 1, 867, 973, 700, 0, 0.86%, 20, 0, 2, 1386.84
1639527169, 1, 884, 974, 697, 0, 0.86%, 20, 0, 2, 1311.85
1639527174, 1, 909, 974, 692, 0, 0.86%, 20, 0, 2, 1383.08
1639527179, 1, 932, 974, 686, 0, 0.86%, 20, 0, 2, 1362.42
1639527184, 1, 940, 976, 683, 0, 0.86%, 20, 0, 2, 1318.91
1639527189, 1, 953, 976, 680, 0, 0.86%, 20, 0, 2, 1310.26
1639527195, 1, 971, 976, 674, 0, 0.86%, 20, 0, 2, 1317.52
1639527200, 2, 29, 976, 668, 0, 0.86%, 20, 0, 2, 1334.62
1639527205, 2, 74, 976, 661, 0, 0.86%, 20, 0, 2, 1346.85
1639527210, 2, 133, 976, 649, 0, 0.86%, 20, 0, 2, 1775.00
1639527215, 2, 176, 976, 634, 0, 0.86%, 21, 0, 2, 2116.04
1639527220, 2, 234, 976, 625, 0, 0.86%, 22, 0, 2, 2126.44
1639527225, 2, 294, 976, 612, 0, 0.86%, 23, 0, 2, 2092.27
1639527231, 2, 345, 977, 601, 0, 0.86%, 23, 0, 2, 2133.64
1639527236, 2, 398, 977, 591, 0, 0.86%, 24, 0, 2, 2155.59
1639527241, 2, 455, 977, 583, 0, 0.86%, 24, 0, 2, 2103.87
1639527246, 2, 506, 977, 573, 0, 0.86%, 24, 0, 2, 2072.26
1639527251, 2, 549, 977, 565, 0, 0.86%, 24, 0, 2, 2105.11
1639527256, 2, 606, 977, 559, 0, 0.86%, 24, 0, 2, 2137.86
