# unix_time, cycles_done, cur_path, paths_total, pending_total, pending_favs, map_size, unique_crashes, unique_hangs, max_depth, execs_per_sec
1639598471, 0, 0, 1, 1, 1, 0.12%, 0, 0, 1, 1600.00
1639598476, 0, 0, 79, 79, 1, 0.44%, 4, 0, 2, 1482.19
1639598481, 0, 8, 99, 96, 38, 0.47%, 4, 0, 3, 1434.73
1639598486, 0, 33, 113, 98, 29, 0.48%, 4, 0, 3, 1458.88
1639598491, 0, 47, 120, 96, 20, 0.48%, 4, 0, 3, 1475.32
1639598496, 0, 70, 142, 111, 15, 0.51%, 7, 0, 3, 1445.15
1639598501, 0, 85, 153, 116, 9, 0.51%, 7, 0, 3, 1461.16
1639598506, 0, 151, 162, 118, 4, 0.53%, 8, 0, 4, 1458.04
1639598511, 0, 153, 164, 119, 7, 0.54%, 8, 0, 4, 1450.45
1639598516, 0, 157, 178, 131, 7, 0.56%, 8, 0, 5, 1457.53
1639598521, 0, 159, 185, 137, 12, 0.56%, 8, 0, 5, 1452.62
1639598526, 0, 160, 188, 139, 13, 0.57%, 8, 0, 5, 1446.43
1639598532, 0, 169, 191, 137, 9, 0.57%, 8, 0, 6, 1473.17
1639598537, 0, 176, 199, 143, 8, 0.58%, 8, 0, 6, 1478.21
1639598542, 0, 179, 202, 143, 8, 0.58%, 8, 0, 6, 1420.63
1639598547, 0, 196, 205, 141, 3, 0.61%, 8, 0, 7, 1421.09
1639598552, 0, 204, 210, 141, 5, 0.62%, 8, 0, 7, 1441.04
1639598557, 0, 209, 212, 139, 3, 0.62%, 8, 0, 8, 1464.55
1639598562, 0, 210, 217, 143, 2, 0.62%, 8, 0, 9, 1460.45
1639598567, 1, 3, 220, 143, 0, 0.62%, 8, 0, 9, 1457.33
1639598572, 1, 32, 221, 139, 0, 0.62%, 8, 0, 9, 1424.13
1639598577, 1, 116, 223, 139, 1, 0.63%, 9, 0, 9, 1381.50
1639598583, 2, 5, 224, 135, 0, 0.63%, 11, 0, 9, 1392.93
1639598588, 2, 35, 225, 135, 0, 0.63%, 11, 0, 9, 1395.43
1639598593, 2, 61, 225, 132, 0, 0.63%, 11, 0, 9, 1399.23
1639598598, 2, 172, 226, 132, 1, 0.63%, 11, 0, 9, 1366.89
1639598603, 2, 225, 232, 137, 1, 0.64%, 11, 0, 9, 1386.30
1639598608, 2, 226, 237, 141, 3, 0.64%, 11, 0, 9, 1385.39
1639598613, 2, 230, 241, 144, 4, 0.65%, 11, 0, 9, 1426.71
1639598618, 2, 231, 244, 146, 5, 0.65%, 12, 0, 9, 1448.04
1639598623, 2, 231, 247, 149, 5, 0.65%, 12, 0, 9, 1468.14
1639598628, 2, 235, 250, 151, 4, 0.65%, 12, 0, 9, 1440.06
1639598634, 2, 238, 250, 149, 3, 0.65%, 15, 0, 9, 1447.63
1639598639, 2, 240, 250, 148, 2, 0.65%, 16, 0, 9, 1455.84
1639598644, 2, 247, 251, 148, 1, 0.65%, 16, 0, 9, 1453.32
1639598649, 2, 250, 252, 148, 0, 0.65%, 17, 0, 9, 1429.96
1639598654, 3, 11, 253, 148, 0, 0.65%, 17, 0, 9, 1466.77
1639598659, 4, 1, 254, 143, 0, 0.65%, 17, 0, 9, 1455.74
1639598664, 4, 236, 255, 141, 1, 0.65%, 17, 0, 9, 1422.11
1639598669, 4, 255, 257, 142, 0, 0.65%, 17, 0, 9, 1447.10
1639598674, 5, 18, 257, 141, 0, 0.65%, 17, 0, 9, 1464.24
1639598679, 5, 38, 257, 140, 0, 0.65%, 17, 0, 9, 1470.17
1639598685, 5, 64, 258, 139, 0, 0.65%, 17, 0, 9, 1471.99
1639598690, 5, 93, 258, 134, 0, 0.65%, 17, 0, 9, 1424.51
1639598695, 5, 115, 258, 130, 0, 0.65%, 17, 0, 9, 1402.68
1639598700, 5, 258, 260, 124, 1, 0.65%, 17, 0, 9, 2222.11
1639598705, 6, 22, 261, 123, 0, 0.65%, 17, 0, 9, 1579.01
1639598710, 6, 38, 261, 122, 0, 0.65%, 17, 0, 9, 1479.57
1639598715, 6, 67, 261, 122, 0, 0.65%, 17, 0, 9, 1474.49
1639598720, 6, 103, 261, 120, 0, 0.65%, 17, 0, 9, 1436.27
1639598725, 6, 154, 262, 118, 0, 0.65%, 17, 0, 9, 1456.41
1639598730, 6, 262, 265, 120, 1, 0.65%, 17, 0, 9, 1467.18
1639598740, 7, 28, 266, 119, 0, 0.65%, 17, 0, 9, 1460.48
1639598745, 7, 46, 267, 119, 0, 0.65%, 17, 0, 9, 1482.87
1639598750, 7, 79, 267, 117, 0, 0.65%, 17, 0, 9, 1428.32
1639598755, 7, 128, 267, 114, 0, 0.65%, 17, 0, 9, 1455.27
1639598761, 7, 154, 268, 112, 0, 0.65%, 17, 0, 9, 1457.42
1639598766, 7, 161, 268, 111, 0, 0.65%, 17, 0, 9, 1458.43
1639598771, 7, 171, 268, 108, 0, 0.65%, 17, 0, 9, 1466.23
