# unix_time, cycles_done, cur_path, paths_total, pending_total, pending_favs, map_size, unique_crashes, unique_hangs, max_depth, execs_per_sec
1639593342, 0, 0, 1, 1, 1, 0.12%, 0, 0, 1, 1333.33
1639593348, 0, 0, 82, 82, 1, 0.38%, 4, 0, 2, 1318.62
1639593353, 0, 4, 105, 104, 39, 0.38%, 5, 0, 3, 1213.09
1639593358, 0, 22, 110, 103, 35, 0.39%, 5, 0, 3, 1390.34
1639593363, 0, 38, 115, 99, 30, 0.43%, 5, 0, 3, 1419.42
1639593368, 0, 59, 130, 102, 19, 0.44%, 5, 0, 3, 1395.79
1639593373, 0, 59, 138, 110, 19, 0.45%, 5, 0, 3, 1383.33
1639593378, 0, 88, 140, 102, 15, 0.45%, 5, 0, 3, 1422.31
1639593383, 0, 126, 149, 103, 7, 0.45%, 7, 0, 4, 1426.58
1639593388, 0, 126, 161, 115, 7, 0.49%, 7, 0, 4, 1414.84
1639593393, 0, 127, 167, 120, 14, 0.49%, 7, 0, 4, 1365.67
1639593398, 0, 149, 171, 120, 12, 0.49%, 8, 0, 4, 1349.72
1639593403, 0, 154, 177, 123, 10, 0.50%, 8, 0, 5, 1362.40
1639593408, 0, 156, 186, 130, 10, 0.52%, 8, 0, 5, 1362.92
1639593413, 0, 159, 192, 133, 10, 0.53%, 8, 0, 5, 1389.09
1639593418, 0, 164, 198, 136, 8, 0.53%, 8, 0, 5, 1428.20
1639593423, 0, 175, 201, 138, 8, 0.53%, 8, 0, 5, 1413.93
1639593428, 0, 178, 206, 141, 6, 0.53%, 10, 0, 6, 1412.83
1639593433, 0, 188, 209, 141, 4, 0.54%, 10, 0, 6, 1425.66
1639593438, 0, 190, 216, 147, 5, 0.54%, 10, 0, 6, 1419.57
1639593443, 0, 206, 221, 150, 4, 0.54%, 11, 0, 7, 1430.81
1639593449, 0, 215, 225, 152, 3, 0.55%, 11, 0, 7, 1427.32
1639593454, 0, 222, 226, 150, 1, 0.55%, 11, 0, 8, 1448.97
1639593459, 0, 226, 232, 154, 1, 0.55%, 11, 0, 10, 1433.40
1639593464, 1, 10, 235, 153, 0, 0.55%, 11, 0, 10, 1442.04
1639593469, 2, 4, 237, 153, 0, 0.56%, 12, 0, 10, 1452.83
1639593474, 2, 150, 239, 150, 1, 0.56%, 12, 0, 10, 1445.79
1639593479, 3, 18, 239, 147, 0, 0.56%, 12, 0, 10, 1464.45
1639593484, 3, 48, 239, 145, 0, 0.56%, 12, 0, 10, 1450.52
1639593489, 3, 70, 241, 144, 0, 0.56%, 12, 0, 10, 1431.67
1639593494, 3, 241, 245, 147, 1, 0.56%, 13, 0, 10, 1389.85
1639593499, 3, 243, 247, 148, 1, 0.56%, 13, 0, 10, 1405.95
1639593504, 4, 30, 247, 147, 0, 0.56%, 13, 0, 10, 1431.47
1639593509, 4, 58, 247, 144, 0, 0.56%, 13, 0, 10, 1463.46
1639593515, 4, 96, 250, 143, 0, 0.56%, 13, 0, 10, 1984.08
1639593520, 4, 116, 251, 141, 0, 0.56%, 13, 0, 10, 1418.80
1639593525, 4, 135, 253, 138, 0, 0.56%, 13, 0, 10, 1374.96
1639593530, 4, 150, 253, 134, 0, 0.56%, 13, 0, 10, 1440.47
1639593535, 4, 253, 255, 134, 1, 0.59%, 13, 0, 10, 1448.82
1639593540, 4, 254, 271, 149, 1, 0.62%, 13, 0, 10, 1432.78
1639593545, 4, 254, 272, 150, 1, 0.62%, 13, 0, 10, 1456.29
1639593550, 4, 257, 276, 153, 9, 0.62%, 13, 0, 10, 1427.07
1639593555, 4, 257, 278, 155, 9, 0.62%, 13, 0, 10, 1453.70
1639593560, 4, 258, 278, 154, 12, 0.62%, 14, 0, 10, 1270.22
1639593565, 4, 260, 278, 153, 11, 0.62%, 14, 0, 10, 1420.10
1639593570, 4, 261, 279, 153, 10, 0.62%, 14, 0, 10, 1418.66
1639593576, 4, 262, 279, 152, 9, 0.62%, 14, 0, 10, 1435.16
1639593581, 4, 263, 279, 151, 8, 0.62%, 14, 0, 10, 1417.94
1639593586, 4, 267, 279, 149, 6, 0.62%, 14, 0, 10, 1425.77
1639593591, 4, 267, 279, 149, 6, 0.62%, 15, 0, 10, 1421.65
1639593596, 4, 268, 280, 149, 5, 0.62%, 15, 0, 10, 1440.78
1639593601, 4, 273, 283, 151, 3, 0.62%, 15, 0, 10, 1453.68
1639593606, 4, 273, 284, 152, 3, 0.62%, 15, 0, 10, 1447.41
1639593611, 4, 275, 285, 152, 2, 0.62%, 15, 0, 10, 1451.35
1639593616, 4, 275, 286, 153, 2, 0.62%, 15, 0, 10, 1452.27
1639593622, 4, 277, 286, 152, 1, 0.62%, 15, 0, 10, 1448.52
1639593632, 4, 279, 287, 152, 0, 0.62%, 15, 0, 10, 1440.30
1639593642, 5, 287, 290, 154, 1, 0.62%, 15, 0, 10, 1431.08
