# unix_time, cycles_done, cur_path, paths_total, pending_total, pending_favs, map_size, unique_crashes, unique_hangs, max_depth, execs_per_sec
1639443815, 0, 0, 1, 1, 1, 0.12%, 0, 0, 1, 1142.86
1639443821, 0, 0, 81, 81, 1, 0.41%, 5, 0, 2, 1385.99
1639443826, 0, 8, 95, 93, 36, 0.47%, 7, 0, 3, 1436.27
1639443831, 0, 19, 125, 117, 37, 0.49%, 7, 0, 3, 1432.07
1639443836, 0, 69, 151, 125, 22, 0.53%, 8, 0, 3, 2254.93
1639443841, 0, 81, 158, 130, 20, 0.54%, 9, 0, 3, 1611.67
1639443846, 0, 85, 181, 151, 23, 0.56%, 9, 0, 3, 1450.15
1639443851, 0, 120, 189, 153, 20, 0.57%, 9, 0, 4, 1459.64
1639443856, 0, 139, 199, 157, 15, 0.57%, 9, 0, 4, 1441.33
1639443861, 0, 168, 203, 154, 9, 0.58%, 9, 0, 4, 1447.95
1639443866, 0, 182, 210, 157, 9, 0.59%, 9, 0, 5, 1463.10
1639443871, 0, 193, 212, 157, 10, 0.59%, 9, 0, 5, 1443.37
1639443876, 0, 203, 216, 158, 7, 0.59%, 9, 0, 5, 1448.89
1639443881, 0, 208, 220, 158, 4, 0.59%, 9, 0, 5, 1458.59
1639443886, 1, 90, 223, 157, 1, 0.59%, 9, 0, 7, 1457.56
1639443891, 1, 120, 223, 153, 0, 0.59%, 10, 0, 7, 1440.30
1639443896, 1, 138, 224, 151, 0, 0.59%, 10, 0, 7, 1465.18
1639443901, 1, 224, 245, 172, 1, 0.61%, 10, 0, 7, 1452.27
1639443906, 1, 229, 249, 175, 5, 0.61%, 11, 0, 7, 1439.39
1639443912, 1, 233, 249, 174, 4, 0.61%, 11, 0, 7, 1471.53
1639443917, 1, 234, 250, 174, 3, 0.61%, 11, 0, 7, 1471.70
1639443922, 1, 238, 257, 180, 2, 0.61%, 11, 0, 7, 1472.29
1639443927, 1, 239, 259, 181, 2, 0.61%, 11, 0, 7, 1478.22
1639443932, 1, 251, 261, 182, 1, 0.61%, 11, 0, 7, 1472.17
1639443937, 1, 252, 264, 184, 0, 0.62%, 11, 0, 7, 1462.61
1639443942, 1, 261, 267, 186, 1, 0.63%, 11, 0, 8, 1455.62
1639443947, 1, 264, 269, 187, 5, 0.63%, 11, 0, 8, 1454.30
1639443952, 1, 265, 271, 188, 4, 0.65%, 11, 0, 9, 1416.04
1639443957, 1, 266, 271, 187, 5, 0.65%, 11, 0, 9, 1427.27
1639443963, 1, 267, 272, 187, 4, 0.65%, 11, 0, 9, 1461.53
1639443968, 1, 269, 272, 185, 2, 0.65%, 11, 0, 9, 1469.32
1639443973, 1, 270, 273, 185, 2, 0.65%, 11, 0, 10, 1472.11
1639443978, 1, 272, 279, 190, 1, 0.65%, 11, 0, 11, 1463.26
1639443983, 1, 276, 283, 193, 1, 0.66%, 11, 0, 12, 1433.56
1639443988, 1, 276, 285, 195, 1, 0.66%, 11, 0, 12, 1470.14
1639443993, 1, 281, 287, 196, 3, 0.66%, 12, 0, 13, 1413.84
1639443998, 1, 282, 292, 200, 4, 0.69%, 12, 0, 13, 1451.08
1639444003, 1, 283, 294, 201, 7, 0.69%, 12, 0, 13, 1453.13
1639444008, 1, 285, 295, 201, 6, 0.69%, 12, 0, 14, 1449.64
1639444018, 1, 286, 298, 203, 5, 0.69%, 12, 0, 14, 1460.89
1639444024, 1, 288, 299, 203, 5, 0.70%, 12, 0, 14, 1457.05
1639444029, 1, 289, 306, 209, 5, 0.71%, 12, 0, 14, 1465.82
1639444034, 1, 290, 308, 210, 10, 0.71%, 12, 0, 14, 1440.52
1639444039, 1, 290, 311, 213, 10, 0.71%, 12, 0, 14, 1433.04
1639444044, 1, 296, 313, 213, 9, 0.72%, 12, 0, 15, 1440.77
1639444049, 1, 296, 315, 215, 9, 0.72%, 12, 0, 15, 1459.12
1639444054, 1, 298, 316, 215, 10, 0.72%, 12, 0, 15, 1466.79
1639444059, 1, 300, 317, 214, 8, 0.72%, 12, 0, 15, 1472.96
1639444064, 1, 302, 319, 215, 7, 0.72%, 12, 0, 15, 1455.79
1639444074, 1, 303, 319, 214, 6, 0.72%, 12, 0, 15, 1453.14
1639444079, 1, 304, 319, 213, 5, 0.72%, 12, 0, 15, 1457.44
1639444084, 1, 305, 319, 212, 4, 0.72%, 12, 0, 15, 1447.03
1639444089, 1, 307, 320, 212, 3, 0.72%, 12, 0, 15, 1459.72
1639444099, 1, 313, 321, 212, 2, 0.72%, 12, 0, 16, 1453.38
1639444105, 1, 313, 323, 214, 2, 0.73%, 12, 0, 16, 1451.21
1639444110, 1, 314, 323, 213, 3, 0.73%, 12, 0, 16, 1460.94
1639444115, 1, 321, 324, 213, 2, 0.73%, 13, 0, 16, 1446.93
