# unix_time, cycles_done, cur_path, paths_total, pending_total, pending_favs, map_size, unique_crashes, unique_hangs, max_depth, execs_per_sec
1639556772, 0, 0, 1, 1, 1, 0.12%, 0, 0, 1, 1000.00
1639556777, 0, 0, 79, 79, 1, 0.43%, 3, 0, 2, 1328.95
1639556782, 0, 17, 104, 97, 36, 0.50%, 4, 0, 3, 1389.54
1639556787, 0, 21, 133, 123, 36, 0.52%, 4, 0, 3, 1418.04
1639556792, 0, 43, 144, 126, 31, 0.53%, 4, 0, 3, 1422.58
1639556797, 0, 68, 177, 151, 28, 0.56%, 4, 0, 3, 1390.85
1639556802, 0, 92, 188, 154, 20, 0.56%, 5, 0, 3, 1407.02
1639556807, 0, 108, 196, 159, 21, 0.58%, 5, 0, 4, 1424.09
1639556813, 0, 142, 203, 160, 17, 0.59%, 5, 0, 4, 1430.03
1639556818, 0, 148, 211, 166, 16, 0.60%, 5, 0, 4, 1336.45
1639556823, 0, 158, 215, 167, 16, 0.60%, 5, 0, 4, 1356.24
1639556828, 0, 193, 220, 168, 13, 0.60%, 5, 0, 4, 1441.57
1639556833, 0, 201, 224, 167, 9, 0.61%, 5, 0, 5, 1425.49
1639556838, 0, 204, 230, 172, 9, 0.61%, 6, 0, 5, 1385.34
1639556843, 0, 205, 238, 179, 9, 0.61%, 7, 0, 5, 1420.83
1639556848, 0, 210, 242, 182, 9, 0.64%, 7, 0, 5, 1436.33
1639556853, 0, 211, 246, 185, 10, 0.65%, 7, 0, 5, 1461.54
1639556858, 0, 225, 250, 184, 11, 0.65%, 7, 0, 6, 1453.19
1639556863, 0, 239, 253, 184, 10, 0.65%, 7, 0, 6, 1456.44
1639556868, 0, 240, 256, 186, 10, 0.66%, 7, 0, 6, 1458.39
1639556873, 0, 243, 258, 186, 10, 0.67%, 8, 0, 6, 1453.33
1639556878, 0, 247, 269, 194, 9, 0.67%, 8, 0, 6, 1438.99
1639556884, 0, 256, 283, 204, 6, 0.74%, 8, 0, 7, 1445.16
1639556889, 0, 268, 289, 207, 14, 0.75%, 8, 0, 7, 1422.04
1639556894, 0, 271, 289, 204, 14, 0.75%, 9, 0, 7, 1443.73
1639556899, 0, 275, 293, 205, 12, 0.75%, 9, 0, 8, 1435.65
1639556904, 0, 280, 294, 201, 7, 0.75%, 9, 0, 8, 1435.90
1639556909, 0, 286, 303, 207, 4, 0.75%, 9, 0, 8, 1390.86
1639556914, 0, 297, 305, 207, 2, 0.75%, 9, 0, 9, 1404.98
1639556919, 1, 23, 307, 207, 0, 0.75%, 9, 0, 9, 1422.07
1639556924, 1, 58, 308, 201, 0, 0.75%, 9, 0, 9, 1448.26
1639556929, 1, 87, 308, 197, 0, 0.75%, 9, 0, 9, 1444.22
1639556934, 1, 288, 312, 198, 1, 0.75%, 9, 0, 9, 1416.40
1639556939, 1, 309, 318, 203, 1, 0.75%, 10, 0, 9, 1416.51
1639556944, 1, 314, 321, 205, 1, 0.75%, 10, 0, 9, 1423.44
1639556949, 1, 319, 321, 204, 1, 0.75%, 10, 0, 9, 1421.69
1639556954, 2, 3, 323, 204, 0, 0.77%, 10, 0, 9, 1420.39
1639556959, 2, 41, 323, 201, 0, 0.77%, 10, 0, 9, 1430.82
1639556964, 2, 79, 323, 199, 0, 0.77%, 10, 0, 9, 1426.38
1639556969, 2, 103, 324, 196, 0, 0.77%, 10, 0, 9, 1371.86
1639556974, 2, 139, 328, 194, 0, 0.77%, 10, 0, 9, 1411.43
1639556979, 2, 170, 329, 190, 0, 0.77%, 10, 0, 9, 1427.27
1639556984, 2, 188, 329, 184, 0, 0.77%, 10, 0, 9, 1445.31
1639556990, 2, 193, 329, 181, 0, 0.77%, 10, 0, 9, 1420.82
1639556995, 2, 329, 330, 182, 1, 0.77%, 10, 0, 9, 1445.90
1639557000, 3, 22, 331, 179, 0, 0.77%, 10, 0, 9, 1442.32
1639557005, 3, 62, 331, 174, 0, 0.77%, 10, 0, 9, 1446.53
1639557010, 3, 90, 331, 172, 0, 0.77%, 10, 0, 9, 1454.20
1639557015, 3, 128, 331, 168, 0, 0.77%, 10, 0, 9, 1448.24
1639557020, 3, 159, 331, 163, 0, 0.77%, 11, 0, 9, 1409.45
1639557025, 3, 172, 331, 158, 0, 0.77%, 11, 0, 9, 1454.03
1639557030, 3, 201, 331, 152, 0, 0.77%, 11, 0, 9, 2170.32
1639557035, 3, 212, 334, 154, 0, 0.77%, 11, 0, 9, 1642.92
1639557040, 3, 222, 336, 154, 0, 0.77%, 11, 0, 9, 1458.68
1639557045, 3, 226, 336, 153, 0, 0.77%, 11, 0, 9, 1416.26
1639557050, 3, 242, 336, 152, 0, 0.77%, 11, 0, 9, 1430.76
1639557056, 3, 247, 337, 152, 0, 0.77%, 11, 0, 9, 1431.38
1639557061, 3, 256, 337, 151, 0, 0.77%, 11, 0, 9, 1445.40
1639557066, 3, 263, 338, 151, 0, 0.77%, 11, 0, 9, 1455.01
1639557071, 3, 271, 338, 150, 0, 0.77%, 11, 0, 9, 1441.60
