# unix_time, cycles_done, cur_path, paths_total, pending_total, pending_favs, map_size, unique_crashes, unique_hangs, max_depth, execs_per_sec
1639592137, 0, 0, 1, 1, 1, 0.12%, 0, 0, 1, 1333.33
1639592142, 0, 0, 77, 77, 1, 0.43%, 5, 0, 2, 1325.63
1639592147, 0, 10, 94, 89, 41, 0.50%, 5, 0, 3, 1365.65
1639592152, 0, 29, 115, 105, 36, 0.50%, 5, 0, 3, 1440.14
1639592157, 0, 38, 125, 110, 32, 0.51%, 5, 0, 3, 1464.67
1639592162, 0, 55, 139, 114, 21, 0.51%, 6, 0, 3, 1473.06
1639592167, 0, 81, 155, 122, 14, 0.52%, 7, 0, 3, 1444.72
1639592172, 0, 105, 168, 131, 11, 0.53%, 7, 0, 4, 1477.81
1639592177, 0, 139, 176, 135, 8, 0.54%, 7, 0, 4, 1482.48
1639592183, 0, 139, 184, 143, 8, 0.55%, 7, 0, 4, 1467.85
1639592188, 0, 163, 189, 142, 9, 0.56%, 7, 0, 4, 1487.93
1639592193, 0, 165, 191, 143, 10, 0.56%, 7, 0, 4, 1491.13
1639592198, 0, 172, 195, 146, 9, 0.56%, 7, 0, 5, 1484.32
1639592203, 0, 174, 199, 149, 8, 0.58%, 7, 0, 5, 1492.12
1639592208, 0, 179, 208, 155, 14, 0.62%, 7, 0, 5, 1496.67
1639592213, 0, 189, 211, 154, 10, 0.62%, 7, 0, 5, 1502.32
1639592218, 0, 198, 212, 152, 9, 0.62%, 7, 0, 5, 1516.76
1639592223, 0, 201, 214, 151, 7, 0.62%, 7, 0, 6, 1513.74
1639592228, 0, 203, 219, 154, 6, 0.63%, 7, 0, 6, 1512.90
1639592233, 0, 212, 222, 153, 3, 0.63%, 7, 0, 7, 1485.30
1639592238, 0, 219, 230, 159, 3, 0.63%, 7, 0, 7, 1486.38
1639592243, 0, 223, 233, 159, 1, 0.66%, 7, 0, 8, 1503.45
1639592248, 0, 234, 245, 169, 8, 0.69%, 7, 0, 9, 1473.03
1639592253, 0, 235, 247, 170, 8, 0.69%, 7, 0, 10, 1480.72
1639592258, 0, 240, 248, 168, 6, 0.69%, 7, 0, 10, 1415.59
1639592263, 0, 243, 249, 166, 3, 0.69%, 7, 0, 10, 1442.12
1639592268, 0, 246, 251, 166, 2, 0.69%, 9, 0, 11, 1444.40
1639592273, 0, 246, 257, 172, 2, 0.69%, 9, 0, 11, 1479.42
1639592278, 0, 250, 261, 175, 1, 0.69%, 9, 0, 12, 1461.86
1639592284, 1, 35, 264, 172, 0, 0.69%, 9, 0, 12, 1471.96
1639592289, 1, 63, 267, 172, 0, 0.69%, 9, 0, 12, 1450.84
1639592294, 1, 85, 268, 168, 0, 0.69%, 9, 0, 12, 1452.93
1639592299, 1, 128, 271, 162, 0, 0.69%, 9, 0, 12, 2105.50
1639592304, 1, 154, 271, 156, 0, 0.69%, 10, 0, 12, 1549.89
1639592309, 1, 167, 274, 157, 0, 0.69%, 10, 0, 12, 1461.61
1639592314, 1, 174, 274, 154, 0, 0.69%, 10, 0, 12, 1440.31
1639592319, 2, 0, 275, 153, 0, 0.69%, 10, 0, 12, 1450.22
1639592324, 2, 28, 275, 148, 0, 0.69%, 10, 0, 12, 1480.43
1639592329, 2, 53, 277, 149, 0, 0.69%, 10, 0, 12, 1497.66
1639592334, 2, 118, 278, 145, 1, 0.70%, 10, 0, 12, 1504.38
1639592339, 2, 277, 285, 150, 1, 0.70%, 10, 0, 12, 1466.08
1639592344, 2, 282, 288, 152, 2, 0.70%, 11, 0, 12, 1437.22
1639592349, 2, 283, 294, 157, 3, 0.71%, 11, 0, 12, 1481.05
1639592354, 2, 283, 296, 159, 3, 0.71%, 11, 0, 12, 1470.37
1639592360, 2, 287, 299, 161, 4, 0.71%, 11, 0, 12, 1459.26
1639592365, 2, 289, 304, 165, 4, 0.71%, 11, 0, 12, 1460.19
1639592370, 2, 292, 308, 168, 4, 0.71%, 11, 0, 12, 1416.88
1639592375, 2, 293, 310, 169, 3, 0.71%, 11, 0, 12, 1452.07
1639592380, 2, 296, 310, 168, 3, 0.71%, 11, 0, 12, 1467.52
1639592385, 2, 302, 313, 170, 2, 0.72%, 11, 0, 12, 1482.50
1639592390, 2, 309, 315, 171, 2, 0.72%, 11, 0, 12, 1455.37
1639592395, 2, 311, 317, 172, 1, 0.72%, 11, 0, 12, 1477.31
1639592400, 2, 316, 317, 171, 1, 0.72%, 11, 0, 12, 1464.50
1639592405, 3, 29, 319, 170, 0, 0.72%, 11, 0, 12, 1474.41
1639592410, 3, 72, 319, 168, 0, 0.72%, 11, 0, 12, 1488.01
1639592415, 3, 111, 319, 164, 0, 0.72%, 11, 0, 12, 1484.97
1639592420, 3, 144, 320, 158, 0, 0.72%, 12, 0, 12, 1469.84
1639592425, 3, 163, 320, 156, 0, 0.72%, 12, 0, 12, 1480.94
1639592430, 3, 183, 321, 157, 0, 0.72%, 12, 0, 12, 1479.07
1639592435, 3, 191, 321, 156, 0, 0.72%, 12, 0, 12, 1461.33
