# unix_time, cycles_done, cur_path, paths_total, pending_total, pending_favs, map_size, unique_crashes, unique_hangs, max_depth, execs_per_sec
1639478844, 0, 0, 1, 1, 1, 0.12%, 0, 0, 1, 2000.00
1639478849, 0, 0, 70, 70, 1, 0.44%, 1, 0, 2, 1442.88
1639478854, 0, 11, 105, 101, 40, 0.49%, 2, 0, 3, 1414.25
1639478859, 0, 13, 111, 105, 40, 0.51%, 3, 0, 3, 1394.23
1639478864, 0, 20, 123, 115, 39, 0.52%, 3, 0, 3, 1380.90
1639478869, 0, 36, 130, 113, 37, 0.52%, 3, 0, 3, 1389.99
1639478874, 0, 59, 152, 126, 26, 0.54%, 3, 0, 3, 1389.50
1639478880, 0, 91, 158, 124, 19, 0.54%, 4, 0, 3, 1392.44
1639478885, 0, 102, 166, 128, 15, 0.55%, 4, 0, 3, 1368.72
1639478890, 0, 133, 171, 123, 9, 0.56%, 4, 0, 4, 1384.74
1639478895, 0, 166, 178, 124, 5, 0.57%, 4, 0, 5, 1394.77
1639478900, 0, 167, 181, 126, 7, 0.57%, 4, 0, 5, 1400.72
1639478905, 0, 168, 184, 128, 6, 0.58%, 4, 0, 5, 1161.27
1639478910, 0, 169, 188, 131, 8, 0.58%, 4, 0, 5, 1315.62
1639478915, 0, 171, 190, 132, 10, 0.58%, 4, 0, 5, 1385.80
1639478920, 0, 176, 193, 133, 8, 0.58%, 5, 0, 6, 1424.50
1639478925, 0, 183, 204, 141, 7, 0.60%, 5, 0, 6, 1388.81
1639478931, 0, 184, 213, 149, 11, 0.61%, 5, 0, 6, 1383.64
1639478936, 0, 192, 213, 146, 8, 0.61%, 6, 0, 6, 1365.63
1639478941, 0, 194, 219, 151, 7, 0.64%, 6, 0, 7, 1398.89
1639478946, 0, 205, 224, 154, 10, 0.64%, 6, 0, 7, 1386.38
1639478951, 0, 207, 230, 159, 11, 0.64%, 6, 0, 7, 1366.58
1639478956, 0, 209, 234, 162, 10, 0.64%, 6, 0, 7, 1376.54
1639478961, 0, 211, 238, 165, 9, 0.64%, 6, 0, 7, 1392.41
1639478966, 0, 214, 239, 165, 9, 0.64%, 6, 0, 7, 1401.11
1639478971, 0, 218, 243, 165, 6, 0.65%, 6, 0, 8, 1378.04
1639478976, 0, 218, 248, 170, 6, 0.66%, 6, 0, 8, 1318.56
1639478981, 0, 234, 249, 168, 7, 0.66%, 6, 0, 8, 1363.24
1639478986, 0, 241, 249, 166, 5, 0.66%, 6, 0, 8, 1387.62
1639478991, 0, 243, 253, 168, 3, 0.66%, 6, 0, 9, 1382.59
1639478997, 0, 244, 258, 172, 2, 0.66%, 6, 0, 9, 1367.54
1639479002, 0, 256, 261, 173, 2, 0.66%, 6, 0, 9, 1378.78
1639479007, 1, 121, 264, 174, 0, 0.66%, 6, 0, 9, 1382.49
1639479012, 1, 264, 266, 174, 1, 0.66%, 6, 0, 9, 1411.98
1639479017, 2, 25, 267, 171, 0, 0.66%, 6, 0, 9, 1391.18
1639479022, 2, 55, 267, 166, 0, 0.66%, 6, 0, 9, 1359.68
1639479027, 2, 74, 268, 164, 0, 0.66%, 6, 0, 9, 1384.95
1639479032, 2, 96, 270, 163, 0, 0.66%, 6, 0, 9, 1402.45
1639479037, 2, 271, 273, 163, 1, 0.66%, 7, 0, 9, 1380.08
1639479042, 3, 18, 273, 162, 0, 0.66%, 7, 0, 9, 1392.81
1639479048, 3, 49, 273, 159, 0, 0.66%, 8, 0, 9, 1389.04
1639479053, 3, 76, 273, 156, 0, 0.66%, 8, 0, 9, 1400.55
1639479058, 3, 102, 273, 154, 0, 0.66%, 8, 0, 9, 1361.05
1639479063, 3, 274, 275, 151, 1, 0.69%, 9, 0, 9, 2037.47
1639479068, 4, 32, 276, 151, 0, 0.69%, 9, 0, 9, 1549.95
1639479073, 4, 62, 276, 147, 0, 0.69%, 9, 0, 9, 1422.85
1639479078, 4, 90, 276, 145, 0, 0.69%, 10, 0, 9, 1424.41
1639479083, 4, 122, 276, 141, 0, 0.69%, 10, 0, 9, 1396.64
1639479088, 4, 139, 276, 138, 0, 0.69%, 10, 0, 9, 1392.56
1639479093, 4, 154, 276, 134, 0, 0.69%, 10, 0, 9, 1393.24
1639479098, 4, 171, 276, 132, 0, 0.69%, 10, 0, 9, 1393.29
1639479103, 4, 176, 277, 131, 0, 0.69%, 10, 0, 9, 1370.13
1639479108, 4, 186, 279, 132, 0, 0.69%, 10, 0, 9, 1382.97
1639479114, 4, 192, 280, 132, 0, 0.69%, 10, 0, 9, 1383.06
1639479119, 4, 202, 280, 130, 0, 0.69%, 10, 0, 9, 1406.18
1639479124, 4, 208, 281, 130, 0, 0.69%, 10, 0, 9, 1422.98
1639479129, 4, 213, 281, 128, 0, 0.69%, 10, 0, 9, 1403.21
1639479134, 4, 222, 281, 126, 0, 0.69%, 10, 0, 9, 1425.17
1639479139, 4, 233, 281, 124, 0, 0.69%, 11, 0, 9, 1393.23
