# unix_time, cycles_done, cur_path, paths_total, pending_total, pending_favs, map_size, unique_crashes, unique_hangs, max_depth, execs_per_sec
1639477940, 0, 0, 1, 1, 1, 0.12%, 0, 0, 1, 1600.00
1639477945, 0, 0, 79, 79, 1, 0.38%, 3, 0, 2, 1438.33
1639477950, 0, 18, 96, 90, 35, 0.38%, 3, 0, 3, 1436.74
1639477955, 0, 34, 123, 108, 32, 0.43%, 5, 0, 3, 1401.97
1639477960, 0, 48, 138, 114, 23, 0.43%, 6, 0, 3, 1417.98
1639477965, 0, 49, 140, 115, 23, 0.44%, 6, 0, 3, 1411.37
1639477970, 0, 86, 143, 107, 13, 0.44%, 6, 0, 3, 1413.91
1639477975, 0, 108, 150, 112, 11, 0.44%, 7, 0, 4, 1382.50
1639477980, 0, 125, 161, 119, 12, 0.46%, 7, 0, 4, 1424.27
1639477985, 0, 148, 163, 116, 7, 0.46%, 7, 0, 5, 1419.89
1639477990, 0, 156, 173, 124, 6, 0.48%, 7, 0, 5, 1414.20
1639477995, 0, 158, 179, 129, 9, 0.48%, 8, 0, 5, 1403.66
1639478000, 0, 160, 194, 143, 9, 0.51%, 8, 0, 5, 1393.06
1639478006, 0, 165, 201, 149, 10, 0.52%, 8, 0, 6, 1404.99
1639478011, 0, 169, 204, 151, 12, 0.52%, 8, 0, 6, 1419.11
1639478016, 0, 172, 208, 153, 10, 0.53%, 8, 0, 6, 1397.30
1639478021, 0, 187, 216, 159, 11, 0.53%, 8, 0, 6, 1392.37
1639478026, 0, 190, 224, 166, 10, 0.53%, 8, 0, 6, 1414.03
1639478031, 0, 195, 225, 165, 8, 0.53%, 8, 0, 6, 1404.68
1639478036, 0, 206, 227, 164, 5, 0.53%, 8, 0, 6, 1423.86
1639478041, 0, 228, 234, 168, 3, 0.54%, 8, 0, 8, 1417.05
1639478046, 1, 40, 237, 169, 2, 0.54%, 8, 0, 8, 1311.65
1639478051, 1, 134, 238, 163, 0, 0.54%, 8, 0, 8, 1368.00
1639478056, 1, 147, 239, 160, 0, 0.54%, 8, 0, 8, 1385.14
1639478061, 1, 239, 245, 164, 1, 0.55%, 8, 0, 8, 1393.06
1639478066, 1, 239, 246, 165, 1, 0.55%, 8, 0, 8, 1393.94
1639478072, 1, 243, 249, 166, 3, 0.58%, 8, 0, 8, 1357.20
1639478077, 1, 244, 258, 174, 3, 0.60%, 8, 0, 8, 1370.99
1639478082, 1, 246, 261, 176, 8, 0.60%, 8, 0, 8, 1421.52
1639478087, 1, 251, 263, 176, 8, 0.60%, 8, 0, 8, 1424.92
1639478092, 1, 252, 268, 180, 7, 0.61%, 8, 0, 8, 1430.20
1639478097, 1, 255, 270, 180, 8, 0.61%, 8, 0, 8, 1430.27
1639478102, 1, 256, 273, 182, 7, 0.61%, 8, 0, 8, 1436.83
1639478107, 1, 261, 275, 182, 6, 0.61%, 8, 0, 8, 1399.76
1639478112, 1, 264, 276, 182, 5, 0.61%, 8, 0, 9, 1350.51
1639478117, 1, 265, 276, 181, 4, 0.61%, 8, 0, 9, 1403.00
1639478122, 1, 272, 279, 183, 3, 0.61%, 8, 0, 9, 1409.22
1639478127, 1, 273, 281, 184, 3, 0.62%, 8, 0, 9, 1407.04
1639478132, 1, 273, 283, 186, 3, 0.62%, 8, 0, 9, 1408.22
1639478137, 1, 277, 285, 187, 3, 0.62%, 8, 0, 10, 1408.30
1639478142, 1, 277, 287, 189, 3, 0.62%, 8, 0, 10, 1410.88
1639478147, 1, 282, 288, 189, 2, 0.62%, 8, 0, 10, 1470.28
1639478152, 1, 288, 291, 191, 2, 0.62%, 9, 0, 11, 1854.51
1639478157, 1, 288, 294, 194, 2, 0.62%, 9, 0, 11, 1501.17
1639478163, 2, 251, 294, 191, 0, 0.62%, 9, 0, 11, 1369.35
1639478168, 2, 257, 295, 192, 0, 0.62%, 9, 0, 11, 1405.88
1639478173, 2, 261, 295, 191, 0, 0.62%, 9, 0, 11, 1391.34
1639478178, 2, 265, 295, 191, 0, 0.62%, 9, 0, 11, 1395.76
1639478183, 2, 269, 295, 190, 0, 0.62%, 9, 0, 11, 1399.45
1639478188, 2, 277, 295, 189, 0, 0.62%, 9, 0, 11, 1396.82
1639478193, 2, 281, 295, 189, 0, 0.62%, 9, 0, 11, 1401.98
1639478198, 2, 286, 297, 190, 0, 0.62%, 9, 0, 11, 1397.95
1639478204, 2, 286, 299, 192, 0, 0.62%, 9, 0, 11, 1405.31
1639478209, 2, 294, 299, 191, 0, 0.62%, 9, 0, 11, 1418.31
1639478214, 2, 294, 300, 192, 0, 0.62%, 9, 0, 11, 1419.48
1639478219, 2, 296, 301, 192, 0, 0.62%, 9, 0, 12, 1405.65
1639478229, 2, 298, 302, 192, 0, 0.62%, 9, 0, 12, 1411.86
1639478234, 2, 301, 302, 191, 0, 0.62%, 9, 0, 12, 1428.04
1639478239, 3, 29, 302, 185, 0, 0.62%, 9, 0, 12, 1401.82
