# unix_time, cycles_done, cur_path, paths_total, pending_total, pending_favs, map_size, unique_crashes, unique_hangs, max_depth, execs_per_sec
1639520276, 0, 0, 1, 1, 1, 0.12%, 0, 0, 1, 1333.33
1639520281, 0, 0, 79, 79, 1, 0.44%, 5, 0, 2, 1430.89
1639520286, 0, 3, 92, 90, 35, 0.47%, 5, 0, 3, 1429.44
1639520291, 0, 29, 116, 106, 34, 0.49%, 5, 0, 3, 1387.99
1639520296, 0, 41, 133, 116, 30, 0.51%, 5, 0, 3, 1357.88
1639520301, 0, 51, 143, 122, 27, 0.52%, 5, 0, 3, 1354.71
1639520306, 0, 56, 154, 131, 27, 0.53%, 5, 0, 3, 1325.65
1639520311, 0, 63, 167, 139, 25, 0.53%, 5, 0, 3, 1339.76
1639520316, 0, 88, 173, 138, 22, 0.54%, 5, 0, 4, 1342.29
1639520321, 0, 109, 181, 140, 16, 0.55%, 5, 0, 4, 1333.50
1639520327, 0, 150, 185, 136, 10, 0.55%, 5, 0, 4, 1354.30
1639520332, 0, 153, 201, 150, 8, 0.58%, 6, 0, 4, 1347.23
1639520337, 0, 179, 210, 155, 10, 0.59%, 6, 0, 5, 1350.02
1639520342, 0, 187, 216, 159, 8, 0.59%, 6, 0, 5, 1318.90
1639520347, 0, 192, 219, 161, 9, 0.59%, 6, 0, 5, 1313.58
1639520352, 0, 199, 225, 165, 8, 0.59%, 6, 0, 5, 1304.72
1639520357, 0, 204, 228, 167, 7, 0.59%, 6, 0, 5, 1308.31
1639520362, 0, 211, 232, 170, 6, 0.59%, 6, 0, 6, 1306.54
1639520367, 0, 214, 235, 172, 5, 0.60%, 6, 0, 6, 1346.33
1639520373, 0, 233, 240, 174, 6, 0.64%, 7, 0, 7, 1391.16
1639520378, 0, 233, 242, 176, 6, 0.64%, 7, 0, 7, 1455.20
1639520383, 0, 236, 248, 179, 7, 0.65%, 7, 0, 7, 1481.56
1639520388, 0, 239, 252, 181, 7, 0.65%, 7, 0, 8, 1470.15
1639520393, 0, 249, 254, 179, 4, 0.65%, 7, 0, 8, 1388.72
1639520398, 0, 251, 258, 182, 5, 0.65%, 7, 0, 9, 1385.41
1639520403, 0, 254, 260, 183, 4, 0.65%, 7, 0, 9, 1369.77
1639520408, 0, 256, 261, 183, 3, 0.65%, 8, 0, 9, 1396.49
1639520413, 1, 23, 263, 181, 0, 0.65%, 8, 0, 10, 1379.92
1639520418, 1, 47, 263, 178, 0, 0.65%, 8, 0, 10, 1331.07
1639520424, 1, 77, 264, 177, 0, 0.65%, 8, 0, 10, 1291.76
1639520429, 1, 148, 265, 176, 1, 0.66%, 8, 0, 10, 953.62
1639520434, 1, 264, 265, 173, 1, 0.66%, 8, 0, 10, 864.58
1639520439, 2, 9, 267, 173, 0, 0.66%, 8, 0, 10, 892.53
1639520444, 2, 31, 269, 173, 0, 0.66%, 8, 0, 10, 847.97
1639520449, 2, 44, 269, 172, 0, 0.66%, 8, 0, 10, 777.59
1639520454, 2, 57, 269, 169, 0, 0.66%, 8, 0, 10, 830.08
1639520459, 2, 111, 270, 168, 1, 0.66%, 8, 0, 10, 897.75
1639520464, 3, 10, 270, 166, 0, 0.66%, 8, 0, 10, 1085.65
1639520469, 3, 34, 270, 161, 0, 0.66%, 9, 0, 10, 1275.97
1639520474, 3, 60, 271, 161, 0, 0.66%, 9, 0, 10, 1370.91
1639520479, 3, 91, 271, 158, 0, 0.66%, 9, 0, 10, 1394.26
1639520485, 3, 108, 272, 156, 0, 0.66%, 9, 0, 10, 1450.87
1639520490, 3, 127, 274, 154, 0, 0.66%, 9, 0, 10, 1470.40
1639520495, 3, 150, 275, 150, 0, 0.66%, 9, 0, 10, 1480.15
1639520500, 3, 175, 277, 148, 0, 0.66%, 9, 0, 10, 1490.98
1639520505, 3, 199, 277, 144, 0, 0.66%, 9, 0, 10, 2396.32
1639520510, 3, 211, 277, 143, 0, 0.66%, 9, 0, 10, 1728.03
1639520515, 3, 223, 277, 142, 0, 0.66%, 9, 0, 10, 1282.79
1639520520, 3, 227, 280, 142, 0, 0.66%, 9, 0, 10, 1423.69
1639520525, 3, 234, 280, 138, 0, 0.66%, 10, 0, 10, 1455.19
1639520530, 3, 240, 280, 137, 0, 0.66%, 10, 0, 10, 1248.66
1639520535, 3, 267, 283, 139, 1, 0.66%, 10, 0, 10, 1362.50
1639520541, 3, 280, 286, 141, 2, 0.67%, 10, 0, 10, 1434.75
1639520546, 3, 281, 287, 141, 3, 0.67%, 10, 0, 10, 1442.64
1639520551, 3, 285, 290, 142, 2, 0.67%, 10, 0, 10, 1442.40
1639520556, 3, 285, 292, 144, 2, 0.67%, 10, 0, 10, 1461.05
1639520561, 3, 289, 295, 146, 1, 0.67%, 10, 0, 11, 1430.75
1639520566, 3, 289, 296, 147, 1, 0.67%, 10, 0, 11, 1430.72
1639520571, 4, 8, 296, 145, 0, 0.67%, 10, 0, 11, 1438.37
