# unix_time, cycles_done, cur_path, paths_total, pending_total, pending_favs, map_size, unique_crashes, unique_hangs, max_depth, execs_per_sec
1639603630, 0, 0, 957, 957, 100, 0.93%, 0, 0, 1, 946.82
1639603635, 0, 68, 957, 948, 91, 0.93%, 3, 0, 1, 1126.91
1639603640, 0, 119, 957, 939, 82, 0.93%, 3, 0, 1, 1173.24
1639603645, 0, 210, 957, 927, 72, 0.93%, 4, 0, 1, 1171.85
1639603650, 0, 314, 957, 918, 63, 0.93%, 5, 0, 1, 1159.29
1639603655, 0, 414, 957, 909, 54, 0.93%, 5, 0, 1, 1203.72
1639603660, 0, 503, 957, 900, 47, 0.93%, 5, 0, 1, 1238.12
1639603665, 0, 567, 957, 891, 39, 0.93%, 5, 0, 1, 1242.80
1639603670, 0, 600, 957, 884, 32, 0.93%, 6, 0, 1, 1264.08
1639603675, 0, 663, 957, 876, 24, 0.93%, 6, 0, 1, 1336.90
1639603681, 0, 808, 957, 864, 13, 0.93%, 6, 0, 1, 1359.66
1639603686, 0, 873, 957, 856, 5, 0.93%, 6, 0, 1, 1381.36
1639603691, 1, 10, 957, 847, 0, 0.93%, 7, 0, 1, 1385.09
1639603696, 1, 35, 957, 842, 0, 0.93%, 7, 0, 1, 1411.02
1639603701, 1, 60, 957, 836, 0, 0.93%, 8, 0, 1, 1413.31
1639603706, 1, 82, 957, 829, 0, 0.93%, 8, 0, 1, 1392.65
1639603711, 1, 117, 957, 822, 0, 0.93%, 8, 0, 1, 1416.48
1639603717, 1, 156, 957, 817, 0, 0.93%, 8, 0, 1, 1434.09
1639603722, 1, 176, 957, 810, 0, 0.93%, 8, 0, 1, 1425.24
1639603727, 1, 210, 957, 802, 0, 0.93%, 9, 0, 1, 1419.08
1639603732, 1, 242, 957, 795, 0, 0.93%, 9, 0, 1, 1412.28
1639603737, 1, 273, 957, 788, 0, 0.93%, 9, 0, 1, 1429.00
1639603742, 1, 295, 957, 782, 0, 0.93%, 9, 0, 1, 1435.82
1639603748, 1, 334, 957, 773, 0, 0.93%, 9, 0, 1, 1433.19
1639603753, 1, 357, 957, 766, 0, 0.93%, 9, 0, 1, 1438.63
1639603758, 1, 390, 957, 759, 0, 0.93%, 9, 0, 1, 1399.81
1639603763, 1, 434, 957, 754, 0, 0.93%, 9, 0, 1, 1388.30
1639603768, 1, 452, 957, 748, 0, 0.93%, 9, 0, 1, 1390.36
1639603773, 1, 499, 957, 740, 0, 0.93%, 9, 0, 1, 1393.65
1639603778, 1, 529, 957, 732, 0, 0.93%, 9, 0, 1, 1427.11
1639603784, 1, 550, 957, 726, 0, 0.93%, 9, 0, 1, 1435.62
1639603789, 1, 572, 957, 721, 0, 0.93%, 9, 0, 1, 1437.31
1639603794, 1, 593, 957, 716, 0, 0.93%, 9, 0, 1, 1436.43
1639603799, 1, 613, 957, 711, 0, 0.93%, 9, 0, 1, 1468.64
1639603804, 1, 630, 957, 703, 0, 0.93%, 10, 0, 1, 1466.15
1639603809, 1, 657, 957, 696, 0, 0.93%, 10, 0, 1, 1457.78
1639603814, 1, 674, 957, 689, 0, 0.93%, 10, 0, 1, 1462.56
1639603819, 1, 714, 957, 681, 0, 0.93%, 10, 0, 1, 1472.09
1639603824, 1, 732, 957, 672, 0, 0.93%, 10, 0, 1, 1455.99
1639603829, 1, 762, 957, 665, 0, 0.93%, 10, 0, 1, 1472.43
1639603834, 1, 793, 957, 657, 0, 0.93%, 10, 0, 1, 1466.06
1639603839, 1, 829, 957, 650, 0, 0.93%, 10, 0, 1, 1456.77
1639603845, 1, 848, 957, 641, 0, 0.93%, 10, 0, 1, 1467.38
1639603850, 1, 875, 957, 635, 0, 0.93%, 11, 0, 1, 1460.44
1639603855, 1, 898, 957, 628, 0, 0.93%, 11, 0, 1, 1459.48
1639603860, 1, 931, 957, 618, 0, 0.93%, 11, 0, 1, 1440.85
1639603865, 2, 5, 957, 610, 0, 0.93%, 12, 0, 1, 1412.20
1639603870, 2, 35, 957, 605, 0, 0.93%, 12, 0, 1, 1424.66
1639603875, 2, 73, 957, 598, 0, 0.93%, 12, 0, 1, 1385.16
1639603880, 2, 115, 957, 594, 0, 0.93%, 12, 0, 1, 1337.72
1639603885, 2, 157, 957, 590, 0, 0.93%, 12, 0, 1, 1318.88
1639603891, 2, 184, 957, 584, 0, 0.93%, 12, 0, 1, 1280.18
1639603896, 2, 215, 957, 577, 0, 0.93%, 12, 0, 1, 1263.92
1639603901, 2, 279, 957, 570, 0, 0.93%, 12, 0, 1, 1532.33
1639603906, 2, 320, 957, 563, 0, 0.93%, 12, 0, 1, 1379.15
1639603911, 2, 356, 957, 558, 0, 0.93%, 13, 0, 1, 1318.62
1639603916, 2, 382, 957, 554, 0, 0.93%, 13, 0, 1, 1282.48
1639603921, 2, 439, 957, 546, 0, 0.93%, 13, 0, 1, 1323.26
