# unix_time, cycles_done, cur_path, paths_total, pending_total, pending_favs, map_size, unique_crashes, unique_hangs, max_depth, execs_per_sec
1639524799, 0, 0, 1, 1, 1, 0.12%, 0, 0, 1, 1142.86
1639524804, 0, 4, 101, 99, 44, 0.47%, 3, 0, 3, 2043.46
1639524809, 0, 20, 122, 111, 38, 0.52%, 3, 0, 3, 2212.88
1639524814, 0, 42, 143, 125, 33, 0.54%, 6, 0, 3, 2052.48
1639524819, 0, 51, 152, 127, 30, 0.54%, 6, 0, 3, 1928.46
1639524824, 0, 67, 164, 132, 24, 0.55%, 7, 0, 3, 1365.16
1639524829, 0, 93, 173, 135, 19, 0.55%, 8, 0, 4, 1329.72
1639524835, 0, 101, 181, 141, 17, 0.56%, 8, 0, 4, 1371.63
1639524840, 0, 122, 188, 142, 14, 0.56%, 8, 0, 4, 1363.40
1639524845, 0, 145, 204, 152, 11, 0.57%, 10, 0, 4, 1358.11
1639524850, 0, 180, 208, 150, 5, 0.62%, 10, 0, 5, 1370.38
1639524855, 0, 194, 217, 158, 7, 0.64%, 10, 0, 5, 1399.62
1639524860, 0, 205, 234, 174, 15, 0.66%, 10, 0, 6, 1400.41
1639524865, 0, 210, 242, 180, 15, 0.66%, 11, 0, 6, 1383.87
1639524870, 0, 215, 250, 185, 15, 0.69%, 11, 0, 6, 1375.80
1639524875, 0, 215, 253, 188, 15, 0.71%, 11, 0, 6, 1409.47
1639524881, 0, 224, 259, 191, 18, 0.71%, 11, 0, 6, 1379.38
1639524886, 0, 228, 260, 190, 17, 0.71%, 11, 0, 6, 1380.25
1639524891, 0, 232, 266, 193, 15, 0.71%, 12, 0, 7, 1392.03
1639524896, 0, 233, 268, 194, 15, 0.71%, 12, 0, 7, 1399.07
1639524901, 0, 245, 271, 194, 12, 0.71%, 12, 0, 7, 1440.52
1639524906, 0, 250, 279, 198, 10, 0.72%, 12, 0, 7, 1441.56
1639524911, 0, 271, 280, 194, 5, 0.72%, 12, 0, 8, 1466.14
1639524916, 1, 32, 281, 190, 0, 0.72%, 12, 0, 8, 1442.63
1639524922, 1, 56, 284, 190, 0, 0.72%, 12, 0, 8, 1434.63
1639524927, 1, 77, 284, 184, 0, 0.72%, 12, 0, 8, 1445.56
1639524932, 1, 117, 284, 181, 0, 0.72%, 12, 0, 8, 1397.81
1639524937, 1, 139, 285, 180, 0, 0.72%, 12, 0, 8, 1367.82
1639524942, 1, 152, 285, 178, 0, 0.72%, 13, 0, 8, 1286.60
1639524947, 1, 184, 285, 175, 0, 0.72%, 13, 0, 8, 1158.04
1639524952, 1, 200, 285, 171, 0, 0.72%, 13, 0, 8, 1119.05
1639524957, 1, 205, 288, 171, 0, 0.72%, 13, 0, 8, 1106.25
1639524962, 1, 213, 288, 171, 0, 0.72%, 14, 0, 8, 1097.70
1639524968, 1, 227, 289, 171, 0, 0.72%, 14, 0, 8, 1157.92
1639524973, 1, 229, 292, 173, 0, 0.72%, 14, 0, 8, 1123.41
1639524978, 2, 14, 293, 169, 0, 0.72%, 14, 0, 8, 1210.31
1639524983, 2, 37, 296, 169, 0, 0.72%, 14, 0, 8, 1252.78
1639524988, 2, 57, 296, 167, 0, 0.72%, 14, 0, 8, 1222.54
1639524993, 2, 84, 297, 165, 0, 0.72%, 14, 0, 8, 1259.56
1639524998, 2, 113, 297, 161, 0, 0.72%, 14, 0, 8, 1324.04
1639525004, 2, 131, 297, 159, 0, 0.72%, 14, 0, 8, 1389.98
1639525009, 2, 152, 298, 157, 0, 0.72%, 14, 0, 8, 1426.35
1639525014, 2, 177, 299, 154, 0, 0.72%, 14, 0, 8, 1417.56
1639525019, 2, 194, 299, 150, 0, 0.72%, 14, 0, 8, 1399.98
1639525024, 2, 211, 300, 150, 0, 0.72%, 14, 0, 8, 1422.23
1639525029, 2, 219, 301, 150, 0, 0.72%, 14, 0, 8, 1412.56
1639525034, 3, 16, 302, 148, 0, 0.73%, 14, 0, 8, 1406.48
1639525039, 3, 42, 305, 147, 0, 0.73%, 14, 0, 8, 1398.61
1639525044, 3, 186, 306, 147, 1, 0.73%, 15, 0, 8, 1353.00
1639525049, 4, 11, 306, 144, 0, 0.73%, 15, 0, 8, 1330.20
1639525054, 4, 42, 306, 144, 0, 0.73%, 15, 0, 8, 1360.28
1639525060, 4, 73, 306, 144, 0, 0.73%, 15, 0, 8, 1376.36
1639525065, 4, 100, 306, 138, 0, 0.73%, 15, 0, 8, 1404.49
1639525070, 4, 122, 306, 134, 0, 0.73%, 15, 0, 8, 1410.32
1639525075, 4, 152, 307, 131, 0, 0.73%, 15, 0, 8, 1416.40
1639525080, 4, 177, 307, 128, 0, 0.73%, 15, 0, 8, 1413.11
1639525085, 4, 204, 307, 124, 0, 0.73%, 15, 0, 8, 1439.49
1639525090, 4, 208, 307, 123, 0, 0.73%, 15, 0, 8, 1440.53
1639525095, 4, 226, 307, 121, 0, 0.73%, 15, 0, 8, 1409.61
