# unix_time, cycles_done, cur_path, paths_total, pending_total, pending_favs, map_size, unique_crashes, unique_hangs, max_depth, execs_per_sec
1639434818, 0, 0, 553, 553, 96, 0.85%, 0, 0, 1, 1168.21
1639434823, 0, 59, 553, 541, 84, 0.85%, 2, 0, 1, 1371.32
1639434828, 0, 112, 553, 532, 75, 0.85%, 3, 0, 1, 1420.83
1639434833, 0, 189, 553, 522, 65, 0.85%, 4, 0, 1, 1428.85
1639434838, 0, 289, 553, 509, 52, 0.85%, 5, 0, 1, 1395.83
1639434843, 0, 337, 553, 500, 43, 0.85%, 7, 0, 1, 1405.51
1639434848, 0, 389, 553, 490, 33, 0.85%, 7, 0, 1, 1433.42
1639434853, 0, 422, 554, 484, 26, 0.85%, 7, 0, 2, 1401.88
1639434859, 0, 457, 554, 474, 17, 0.85%, 7, 0, 2, 1406.26
1639434864, 0, 511, 554, 466, 9, 0.85%, 7, 0, 2, 1430.57
1639434869, 1, 0, 554, 457, 0, 0.85%, 7, 0, 2, 1423.85
1639434874, 1, 23, 555, 451, 0, 0.85%, 7, 0, 2, 1434.11
1639434879, 1, 43, 555, 447, 0, 0.85%, 8, 0, 2, 1427.20
1639434884, 1, 67, 555, 441, 0, 0.85%, 8, 0, 2, 1425.31
1639434889, 1, 84, 555, 434, 0, 0.85%, 8, 0, 2, 1382.34
1639434894, 1, 109, 555, 428, 0, 0.85%, 8, 0, 2, 1416.57
1639434899, 1, 172, 556, 424, 1, 0.85%, 8, 0, 2, 1402.61
1639434904, 1, 556, 558, 423, 0, 0.85%, 8, 0, 3, 1411.51
1639434909, 2, 21, 559, 421, 0, 0.85%, 8, 0, 3, 1412.84
1639434914, 2, 35, 559, 417, 0, 0.85%, 8, 0, 3, 1436.02
1639434919, 2, 63, 559, 409, 0, 0.85%, 8, 0, 3, 1435.06
1639434924, 2, 85, 559, 405, 0, 0.85%, 8, 0, 3, 1437.45
1639434930, 2, 103, 559, 400, 0, 0.85%, 8, 0, 3, 1424.10
1639434935, 2, 133, 559, 395, 0, 0.85%, 9, 0, 3, 1445.43
1639434940, 2, 153, 560, 389, 0, 0.85%, 9, 0, 3, 1434.57
1639434945, 2, 188, 561, 383, 0, 0.85%, 9, 0, 3, 1437.93
1639434950, 2, 206, 561, 379, 0, 0.85%, 10, 0, 3, 1405.45
1639434955, 2, 236, 561, 371, 0, 0.85%, 11, 0, 3, 1433.74
1639434960, 2, 259, 561, 363, 0, 0.85%, 11, 0, 3, 1432.84
1639434965, 2, 289, 562, 356, 0, 0.85%, 11, 0, 3, 1445.28
1639434970, 2, 311, 562, 352, 0, 0.85%, 11, 0, 3, 1449.72
1639434975, 2, 331, 562, 348, 0, 0.85%, 11, 0, 3, 1461.17
1639434981, 2, 356, 562, 341, 0, 0.85%, 11, 0, 3, 1441.61
1639434986, 2, 374, 562, 337, 0, 0.85%, 11, 0, 3, 1442.53
1639434991, 2, 399, 562, 331, 0, 0.85%, 11, 0, 3, 1440.72
1639434996, 2, 422, 562, 327, 0, 0.85%, 11, 0, 3, 1404.50
1639435001, 2, 443, 562, 324, 0, 0.85%, 11, 0, 3, 1430.01
1639435006, 2, 465, 562, 319, 0, 0.85%, 11, 0, 3, 1441.36
1639435011, 2, 486, 562, 314, 0, 0.85%, 11, 0, 3, 1437.38
1639435016, 2, 507, 562, 308, 0, 0.85%, 11, 0, 3, 1440.72
1639435021, 2, 536, 562, 303, 0, 0.85%, 11, 0, 3, 1406.79
1639435026, 2, 559, 562, 301, 0, 0.85%, 11, 0, 3, 1423.60
1639435031, 3, 16, 563, 299, 0, 0.85%, 11, 0, 3, 1441.74
1639435037, 3, 39, 563, 297, 0, 0.85%, 11, 0, 3, 1441.34
1639435042, 3, 86, 563, 295, 0, 0.85%, 11, 0, 3, 1439.21
1639435047, 3, 128, 563, 290, 0, 0.85%, 11, 0, 3, 1444.03
1639435052, 3, 162, 563, 283, 0, 0.85%, 11, 0, 3, 1435.30
1639435057, 3, 189, 563, 277, 0, 0.85%, 11, 0, 3, 1434.90
1639435062, 3, 210, 563, 272, 0, 0.85%, 11, 0, 3, 1438.75
1639435067, 3, 265, 563, 267, 0, 0.85%, 12, 0, 3, 1474.53
1639435072, 3, 296, 563, 260, 0, 0.85%, 12, 0, 3, 1534.79
1639435077, 3, 318, 563, 257, 0, 0.85%, 12, 0, 3, 1451.08
1639435082, 3, 345, 563, 250, 0, 0.85%, 12, 0, 3, 1435.55
1639435087, 3, 373, 563, 246, 0, 0.85%, 12, 0, 3, 1438.84
1639435093, 3, 402, 563, 243, 0, 0.85%, 12, 0, 3, 1423.73
1639435098, 3, 422, 563, 239, 0, 0.85%, 12, 0, 3, 1427.32
1639435103, 3, 449, 563, 237, 0, 0.85%, 12, 0, 3, 1421.74
1639435108, 3, 477, 563, 234, 0, 0.85%, 12, 0, 3, 1436.65
1639435113, 3, 507, 563, 230, 0, 0.85%, 13, 0, 3, 1424.58
