# unix_time, cycles_done, cur_path, paths_total, pending_total, pending_favs, map_size, unique_crashes, unique_hangs, max_depth, execs_per_sec
1639516241, 0, 0, 837, 837, 81, 0.75%, 0, 0, 1, 1249.02
1639516246, 0, 56, 840, 833, 76, 0.75%, 2, 0, 2, 1320.35
1639516251, 0, 199, 844, 828, 68, 0.75%, 2, 0, 2, 1322.56
1639516256, 0, 290, 846, 823, 62, 0.75%, 4, 0, 2, 1336.79
1639516262, 0, 361, 850, 817, 54, 0.78%, 5, 0, 2, 1368.06
1639516267, 0, 366, 853, 819, 57, 0.78%, 11, 0, 2, 1394.52
1639516272, 0, 449, 854, 812, 50, 0.78%, 14, 0, 2, 1431.89
1639516277, 0, 481, 858, 812, 46, 0.78%, 15, 0, 2, 1414.41
1639516282, 0, 559, 858, 803, 40, 0.78%, 15, 0, 2, 1394.93
1639516287, 0, 624, 859, 795, 33, 0.78%, 15, 0, 2, 1370.23
1639516292, 0, 657, 859, 787, 25, 0.78%, 17, 0, 2, 1359.27
1639516297, 0, 741, 859, 779, 18, 0.78%, 17, 0, 2, 1366.31
1639516302, 0, 827, 860, 771, 11, 0.78%, 18, 0, 2, 1348.59
1639516307, 0, 851, 860, 764, 4, 0.78%, 18, 0, 2, 1318.30
1639516312, 1, 15, 860, 757, 0, 0.78%, 18, 0, 2, 1324.47
1639516317, 1, 35, 860, 752, 0, 0.78%, 18, 0, 2, 1337.85
1639516322, 1, 166, 861, 748, 0, 0.78%, 18, 0, 2, 1381.28
1639516328, 1, 421, 862, 741, 1, 0.78%, 18, 0, 2, 1420.37
1639516333, 2, 134, 863, 735, 1, 0.79%, 18, 0, 2, 1416.06
1639516338, 2, 862, 864, 727, 1, 0.79%, 18, 0, 3, 1424.41
1639516343, 3, 40, 864, 724, 0, 0.79%, 18, 0, 3, 1431.41
1639516348, 3, 54, 864, 720, 0, 0.79%, 18, 0, 3, 1414.90
1639516353, 3, 79, 864, 711, 0, 0.79%, 18, 0, 3, 1413.95
1639516358, 3, 786, 864, 702, 1, 0.79%, 18, 0, 3, 1541.07
1639516363, 3, 805, 864, 695, 0, 0.79%, 18, 0, 3, 1403.34
1639516368, 3, 833, 864, 688, 0, 0.79%, 18, 0, 3, 1411.05
1639516373, 3, 846, 864, 681, 0, 0.79%, 18, 0, 3, 1423.55
1639516378, 3, 852, 864, 680, 0, 0.79%, 18, 0, 3, 1386.27
1639516383, 3, 862, 865, 678, 0, 0.79%, 18, 0, 3, 1369.33
1639516388, 3, 864, 867, 679, 0, 0.79%, 18, 0, 4, 1366.56
1639516393, 4, 40, 867, 674, 0, 0.79%, 18, 0, 4, 1349.06
1639516398, 4, 80, 867, 670, 0, 0.79%, 18, 0, 4, 1353.50
1639516403, 4, 107, 867, 664, 0, 0.79%, 18, 0, 4, 1349.71
1639516409, 4, 139, 867, 657, 0, 0.79%, 18, 0, 4, 1368.50
1639516414, 4, 182, 867, 655, 0, 0.79%, 18, 0, 4, 1385.29
1639516419, 4, 203, 868, 649, 0, 0.79%, 18, 0, 4, 1419.64
1639516424, 4, 231, 868, 644, 0, 0.79%, 18, 0, 4, 1408.90
1639516429, 4, 263, 868, 639, 0, 0.79%, 18, 0, 4, 1412.32
1639516434, 4, 292, 869, 632, 0, 0.79%, 18, 0, 4, 1427.16
1639516439, 4, 319, 869, 625, 0, 0.79%, 18, 0, 4, 1420.85
1639516444, 4, 351, 870, 618, 0, 0.79%, 18, 0, 4, 1434.28
1639516449, 4, 377, 870, 612, 0, 0.79%, 19, 0, 4, 1430.71
1639516454, 4, 398, 870, 606, 0, 0.79%, 19, 0, 4, 1397.11
1639516460, 4, 428, 870, 602, 0, 0.79%, 19, 0, 4, 1364.87
1639516465, 4, 464, 870, 596, 0, 0.79%, 19, 0, 4, 1418.79
1639516470, 4, 494, 870, 592, 0, 0.79%, 19, 0, 4, 1422.55
1639516475, 4, 548, 870, 584, 0, 0.79%, 19, 0, 4, 1402.47
1639516480, 4, 571, 870, 577, 0, 0.79%, 21, 0, 4, 1388.50
1639516485, 4, 595, 870, 571, 0, 0.79%, 21, 0, 4, 1385.43
1639516490, 4, 624, 870, 563, 0, 0.79%, 21, 0, 4, 1382.82
1639516496, 4, 639, 870, 560, 0, 0.79%, 21, 0, 4, 1383.84
1639516501, 4, 657, 870, 554, 0, 0.79%, 21, 0, 4, 1406.97
1639516506, 4, 682, 870, 545, 0, 0.79%, 21, 0, 4, 1397.87
1639516511, 4, 698, 870, 540, 0, 0.79%, 21, 0, 4, 1434.31
1639516516, 4, 715, 871, 534, 0, 0.79%, 21, 0, 4, 1434.05
1639516521, 4, 745, 871, 526, 0, 0.79%, 22, 0, 4, 1428.58
1639516526, 4, 768, 871, 521, 0, 0.79%, 22, 0, 4, 1407.40
1639516532, 4, 786, 872, 515, 0, 0.79%, 23, 0, 4, 1361.94
