# unix_time, cycles_done, cur_path, paths_total, pending_total, pending_favs, map_size, unique_crashes, unique_hangs, max_depth, execs_per_sec
1639518769, 0, 0, 1, 1, 1, 0.11%, 0, 0, 1, 1142.86
1639518774, 0, 0, 86, 86, 1, 0.45%, 2, 0, 2, 1317.17
1639518779, 0, 15, 125, 121, 44, 0.52%, 2, 0, 3, 1423.19
1639518784, 0, 24, 135, 127, 42, 0.52%, 4, 0, 3, 1438.06
1639518790, 0, 47, 155, 134, 31, 0.52%, 4, 0, 3, 1444.53
1639518795, 0, 72, 168, 138, 20, 0.53%, 4, 0, 3, 1437.27
1639518800, 0, 82, 177, 145, 18, 0.54%, 4, 0, 3, 1398.23
1639518805, 0, 110, 182, 142, 11, 0.54%, 4, 0, 4, 1368.63
1639518810, 0, 124, 183, 136, 8, 0.54%, 4, 0, 4, 1378.30
1639518815, 0, 182, 188, 134, 3, 0.54%, 6, 0, 4, 1384.41
1639518820, 0, 184, 196, 141, 2, 0.56%, 6, 0, 5, 1418.67
1639518825, 0, 189, 200, 143, 4, 0.57%, 6, 0, 6, 1423.75
1639518830, 0, 191, 209, 150, 12, 0.61%, 7, 0, 6, 1390.98
1639518835, 0, 198, 213, 151, 9, 0.61%, 7, 0, 7, 1328.73
1639518840, 0, 199, 213, 150, 9, 0.61%, 7, 0, 7, 1315.15
1639518845, 0, 204, 214, 147, 5, 0.61%, 7, 0, 7, 1364.38
1639518850, 0, 207, 218, 148, 2, 0.61%, 7, 0, 7, 1408.49
1639518856, 1, 23, 220, 143, 0, 0.62%, 7, 0, 7, 1404.70
1639518861, 2, 23, 221, 139, 0, 0.62%, 7, 0, 7, 1355.58
1639518866, 2, 44, 221, 136, 0, 0.62%, 7, 0, 7, 1388.84
1639518871, 2, 67, 221, 133, 0, 0.62%, 9, 0, 7, 1399.11
1639518876, 2, 89, 221, 126, 0, 0.62%, 10, 0, 7, 1436.69
1639518881, 2, 109, 221, 123, 0, 0.62%, 11, 0, 7, 1406.49
1639518886, 2, 222, 223, 123, 1, 0.62%, 11, 0, 7, 1385.97
1639518891, 3, 25, 225, 123, 0, 0.62%, 12, 0, 7, 1377.80
1639518896, 3, 58, 227, 125, 0, 0.62%, 12, 0, 7, 1452.35
1639518901, 3, 227, 228, 123, 1, 0.62%, 12, 0, 7, 1461.32
1639518906, 4, 25, 229, 121, 0, 0.62%, 12, 0, 7, 1463.55
1639518911, 4, 231, 236, 128, 1, 0.62%, 12, 0, 7, 1458.90
1639518916, 4, 235, 236, 127, 0, 0.62%, 12, 0, 7, 1448.92
1639518921, 4, 235, 239, 130, 0, 0.62%, 12, 0, 7, 1419.59
1639518926, 4, 236, 240, 130, 0, 0.62%, 12, 0, 7, 1454.34
1639518936, 5, 27, 240, 125, 0, 0.62%, 12, 0, 7, 1442.30
1639518941, 5, 50, 241, 124, 0, 0.62%, 12, 0, 7, 1403.65
1639518946, 5, 68, 241, 119, 0, 0.62%, 12, 0, 7, 1386.16
1639518952, 5, 101, 241, 118, 0, 0.62%, 12, 0, 7, 1375.15
1639518957, 5, 123, 241, 116, 0, 0.62%, 12, 0, 7, 1397.95
1639518962, 5, 197, 242, 113, 1, 0.62%, 12, 0, 7, 1390.87
1639518967, 5, 241, 245, 116, 1, 0.62%, 12, 0, 7, 1425.22
1639518972, 6, 23, 246, 116, 0, 0.62%, 12, 0, 7, 1450.72
1639518977, 6, 47, 246, 116, 0, 0.62%, 12, 0, 7, 1442.29
1639518982, 6, 99, 246, 111, 0, 0.62%, 12, 0, 7, 2227.23
1639518987, 6, 111, 248, 110, 0, 0.62%, 12, 0, 7, 1524.93
1639518992, 6, 134, 249, 108, 0, 0.62%, 12, 0, 7, 1445.58
1639518998, 6, 158, 249, 103, 0, 0.62%, 12, 0, 7, 1453.90
1639519003, 6, 185, 250, 100, 0, 0.62%, 12, 0, 7, 1441.23
1639519008, 6, 192, 251, 100, 0, 0.62%, 12, 0, 7, 1398.57
1639519013, 6, 198, 252, 100, 0, 0.62%, 12, 0, 7, 1377.91
1639519018, 6, 203, 254, 102, 0, 0.62%, 12, 0, 7, 1363.28
1639519023, 6, 211, 254, 102, 0, 0.62%, 12, 0, 7, 1343.78
1639519028, 6, 222, 254, 99, 0, 0.62%, 12, 0, 7, 1372.92
1639519033, 6, 241, 255, 99, 0, 0.62%, 12, 0, 7, 1411.88
1639519038, 6, 242, 256, 100, 0, 0.62%, 12, 0, 7, 1402.99
1639519043, 6, 244, 257, 100, 0, 0.62%, 12, 0, 7, 1384.46
1639519048, 6, 256, 257, 99, 1, 0.62%, 12, 0, 7, 1381.23
1639519053, 7, 27, 257, 98, 0, 0.62%, 12, 0, 7, 1441.13
1639519058, 7, 48, 258, 97, 0, 0.62%, 12, 0, 7, 1455.46
1639519063, 7, 73, 260, 97, 0, 0.62%, 12, 0, 7, 1454.62
1639519069, 7, 104, 262, 94, 0, 0.62%, 13, 0, 7, 1455.05
