# unix_time, cycles_done, cur_path, paths_total, pending_total, pending_favs, map_size, unique_crashes, unique_hangs, max_depth, execs_per_sec
1639480655, 0, 0, 1, 1, 1, 0.01%, 0, 0, 1, 2000.00
1639480660, 33, 0, 1, 0, 0, 0.01%, 0, 0, 1, 1742.13
1639480665, 66, 0, 1, 0, 0, 0.01%, 0, 0, 1, 1680.81
1639480670, 99, 0, 1, 0, 0, 0.01%, 0, 0, 1, 1658.40
1639480675, 131, 0, 1, 0, 0, 0.01%, 0, 0, 1, 1667.98
1639480680, 164, 0, 1, 0, 0, 0.01%, 0, 0, 1, 1661.35
1639480685, 197, 0, 1, 0, 0, 0.01%, 0, 0, 1, 1674.40
1639480690, 230, 0, 1, 0, 0, 0.01%, 0, 0, 1, 1662.58
1639480695, 263, 0, 1, 0, 0, 0.01%, 0, 0, 1, 1669.19
1639480700, 296, 0, 1, 0, 0, 0.01%, 0, 0, 1, 1659.62
1639480706, 329, 0, 1, 0, 0, 0.01%, 0, 0, 1, 1670.33
1639480711, 361, 0, 1, 0, 0, 0.01%, 0, 0, 1, 1651.05
1639480716, 395, 0, 1, 0, 0, 0.01%, 0, 0, 1, 1680.98
1639480721, 428, 0, 1, 0, 0, 0.01%, 0, 0, 1, 1655.34
1639480726, 460, 0, 1, 0, 0, 0.01%, 0, 0, 1, 1676.37
1639480731, 493, 0, 1, 0, 0, 0.01%, 0, 0, 1, 1671.07
1639480736, 526, 0, 1, 0, 0, 0.01%, 0, 0, 1, 1677.52
1639480741, 559, 0, 1, 0, 0, 0.01%, 0, 0, 1, 1649.41
1639480746, 592, 0, 1, 0, 0, 0.01%, 0, 0, 1, 1669.37
1639480751, 624, 0, 1, 0, 0, 0.01%, 0, 0, 1, 1650.25
1639480756, 657, 0, 1, 0, 0, 0.01%, 0, 0, 1, 1664.07
1639480761, 689, 0, 1, 0, 0, 0.01%, 0, 0, 1, 1628.25
1639480766, 722, 0, 1, 0, 0, 0.01%, 0, 0, 1, 1663.74
1639480771, 754, 0, 1, 0, 0, 0.01%, 0, 0, 1, 1629.69
1639480776, 786, 0, 1, 0, 0, 0.01%, 0, 0, 1, 1659.47
1639480781, 818, 0, 1, 0, 0, 0.01%, 0, 0, 1, 1624.81
1639480786, 851, 0, 1, 0, 0, 0.01%, 0, 0, 1, 1657.77
1639480791, 883, 0, 1, 0, 0, 0.01%, 0, 0, 1, 1641.20
1639480797, 917, 0, 1, 0, 0, 0.01%, 0, 0, 1, 1664.96
1639480802, 949, 0, 1, 0, 0, 0.01%, 0, 0, 1, 1630.78
1639480807, 981, 0, 1, 0, 0, 0.01%, 0, 0, 1, 1632.52
1639480812, 1013, 0, 1, 0, 0, 0.01%, 0, 0, 1, 1627.55
1639480817, 1045, 0, 1, 0, 0, 0.01%, 0, 0, 1, 1641.60
1639480822, 1078, 0, 1, 0, 0, 0.01%, 0, 0, 1, 1649.06
1639480827, 1111, 0, 1, 0, 0, 0.01%, 0, 0, 1, 1661.21
1639480832, 1143, 0, 1, 0, 0, 0.01%, 0, 0, 1, 1659.93
1639480837, 1176, 0, 1, 0, 0, 0.01%, 0, 0, 1, 1684.40
1639480842, 1209, 0, 1, 0, 0, 0.01%, 0, 0, 1, 1668.50
1639480847, 1242, 0, 1, 0, 0, 0.01%, 0, 0, 1, 1675.48
1639480852, 1275, 0, 1, 0, 0, 0.01%, 0, 0, 1, 1663.18
1639480857, 1308, 0, 1, 0, 0, 0.01%, 0, 0, 1, 1669.02
1639480862, 1340, 0, 1, 0, 0, 0.01%, 0, 0, 1, 1653.76
1639480867, 1374, 0, 1, 0, 0, 0.01%, 0, 0, 1, 1667.19
1639480872, 1407, 0, 1, 0, 0, 0.01%, 0, 0, 1, 1665.70
1639480877, 1440, 0, 1, 0, 0, 0.01%, 0, 0, 1, 1670.44
1639480882, 1473, 0, 1, 0, 0, 0.01%, 0, 0, 1, 1667.38
1639480887, 1506, 0, 1, 0, 0, 0.01%, 0, 0, 1, 1654.60
1639480892, 1551, 0, 1, 0, 0, 0.01%, 0, 0, 1, 2362.55
1639480898, 1591, 0, 1, 0, 0, 0.01%, 0, 0, 1, 1946.41
1639480903, 1622, 0, 1, 0, 0, 0.01%, 0, 0, 1, 1692.13
1639480908, 1655, 0, 1, 0, 0, 0.01%, 0, 0, 1, 1659.44
1639480913, 1689, 0, 1, 0, 0, 0.01%, 0, 0, 1, 1651.98
1639480918, 1722, 0, 1, 0, 0, 0.01%, 0, 0, 1, 1648.98
1639480923, 1754, 0, 1, 0, 0, 0.01%, 0, 0, 1, 1646.95
1639480928, 1787, 0, 1, 0, 0, 0.01%, 0, 0, 1, 1642.75
1639480933, 1819, 0, 1, 0, 0, 0.01%, 0, 0, 1, 1635.13
1639480938, 1851, 0, 1, 0, 0, 0.01%, 0, 0, 1, 1625.15
1639480943, 1883, 0, 1, 0, 0, 0.01%, 0, 0, 1, 1639.72
1639480948, 1915, 0, 1, 0, 0, 0.01%, 0, 0, 1, 1629.29
1639480953, 1948, 0, 1, 0, 0, 0.01%, 0, 0, 1, 1654.10
