# unix_time, cycles_done, cur_path, paths_total, pending_total, pending_favs, map_size, unique_crashes, unique_hangs, max_depth, execs_per_sec
1639519903, 0, 0, 890, 890, 102, 0.93%, 0, 0, 1, 1080.59
1639519908, 0, 82, 890, 882, 95, 0.93%, 2, 0, 1, 1253.58
1639519913, 0, 158, 890, 872, 85, 0.93%, 5, 0, 1, 1351.74
1639519918, 0, 307, 890, 858, 72, 0.93%, 6, 0, 1, 1405.55
1639519923, 0, 401, 890, 849, 65, 0.93%, 7, 0, 1, 1442.01
1639519928, 0, 460, 890, 841, 59, 0.93%, 7, 0, 1, 1440.74
1639519933, 0, 505, 890, 833, 51, 0.93%, 9, 0, 1, 1440.79
1639519938, 0, 607, 891, 824, 42, 0.94%, 9, 0, 2, 1441.55
1639519943, 0, 681, 891, 813, 32, 0.94%, 9, 0, 2, 1440.51
1639519949, 0, 765, 891, 803, 23, 0.94%, 9, 0, 2, 1455.71
1639519954, 0, 793, 891, 795, 15, 0.94%, 10, 0, 2, 1460.48
1639519959, 0, 847, 891, 787, 8, 0.94%, 11, 0, 2, 1464.63
1639519964, 1, 9, 892, 776, 0, 0.94%, 12, 0, 3, 1463.29
1639519969, 1, 32, 892, 769, 0, 0.94%, 12, 0, 3, 1444.79
1639519974, 1, 68, 892, 759, 0, 0.94%, 12, 0, 3, 1767.69
1639519979, 1, 82, 892, 754, 0, 0.94%, 12, 0, 3, 1493.47
1639519984, 1, 676, 892, 746, 0, 0.94%, 12, 0, 3, 1406.27
1639519989, 1, 694, 892, 743, 0, 0.94%, 13, 0, 3, 1378.41
1639519995, 1, 744, 892, 734, 0, 0.94%, 14, 0, 3, 1374.89
1639520000, 1, 763, 892, 730, 0, 0.94%, 14, 0, 3, 1362.29
1639520005, 1, 784, 892, 726, 0, 0.94%, 14, 0, 3, 1406.07
1639520010, 1, 812, 892, 723, 0, 0.94%, 14, 0, 3, 1453.06
1639520015, 1, 840, 892, 718, 0, 0.94%, 14, 0, 3, 1462.23
1639520020, 1, 851, 892, 714, 0, 0.94%, 14, 0, 3, 1445.81
1639520025, 1, 881, 892, 707, 0, 0.94%, 14, 0, 3, 1460.05
1639520030, 2, 27, 892, 703, 0, 0.94%, 14, 0, 3, 1458.09
1639520035, 2, 72, 892, 695, 0, 0.94%, 14, 0, 3, 1467.75
1639520040, 2, 95, 892, 690, 0, 0.94%, 14, 0, 3, 1448.88
1639520045, 2, 121, 892, 684, 0, 0.94%, 14, 0, 3, 1453.61
1639520050, 2, 151, 892, 679, 0, 0.94%, 14, 0, 3, 1456.39
1639520055, 2, 180, 892, 674, 0, 0.94%, 14, 0, 3, 1444.58
1639520061, 2, 215, 892, 665, 0, 0.94%, 14, 0, 3, 1421.56
1639520066, 2, 256, 892, 658, 0, 0.94%, 14, 0, 3, 1451.94
1639520071, 2, 287, 892, 651, 0, 0.94%, 15, 0, 3, 1421.48
1639520076, 2, 311, 892, 644, 0, 0.94%, 15, 0, 3, 1382.98
1639520081, 2, 337, 892, 639, 0, 0.94%, 15, 0, 3, 1355.98
1639520086, 2, 373, 892, 630, 0, 0.94%, 15, 0, 3, 1340.96
1639520091, 2, 729, 892, 622, 1, 0.94%, 16, 0, 3, 1348.15
1639520096, 3, 151, 892, 616, 0, 0.94%, 17, 0, 3, 1370.96
1639520101, 3, 168, 892, 612, 0, 0.94%, 17, 0, 3, 1404.30
1639520106, 3, 210, 892, 603, 0, 0.94%, 17, 0, 3, 1419.77
1639520111, 3, 269, 892, 598, 0, 0.94%, 18, 0, 3, 1444.87
1639520116, 3, 307, 892, 591, 0, 0.94%, 18, 0, 3, 1453.14
1639520121, 3, 339, 892, 587, 0, 0.94%, 18, 0, 3, 1448.47
1639520126, 3, 379, 892, 581, 0, 0.94%, 18, 0, 3, 1456.98
1639520132, 3, 409, 892, 574, 0, 0.94%, 18, 0, 3, 1450.83
1639520137, 3, 428, 892, 567, 0, 0.94%, 18, 0, 3, 1464.19
1639520142, 3, 450, 892, 560, 0, 0.94%, 19, 0, 3, 1368.18
1639520147, 3, 473, 892, 556, 0, 0.94%, 19, 0, 3, 1430.30
1639520152, 3, 509, 892, 552, 0, 0.94%, 19, 0, 3, 1444.71
1639520157, 3, 535, 892, 544, 0, 0.94%, 20, 0, 3, 1451.67
1639520162, 3, 567, 892, 534, 0, 0.94%, 20, 0, 3, 1461.94
1639520168, 3, 589, 892, 527, 0, 0.94%, 20, 0, 3, 1453.34
1639520173, 3, 613, 892, 523, 0, 0.94%, 20, 0, 3, 1454.00
1639520178, 3, 633, 892, 517, 0, 0.94%, 20, 0, 3, 1441.02
1639520183, 3, 655, 892, 511, 0, 0.94%, 20, 0, 3, 1447.44
1639520188, 3, 679, 892, 506, 0, 0.94%, 20, 0, 3, 1449.78
1639520193, 3, 701, 892, 503, 0, 0.94%, 20, 0, 3, 1447.04
