# unix_time, cycles_done, cur_path, paths_total, pending_total, pending_favs, map_size, unique_crashes, unique_hangs, max_depth, execs_per_sec
1639486388, 0, 0, 472, 472, 71, 0.63%, 0, 0, 1, 1163.64
1639486393, 0, 76, 472, 461, 60, 0.63%, 9, 0, 1, 1186.49
1639486398, 0, 126, 472, 452, 51, 0.63%, 13, 0, 1, 1145.66
1639486403, 0, 157, 472, 444, 43, 0.63%, 13, 0, 1, 1149.24
1639486408, 0, 170, 472, 437, 37, 0.63%, 15, 0, 1, 1148.78
1639486413, 0, 204, 472, 431, 31, 0.63%, 15, 0, 1, 1160.43
1639486418, 0, 294, 472, 423, 23, 0.63%, 16, 0, 1, 1176.88
1639486423, 0, 327, 473, 417, 18, 0.63%, 17, 0, 2, 1160.15
1639486428, 0, 344, 473, 413, 14, 0.63%, 18, 0, 2, 1172.14
1639486433, 0, 429, 473, 404, 6, 0.63%, 18, 0, 2, 1126.57
1639486438, 1, 2, 473, 397, 0, 0.63%, 18, 0, 2, 1098.19
1639486443, 1, 27, 473, 392, 0, 0.63%, 19, 0, 2, 1115.63
1639486449, 1, 57, 473, 387, 0, 0.63%, 19, 0, 2, 1175.74
1639486454, 1, 76, 473, 381, 0, 0.63%, 19, 0, 2, 1122.89
1639486459, 1, 92, 473, 376, 0, 0.63%, 20, 0, 2, 1154.66
1639486464, 1, 108, 473, 371, 0, 0.63%, 20, 0, 2, 1149.26
1639486469, 1, 124, 473, 367, 0, 0.63%, 20, 0, 2, 1103.21
1639486474, 1, 139, 473, 361, 0, 0.63%, 20, 0, 2, 1106.92
1639486479, 1, 146, 473, 359, 0, 0.63%, 20, 0, 2, 1118.24
1639486484, 1, 168, 473, 357, 0, 0.63%, 20, 0, 2, 1185.16
1639486489, 1, 179, 474, 355, 0, 0.63%, 20, 0, 2, 1166.08
1639486494, 1, 204, 474, 351, 0, 0.63%, 20, 0, 2, 1156.30
1639486499, 1, 233, 474, 346, 0, 0.63%, 20, 0, 2, 1165.83
1639486504, 1, 243, 474, 341, 0, 0.63%, 20, 0, 2, 1170.98
1639486509, 1, 267, 474, 334, 0, 0.63%, 20, 0, 2, 1175.36
1639486514, 1, 288, 474, 329, 0, 0.63%, 20, 0, 2, 1142.60
1639486519, 1, 306, 474, 325, 0, 0.63%, 20, 0, 2, 1138.29
1639486524, 1, 319, 474, 321, 0, 0.63%, 20, 0, 2, 1158.70
1639486530, 1, 327, 474, 316, 0, 0.63%, 20, 0, 2, 1152.47
1639486535, 1, 343, 474, 313, 0, 0.63%, 21, 0, 2, 1138.15
1639486540, 1, 360, 474, 306, 0, 0.63%, 21, 0, 2, 1168.06
1639486545, 1, 370, 474, 302, 0, 0.63%, 21, 0, 2, 1136.72
1639486550, 1, 393, 474, 298, 0, 0.63%, 21, 0, 2, 1118.81
1639486555, 1, 424, 474, 292, 0, 0.63%, 21, 0, 2, 1162.40
1639486560, 1, 441, 474, 288, 0, 0.63%, 21, 0, 2, 1159.16
1639486565, 1, 459, 474, 284, 0, 0.63%, 21, 0, 2, 1169.15
1639486570, 2, 127, 474, 278, 1, 0.63%, 22, 0, 2, 1148.87
1639486575, 2, 473, 474, 274, 0, 0.63%, 22, 0, 2, 1147.27
1639486580, 3, 27, 474, 271, 0, 0.63%, 22, 0, 2, 1123.09
1639486585, 3, 52, 474, 267, 0, 0.63%, 22, 0, 2, 1250.59
1639486590, 3, 76, 474, 264, 0, 0.63%, 22, 0, 2, 1157.94
1639486596, 3, 102, 474, 260, 0, 0.63%, 22, 0, 2, 1106.07
1639486601, 3, 135, 474, 257, 0, 0.63%, 22, 0, 2, 1191.88
1639486606, 3, 146, 474, 254, 0, 0.63%, 22, 0, 2, 1167.16
1639486611, 3, 159, 474, 251, 0, 0.63%, 22, 0, 2, 1124.86
1639486616, 3, 186, 474, 250, 0, 0.63%, 22, 0, 2, 1141.40
1639486621, 3, 204, 474, 245, 0, 0.63%, 22, 0, 2, 1176.89
1639486626, 3, 225, 474, 238, 0, 0.63%, 22, 0, 2, 1224.14
1639486631, 3, 256, 475, 235, 0, 0.63%, 22, 0, 2, 1232.59
1639486637, 3, 285, 475, 230, 0, 0.63%, 22, 0, 2, 1228.93
1639486642, 3, 312, 475, 228, 0, 0.63%, 22, 0, 2, 1236.51
1639486647, 3, 341, 475, 225, 0, 0.63%, 22, 0, 2, 1170.35
1639486652, 3, 363, 475, 222, 0, 0.63%, 22, 0, 2, 1181.76
1639486657, 3, 392, 475, 218, 0, 0.63%, 22, 0, 2, 1179.36
1639486662, 3, 412, 475, 214, 0, 0.63%, 22, 0, 2, 1180.95
1639486667, 3, 432, 475, 210, 0, 0.63%, 22, 0, 2, 1181.11
1639486672, 3, 446, 475, 206, 0, 0.63%, 22, 0, 2, 1156.14
1639486677, 3, 459, 475, 202, 0, 0.63%, 22, 0, 2, 1165.89
1639486682, 4, 9, 476, 199, 0, 0.63%, 22, 0, 3, 1219.96
