# unix_time, cycles_done, cur_path, paths_total, pending_total, pending_favs, map_size, unique_crashes, unique_hangs, max_depth, execs_per_sec
1639561629, 0, 0, 936, 936, 101, 0.97%, 0, 0, 1, 1187.63
1639561634, 0, 98, 937, 926, 90, 0.97%, 3, 0, 2, 1312.71
1639561639, 0, 146, 937, 919, 84, 0.97%, 5, 0, 2, 1358.96
1639561644, 0, 240, 937, 910, 76, 0.97%, 5, 0, 2, 1342.30
1639561650, 0, 273, 937, 902, 69, 0.97%, 5, 0, 2, 1361.63
1639561655, 0, 365, 937, 895, 62, 0.97%, 6, 0, 2, 1342.24
1639561660, 0, 464, 937, 883, 51, 0.97%, 8, 0, 2, 1358.78
1639561665, 0, 517, 937, 874, 42, 0.97%, 9, 0, 2, 1354.97
1639561670, 0, 576, 937, 867, 36, 0.97%, 9, 0, 2, 1266.77
1639561675, 0, 642, 937, 858, 29, 0.97%, 9, 0, 2, 1310.01
1639561680, 0, 691, 937, 850, 21, 0.97%, 11, 0, 2, 1357.51
1639561686, 0, 768, 937, 841, 12, 0.97%, 11, 0, 2, 1377.47
1639561691, 0, 928, 937, 829, 2, 0.97%, 11, 0, 2, 1373.56
1639561696, 1, 254, 937, 824, 0, 0.97%, 11, 0, 2, 1195.85
1639561701, 1, 273, 937, 819, 0, 0.97%, 11, 0, 2, 1278.97
1639561706, 1, 300, 937, 815, 0, 0.97%, 11, 0, 2, 1340.94
1639561711, 1, 324, 937, 809, 0, 0.97%, 11, 0, 2, 1336.89
1639561716, 1, 360, 937, 803, 0, 0.97%, 11, 0, 2, 1337.00
1639561722, 1, 386, 937, 796, 0, 0.97%, 11, 0, 2, 1360.42
1639561727, 1, 407, 937, 792, 0, 0.97%, 11, 0, 2, 1340.71
1639561732, 1, 426, 937, 787, 0, 0.97%, 11, 0, 2, 1347.02
1639561737, 1, 460, 937, 781, 0, 0.97%, 11, 0, 2, 1351.37
1639561742, 1, 478, 937, 777, 0, 0.97%, 11, 0, 2, 1354.10
1639561747, 1, 504, 937, 772, 0, 0.97%, 11, 0, 2, 1342.02
1639561752, 1, 525, 937, 767, 0, 0.97%, 11, 0, 2, 1354.52
1639561757, 1, 553, 937, 761, 0, 0.97%, 11, 0, 2, 1319.32
1639561762, 1, 580, 937, 755, 0, 0.97%, 12, 0, 2, 1324.03
1639561767, 1, 596, 937, 751, 0, 0.97%, 12, 0, 2, 1357.84
1639561772, 1, 609, 937, 745, 0, 0.97%, 12, 0, 2, 1327.69
1639561777, 1, 624, 937, 738, 0, 0.97%, 12, 0, 2, 1325.48
1639561782, 1, 653, 937, 733, 0, 0.97%, 12, 0, 2, 1334.97
1639561788, 1, 682, 937, 726, 0, 0.97%, 12, 0, 2, 1359.19
1639561793, 1, 709, 937, 723, 0, 0.97%, 12, 0, 2, 1356.04
1639561798, 1, 736, 937, 716, 0, 0.97%, 12, 0, 2, 1351.98
1639561803, 1, 768, 937, 711, 0, 0.97%, 12, 0, 2, 1356.96
1639561808, 1, 793, 937, 705, 0, 0.97%, 12, 0, 2, 1348.10
1639561813, 1, 824, 937, 699, 0, 0.97%, 12, 0, 2, 1335.97
1639561818, 1, 851, 937, 690, 0, 0.97%, 13, 0, 2, 1336.77
1639561823, 1, 883, 937, 682, 0, 0.97%, 13, 0, 2, 1358.13
1639561829, 1, 921, 937, 674, 0, 0.97%, 13, 0, 2, 1329.45
1639561834, 2, 30, 937, 666, 0, 0.97%, 13, 0, 2, 1355.84
1639561839, 2, 46, 937, 662, 0, 0.97%, 13, 0, 2, 1313.12
1639561844, 2, 87, 937, 656, 0, 0.97%, 13, 0, 2, 1329.05
1639561849, 2, 117, 937, 648, 0, 0.97%, 13, 0, 2, 1348.82
1639561854, 2, 132, 937, 644, 0, 0.97%, 13, 0, 2, 1342.83
1639561859, 2, 166, 937, 639, 0, 0.97%, 13, 0, 2, 1360.94
1639561864, 2, 187, 937, 634, 0, 0.97%, 13, 0, 2, 1341.77
1639561869, 2, 216, 937, 627, 0, 0.97%, 13, 0, 2, 1349.65
1639561875, 2, 254, 937, 623, 0, 0.97%, 13, 0, 2, 1351.29
1639561880, 2, 276, 937, 620, 0, 0.97%, 13, 0, 2, 1240.26
1639561885, 2, 322, 937, 614, 0, 0.97%, 13, 0, 2, 1342.09
1639561890, 2, 363, 937, 609, 0, 0.97%, 13, 0, 2, 1357.12
1639561895, 2, 411, 937, 601, 0, 0.97%, 13, 0, 2, 1346.56
1639561901, 2, 440, 937, 595, 0, 0.97%, 13, 0, 2, 1651.96
1639561906, 2, 471, 937, 588, 0, 0.97%, 13, 0, 2, 1388.79
1639561911, 2, 504, 937, 586, 0, 0.97%, 13, 0, 2, 1343.83
1639561916, 2, 527, 937, 582, 0, 0.97%, 13, 0, 2, 1353.77
1639561921, 2, 573, 937, 578, 0, 0.97%, 13, 0, 2, 1353.94
