# unix_time, cycles_done, cur_path, paths_total, pending_total, pending_favs, map_size, unique_crashes, unique_hangs, max_depth, execs_per_sec
1639488229, 0, 0, 939, 939, 107, 0.95%, 0, 0, 1, 1159.98
1639488234, 0, 55, 939, 931, 100, 0.95%, 1, 0, 1, 1348.04
1639488239, 0, 177, 939, 920, 89, 0.95%, 2, 0, 1, 1395.52
1639488244, 0, 257, 939, 909, 78, 0.95%, 2, 0, 1, 1413.64
1639488249, 0, 369, 939, 897, 67, 0.95%, 4, 0, 1, 1385.12
1639488254, 0, 441, 940, 886, 55, 0.95%, 4, 0, 2, 1391.51
1639488259, 0, 495, 940, 879, 48, 0.95%, 5, 0, 2, 1390.35
1639488264, 0, 613, 940, 867, 37, 0.95%, 5, 0, 2, 1414.99
1639488270, 0, 705, 940, 857, 28, 0.95%, 6, 0, 2, 1399.84
1639488275, 0, 762, 940, 848, 21, 0.95%, 6, 0, 2, 1428.56
1639488280, 0, 843, 940, 839, 12, 0.95%, 6, 0, 2, 1418.80
1639488285, 0, 918, 940, 831, 4, 0.95%, 6, 0, 2, 1416.38
1639488290, 1, 19, 940, 825, 0, 0.95%, 6, 0, 2, 1396.10
1639488295, 1, 50, 941, 821, 0, 0.95%, 6, 0, 2, 1397.15
1639488300, 1, 82, 941, 815, 0, 0.95%, 6, 0, 2, 1435.50
1639488305, 1, 112, 941, 808, 0, 0.95%, 6, 0, 2, 1402.49
1639488310, 1, 154, 941, 803, 0, 0.95%, 6, 0, 2, 1396.17
1639488315, 1, 195, 941, 797, 0, 0.95%, 6, 0, 2, 1414.29
1639488321, 1, 213, 941, 790, 0, 0.95%, 6, 0, 2, 1400.43
1639488326, 1, 243, 941, 781, 0, 0.95%, 6, 0, 2, 1411.82
1639488331, 1, 267, 941, 776, 0, 0.95%, 6, 0, 2, 1410.77
1639488336, 1, 308, 941, 767, 0, 0.95%, 6, 0, 2, 1421.78
1639488341, 1, 347, 941, 759, 0, 0.95%, 6, 0, 2, 1415.81
1639488346, 1, 363, 941, 753, 0, 0.95%, 6, 0, 2, 1403.68
1639488351, 1, 395, 941, 749, 0, 0.95%, 6, 0, 2, 1410.83
1639488356, 1, 436, 941, 744, 0, 0.95%, 8, 0, 2, 1398.36
1639488362, 1, 461, 941, 737, 0, 0.95%, 10, 0, 2, 1383.48
1639488367, 1, 495, 941, 733, 0, 0.95%, 10, 0, 2, 1407.49
1639488372, 1, 510, 941, 727, 0, 0.95%, 10, 0, 2, 1411.68
1639488377, 1, 556, 941, 721, 0, 0.95%, 10, 0, 2, 1405.63
1639488382, 1, 583, 941, 712, 0, 0.95%, 10, 0, 2, 1404.44
1639488388, 1, 620, 941, 704, 0, 0.95%, 10, 0, 2, 1404.09
1639488393, 1, 653, 941, 697, 0, 0.95%, 10, 0, 2, 1425.47
1639488398, 1, 684, 941, 690, 0, 0.95%, 10, 0, 2, 1420.89
1639488403, 1, 703, 941, 683, 0, 0.95%, 10, 0, 2, 1429.42
1639488408, 1, 889, 941, 675, 1, 0.95%, 11, 0, 2, 1395.81
1639488413, 1, 939, 941, 670, 0, 0.95%, 12, 0, 2, 1414.67
1639488418, 1, 940, 944, 673, 0, 0.95%, 12, 0, 3, 1347.06
1639488423, 2, 34, 944, 668, 0, 0.95%, 12, 0, 3, 1397.75
1639488428, 2, 50, 944, 663, 0, 0.95%, 12, 0, 3, 1341.76
1639488433, 2, 81, 944, 658, 0, 0.95%, 12, 0, 3, 1377.03
1639488439, 2, 108, 945, 653, 0, 0.95%, 12, 0, 3, 1342.14
1639488444, 2, 139, 945, 649, 0, 0.95%, 13, 0, 3, 1394.41
1639488449, 2, 184, 945, 642, 0, 0.95%, 13, 0, 3, 1404.78
1639488454, 2, 219, 945, 636, 0, 0.95%, 13, 0, 3, 1420.33
1639488459, 2, 257, 945, 631, 0, 0.95%, 13, 0, 3, 1428.48
1639488464, 2, 302, 945, 624, 0, 0.95%, 13, 0, 3, 1425.25
1639488469, 2, 311, 945, 617, 0, 0.95%, 13, 0, 3, 1380.35
1639488474, 2, 338, 945, 610, 0, 0.95%, 13, 0, 3, 1395.01
1639488480, 2, 366, 945, 604, 0, 0.95%, 13, 0, 3, 1426.39
1639488485, 2, 401, 945, 600, 0, 0.95%, 13, 0, 3, 1421.57
1639488490, 2, 424, 945, 595, 0, 0.95%, 13, 0, 3, 1416.44
1639488495, 2, 459, 945, 588, 0, 0.95%, 13, 0, 3, 1809.64
1639488500, 2, 491, 945, 585, 0, 0.95%, 13, 0, 3, 1467.26
1639488505, 2, 521, 945, 579, 0, 0.95%, 13, 0, 3, 1429.27
1639488510, 2, 551, 945, 574, 0, 0.95%, 13, 0, 3, 1428.86
1639488515, 2, 601, 946, 569, 0, 0.95%, 13, 0, 3, 1407.62
1639488521, 2, 624, 946, 565, 0, 0.95%, 13, 0, 3, 1418.12
