# unix_time, cycles_done, cur_path, paths_total, pending_total, pending_favs, map_size, unique_crashes, unique_hangs, max_depth, execs_per_sec
1639477337, 0, 0, 1, 1, 1, 0.12%, 0, 0, 1, 2000.00
1639477342, 0, 0, 79, 79, 1, 0.47%, 3, 0, 2, 1529.61
1639477347, 0, 21, 100, 91, 31, 0.50%, 3, 0, 3, 1442.27
1639477352, 0, 42, 126, 108, 28, 0.53%, 4, 0, 3, 1430.50
1639477357, 0, 69, 138, 110, 19, 0.54%, 6, 0, 3, 1385.48
1639477362, 0, 69, 142, 114, 19, 0.54%, 8, 0, 3, 1362.68
1639477367, 0, 102, 149, 111, 15, 0.55%, 8, 0, 4, 1386.71
1639477372, 0, 119, 162, 118, 11, 0.56%, 8, 0, 4, 1378.70
1639477377, 0, 130, 171, 126, 10, 0.56%, 8, 0, 4, 1373.84
1639477382, 0, 143, 188, 139, 9, 0.59%, 9, 0, 4, 1356.04
1639477387, 0, 148, 191, 140, 14, 0.60%, 9, 0, 4, 1333.91
1639477392, 0, 173, 195, 140, 11, 0.60%, 10, 0, 5, 1330.52
1639477397, 0, 176, 200, 143, 10, 0.62%, 10, 0, 5, 1349.78
1639477402, 0, 182, 204, 145, 11, 0.63%, 10, 0, 5, 1379.92
1639477407, 0, 184, 211, 151, 12, 0.63%, 11, 0, 5, 1389.34
1639477413, 0, 185, 215, 154, 11, 0.63%, 12, 0, 5, 1384.84
1639477418, 0, 195, 224, 159, 7, 0.64%, 13, 0, 6, 1393.32
1639477423, 0, 195, 226, 161, 7, 0.64%, 13, 0, 6, 1411.40
1639477428, 0, 207, 229, 160, 5, 0.64%, 14, 0, 6, 1389.32
1639477433, 0, 222, 230, 159, 3, 0.64%, 15, 0, 6, 1394.84
1639477438, 1, 29, 230, 153, 0, 0.64%, 15, 0, 6, 1397.13
1639477443, 1, 235, 238, 158, 0, 0.65%, 15, 0, 7, 1394.60
1639477454, 2, 31, 238, 155, 0, 0.65%, 15, 0, 7, 1411.83
1639477459, 2, 72, 242, 157, 0, 0.65%, 15, 0, 7, 1398.58
1639477464, 2, 89, 245, 156, 0, 0.65%, 15, 0, 7, 1388.67
1639477469, 2, 113, 246, 153, 0, 0.65%, 15, 0, 7, 1369.25
1639477474, 2, 140, 247, 150, 0, 0.65%, 15, 0, 7, 1387.41
1639477480, 2, 150, 248, 148, 0, 0.65%, 16, 0, 7, 1406.35
1639477485, 2, 162, 248, 145, 0, 0.65%, 16, 0, 7, 1385.74
1639477490, 2, 174, 248, 143, 0, 0.65%, 16, 0, 7, 1383.81
1639477495, 2, 184, 248, 141, 0, 0.65%, 16, 0, 7, 1373.64
1639477500, 2, 191, 248, 140, 0, 0.65%, 16, 0, 7, 1375.74
1639477505, 2, 249, 252, 142, 0, 0.65%, 16, 0, 8, 1392.72
1639477510, 3, 18, 254, 138, 0, 0.65%, 16, 0, 8, 1400.47
1639477515, 3, 254, 258, 141, 1, 0.65%, 16, 0, 8, 1389.40
1639477520, 4, 11, 258, 139, 0, 0.65%, 16, 0, 8, 1386.09
1639477525, 4, 38, 259, 138, 0, 0.65%, 16, 0, 8, 1406.78
1639477530, 4, 60, 259, 130, 0, 0.65%, 16, 0, 8, 1282.95
1639477536, 4, 89, 259, 127, 0, 0.65%, 16, 0, 8, 1376.38
1639477541, 4, 142, 260, 124, 2, 0.65%, 16, 0, 8, 1810.71
1639477546, 5, 119, 260, 121, 0, 0.65%, 16, 0, 8, 1702.61
1639477551, 5, 149, 260, 118, 0, 0.65%, 16, 0, 8, 1463.49
1639477556, 5, 165, 260, 117, 0, 0.65%, 16, 0, 8, 1406.99
1639477561, 5, 182, 260, 115, 0, 0.65%, 16, 0, 8, 1371.33
1639477566, 5, 187, 260, 114, 0, 0.65%, 16, 0, 8, 1386.75
1639477571, 5, 198, 261, 113, 0, 0.65%, 17, 0, 8, 1380.58
1639477576, 5, 208, 262, 113, 0, 0.65%, 17, 0, 8, 1385.40
1639477581, 5, 218, 263, 111, 0, 0.65%, 17, 0, 8, 1381.46
1639477587, 5, 264, 268, 115, 0, 0.65%, 17, 0, 8, 1404.06
1639477592, 5, 264, 269, 116, 0, 0.65%, 17, 0, 8, 1415.22
1639477597, 5, 265, 269, 115, 0, 0.65%, 17, 0, 8, 1418.21
1639477602, 6, 21, 270, 115, 0, 0.65%, 17, 0, 8, 1423.07
1639477607, 6, 61, 270, 112, 0, 0.65%, 17, 0, 8, 1423.26
1639477612, 6, 87, 270, 108, 0, 0.65%, 17, 0, 8, 1409.56
1639477617, 6, 110, 271, 105, 0, 0.65%, 17, 0, 8, 1401.08
1639477622, 6, 226, 272, 103, 1, 0.65%, 17, 0, 8, 1405.43
1639477627, 6, 271, 275, 104, 1, 0.65%, 17, 0, 8, 1384.91
1639477632, 6, 275, 278, 106, 1, 0.65%, 17, 0, 8, 1418.93
