# unix_time, cycles_done, cur_path, paths_total, pending_total, pending_favs, map_size, unique_crashes, unique_hangs, max_depth, execs_per_sec
1639594737, 0, 0, 799, 799, 93, 0.91%, 0, 0, 1, 1143.47
1639594742, 0, 67, 799, 791, 85, 0.91%, 3, 0, 1, 1327.32
1639594747, 0, 124, 799, 783, 77, 0.91%, 3, 0, 1, 1337.18
1639594752, 0, 260, 799, 773, 67, 0.91%, 4, 0, 1, 1385.46
1639594757, 0, 340, 799, 765, 59, 0.91%, 5, 0, 1, 1409.41
1639594762, 0, 412, 799, 754, 49, 0.91%, 5, 0, 1, 1398.84
1639594768, 0, 523, 799, 746, 41, 0.91%, 5, 0, 1, 1390.54
1639594773, 0, 581, 799, 737, 32, 0.91%, 5, 0, 1, 1385.01
1639594778, 0, 608, 799, 729, 24, 0.91%, 6, 0, 1, 1393.51
1639594783, 0, 684, 799, 718, 13, 0.91%, 6, 0, 1, 1363.72
1639594788, 0, 796, 799, 706, 1, 0.91%, 7, 0, 1, 1419.85
1639594794, 1, 32, 799, 698, 0, 0.91%, 7, 0, 1, 1418.87
1639594799, 1, 47, 799, 692, 0, 0.91%, 7, 0, 1, 1414.89
1639594804, 1, 73, 799, 687, 0, 0.91%, 7, 0, 1, 1424.98
1639594809, 1, 117, 799, 683, 0, 0.91%, 7, 0, 1, 1402.73
1639594814, 1, 156, 799, 678, 0, 0.91%, 7, 0, 1, 1416.81
1639594819, 1, 190, 799, 672, 0, 0.91%, 7, 0, 1, 1304.66
1639594825, 1, 218, 799, 664, 0, 0.91%, 7, 0, 1, 1355.15
1639594830, 1, 245, 799, 658, 0, 0.91%, 7, 0, 1, 1393.77
1639594835, 1, 271, 799, 650, 0, 0.91%, 7, 0, 1, 1393.73
1639594840, 1, 283, 799, 645, 0, 0.91%, 7, 0, 1, 1361.01
1639594845, 1, 301, 799, 640, 0, 0.91%, 7, 0, 1, 1374.06
1639594850, 1, 339, 799, 632, 0, 0.91%, 8, 0, 1, 1923.22
1639594855, 1, 366, 799, 627, 0, 0.91%, 9, 0, 1, 1576.66
1639594860, 1, 409, 799, 621, 0, 0.91%, 10, 0, 1, 1382.57
1639594865, 1, 448, 799, 615, 0, 0.91%, 10, 0, 1, 1362.47
1639594870, 1, 475, 799, 606, 0, 0.91%, 10, 0, 1, 1310.34
1639594876, 1, 497, 799, 598, 0, 0.91%, 11, 0, 1, 1338.89
1639594881, 1, 519, 799, 591, 0, 0.91%, 11, 0, 1, 1335.79
1639594886, 1, 534, 799, 586, 0, 0.91%, 11, 0, 1, 1338.16
1639594891, 1, 564, 799, 582, 0, 0.91%, 11, 0, 1, 1353.46
1639594896, 1, 587, 799, 579, 0, 0.91%, 11, 0, 1, 1357.81
1639594901, 1, 603, 799, 573, 0, 0.91%, 11, 0, 1, 1351.96
1639594906, 1, 625, 799, 567, 0, 0.91%, 11, 0, 1, 1409.89
1639594911, 1, 659, 799, 560, 0, 0.91%, 11, 0, 1, 1428.25
1639594916, 1, 681, 799, 555, 0, 0.91%, 11, 0, 1, 1447.95
1639594921, 1, 705, 799, 548, 0, 0.91%, 11, 0, 1, 1451.76
1639594926, 1, 736, 799, 541, 0, 0.91%, 11, 0, 1, 1404.99
1639594931, 1, 754, 799, 535, 0, 0.91%, 11, 0, 1, 1428.42
1639594936, 1, 764, 799, 530, 0, 0.91%, 12, 0, 1, 1357.76
1639594941, 1, 798, 799, 522, 0, 0.91%, 12, 0, 1, 1383.45
1639594947, 2, 39, 799, 516, 0, 0.91%, 12, 0, 1, 1427.67
1639594952, 2, 62, 799, 513, 0, 0.91%, 12, 0, 1, 1443.13
1639594957, 2, 84, 800, 510, 0, 0.91%, 12, 0, 2, 1411.62
1639594962, 2, 90, 802, 509, 0, 0.91%, 12, 0, 2, 1401.11
1639594967, 2, 106, 805, 510, 0, 0.91%, 12, 0, 2, 1386.52
1639594972, 2, 124, 805, 506, 0, 0.91%, 12, 0, 2, 1384.25
1639594977, 2, 170, 805, 499, 0, 0.91%, 12, 0, 2, 1387.04
1639594982, 2, 220, 805, 493, 0, 0.91%, 12, 0, 2, 1400.99
1639594987, 2, 254, 806, 488, 0, 0.91%, 12, 0, 2, 1399.25
1639594993, 2, 278, 806, 483, 0, 0.91%, 12, 0, 2, 1379.48
1639594998, 2, 304, 806, 481, 0, 0.91%, 12, 0, 2, 1384.27
1639595003, 2, 337, 806, 474, 0, 0.91%, 12, 0, 2, 1400.87
1639595008, 2, 376, 806, 473, 0, 0.91%, 12, 0, 2, 1427.49
1639595013, 2, 424, 806, 467, 1, 0.91%, 12, 0, 2, 1440.49
1639595018, 3, 391, 806, 461, 0, 0.91%, 12, 0, 2, 1408.94
1639595023, 3, 407, 806, 457, 0, 0.91%, 12, 0, 2, 1381.00
1639595029, 3, 442, 806, 451, 0, 0.91%, 12, 0, 2, 1392.81
