# unix_time, cycles_done, cur_path, paths_total, pending_total, pending_favs, map_size, unique_crashes, unique_hangs, max_depth, execs_per_sec
1639601467, 0, 0, 904, 904, 97, 0.93%, 0, 0, 1, 1033.59
1639601472, 0, 95, 904, 889, 83, 0.93%, 2, 0, 1, 1375.53
1639601477, 0, 216, 904, 876, 71, 0.93%, 4, 0, 1, 1395.22
1639601482, 0, 335, 904, 864, 60, 0.93%, 5, 0, 1, 1407.87
1639601487, 0, 489, 904, 854, 50, 0.93%, 5, 0, 1, 1527.03
1639601492, 0, 562, 904, 845, 41, 0.93%, 5, 0, 1, 1372.43
1639601497, 0, 659, 904, 835, 31, 0.93%, 5, 0, 1, 1326.01
1639601502, 0, 728, 904, 824, 20, 0.93%, 5, 0, 1, 1333.68
1639601508, 0, 769, 904, 818, 16, 0.93%, 5, 0, 1, 1311.62
1639601513, 0, 833, 904, 811, 10, 0.93%, 7, 0, 1, 1298.00
1639601518, 0, 877, 904, 802, 1, 0.93%, 7, 0, 1, 1310.06
1639601523, 1, 27, 904, 797, 0, 0.93%, 7, 0, 1, 1308.55
1639601528, 1, 51, 905, 793, 0, 0.93%, 8, 0, 2, 1370.81
1639601533, 1, 93, 905, 785, 0, 0.93%, 8, 0, 2, 1385.56
1639601538, 1, 136, 905, 779, 0, 0.93%, 9, 0, 2, 1341.35
1639601543, 1, 155, 905, 772, 0, 0.93%, 9, 0, 2, 1229.07
1639601548, 1, 178, 905, 764, 0, 0.93%, 10, 0, 2, 1154.12
1639601553, 1, 207, 905, 757, 0, 0.93%, 11, 0, 2, 1124.44
1639601558, 1, 216, 907, 756, 0, 0.93%, 11, 0, 2, 1172.12
1639601563, 1, 260, 907, 750, 0, 0.93%, 11, 0, 2, 1276.21
1639601569, 1, 290, 907, 745, 0, 0.93%, 11, 0, 2, 601.54
1639601574, 1, 305, 907, 743, 0, 0.93%, 11, 0, 2, 1181.47
1639601579, 1, 364, 907, 734, 0, 0.93%, 11, 0, 2, 1252.66
1639601584, 1, 399, 907, 727, 0, 0.93%, 11, 0, 2, 1360.88
1639601589, 1, 429, 909, 723, 0, 0.93%, 11, 0, 2, 1294.66
1639601594, 1, 466, 909, 718, 0, 0.93%, 12, 0, 2, 1396.47
1639601599, 1, 487, 909, 711, 0, 0.93%, 12, 0, 2, 1371.91
1639601604, 1, 520, 909, 706, 0, 0.93%, 12, 0, 2, 1342.85
1639601609, 1, 551, 909, 700, 0, 0.93%, 12, 0, 2, 1369.21
1639601615, 1, 568, 909, 697, 0, 0.93%, 12, 0, 2, 1353.00
1639601620, 1, 586, 909, 691, 0, 0.93%, 12, 0, 2, 1302.29
1639601625, 1, 605, 909, 683, 0, 0.93%, 12, 0, 2, 1363.21
1639601630, 1, 627, 909, 676, 0, 0.93%, 13, 0, 2, 1378.41
1639601635, 1, 651, 909, 670, 0, 0.93%, 13, 0, 2, 1376.43
1639601640, 1, 672, 909, 665, 0, 0.93%, 13, 0, 2, 1400.68
1639601645, 1, 702, 909, 658, 0, 0.93%, 13, 0, 2, 1380.19
1639601651, 1, 726, 909, 651, 0, 0.93%, 13, 0, 2, 1377.92
1639601656, 1, 750, 909, 646, 0, 0.93%, 13, 0, 2, 1261.52
1639601661, 1, 766, 909, 641, 0, 0.93%, 14, 0, 2, 1316.99
1639601666, 1, 787, 909, 635, 0, 0.93%, 15, 0, 2, 1343.86
1639601671, 1, 827, 909, 627, 0, 0.93%, 15, 0, 2, 1368.89
1639601676, 1, 853, 909, 626, 0, 0.93%, 15, 0, 2, 1199.43
1639601681, 1, 867, 909, 620, 0, 0.93%, 15, 0, 2, 1285.49
1639601686, 1, 891, 909, 615, 0, 0.93%, 15, 0, 2, 1365.66
1639601691, 2, 33, 909, 611, 0, 0.93%, 15, 0, 2, 1365.07
1639601697, 2, 78, 909, 604, 0, 0.93%, 15, 0, 2, 1334.51
1639601702, 2, 112, 909, 599, 0, 0.93%, 15, 0, 2, 1267.68
1639601707, 2, 130, 909, 593, 0, 0.93%, 15, 0, 2, 1276.56
1639601712, 2, 183, 909, 586, 0, 0.93%, 15, 0, 2, 1277.46
1639601717, 2, 216, 909, 580, 0, 0.93%, 16, 0, 2, 1273.19
1639601722, 2, 249, 909, 576, 0, 0.93%, 16, 0, 2, 1188.61
1639601727, 2, 282, 909, 570, 0, 0.93%, 16, 0, 2, 1200.65
1639601732, 2, 327, 909, 565, 0, 0.93%, 16, 0, 2, 1278.36
1639601737, 2, 359, 909, 558, 0, 0.93%, 17, 0, 2, 1357.09
1639601742, 2, 387, 909, 553, 0, 0.93%, 17, 0, 2, 1427.24
1639601747, 2, 420, 910, 549, 0, 0.93%, 17, 0, 2, 1423.42
1639601752, 2, 451, 910, 545, 0, 0.93%, 18, 0, 2, 1424.07
1639601757, 2, 481, 910, 539, 0, 0.93%, 18, 0, 2, 1419.38
