# unix_time, cycles_done, cur_path, paths_total, pending_total, pending_favs, map_size, unique_crashes, unique_hangs, max_depth, execs_per_sec
1639526349, 0, 0, 942, 942, 96, 0.96%, 0, 0, 1, 1292.18
1639526355, 0, 81, 942, 934, 89, 0.96%, 2, 0, 1, 1393.75
1639526360, 0, 148, 942, 925, 80, 0.96%, 5, 0, 1, 1412.40
1639526365, 0, 252, 942, 916, 72, 0.96%, 9, 0, 1, 1417.04
1639526370, 0, 332, 942, 909, 66, 0.96%, 10, 0, 1, 1394.86
1639526375, 0, 384, 942, 901, 59, 0.96%, 10, 0, 1, 1412.24
1639526380, 0, 471, 942, 889, 48, 0.96%, 10, 0, 1, 1438.80
1639526385, 0, 585, 942, 878, 38, 0.96%, 11, 0, 1, 1438.20
1639526390, 0, 660, 942, 871, 31, 0.96%, 13, 0, 1, 1438.16
1639526395, 0, 715, 942, 864, 24, 0.96%, 13, 0, 1, 1436.00
1639526401, 0, 816, 942, 854, 16, 0.96%, 14, 0, 1, 1408.90
1639526406, 0, 868, 943, 847, 10, 0.96%, 14, 0, 2, 1427.71
1639526411, 1, 6, 943, 836, 0, 0.96%, 15, 0, 2, 1415.27
1639526416, 1, 30, 943, 830, 0, 0.96%, 15, 0, 2, 1280.67
1639526421, 1, 45, 943, 825, 0, 0.96%, 16, 0, 2, 1394.12
1639526426, 1, 81, 943, 819, 0, 0.96%, 17, 0, 2, 1423.02
1639526431, 1, 99, 943, 814, 0, 0.96%, 18, 0, 2, 1390.44
1639526436, 1, 137, 943, 809, 0, 0.96%, 18, 0, 2, 1420.96
1639526441, 1, 173, 943, 802, 0, 0.96%, 18, 0, 2, 1436.70
1639526446, 1, 199, 943, 797, 0, 0.96%, 19, 0, 2, 1406.31
1639526452, 1, 228, 943, 788, 0, 0.96%, 19, 0, 2, 1397.80
1639526457, 1, 256, 943, 782, 0, 0.96%, 19, 0, 2, 1371.45
1639526462, 1, 291, 943, 776, 0, 0.96%, 20, 0, 2, 1398.70
1639526467, 1, 318, 943, 770, 0, 0.96%, 20, 0, 2, 1415.06
1639526472, 1, 340, 943, 763, 0, 0.96%, 20, 0, 2, 1407.35
1639526477, 1, 369, 943, 758, 0, 0.96%, 20, 0, 2, 1417.54
1639526482, 1, 397, 943, 753, 0, 0.96%, 20, 0, 2, 1425.90
1639526487, 1, 416, 943, 748, 0, 0.96%, 20, 0, 2, 1423.54
1639526492, 1, 453, 943, 741, 0, 0.96%, 20, 0, 2, 1380.39
1639526498, 1, 501, 943, 734, 0, 0.96%, 20, 0, 2, 1433.31
1639526503, 1, 532, 943, 729, 0, 0.96%, 20, 0, 2, 1416.12
1639526508, 1, 572, 943, 721, 0, 0.96%, 20, 0, 2, 1419.49
1639526513, 1, 597, 943, 714, 0, 0.96%, 20, 0, 2, 1429.29
1639526518, 1, 628, 943, 709, 0, 0.96%, 20, 0, 2, 1433.56
1639526523, 1, 662, 943, 704, 0, 0.96%, 20, 0, 2, 1395.91
1639526528, 1, 690, 943, 698, 0, 0.96%, 20, 0, 2, 1427.16
1639526533, 1, 715, 943, 694, 0, 0.96%, 21, 0, 2, 1439.69
1639526538, 1, 742, 943, 688, 0, 0.96%, 21, 0, 2, 1446.75
1639526543, 1, 761, 943, 680, 0, 0.96%, 21, 0, 2, 1435.18
1639526548, 1, 797, 943, 670, 0, 0.96%, 21, 0, 2, 1424.80
1639526554, 1, 827, 943, 665, 0, 0.96%, 21, 0, 2, 1426.74
1639526559, 1, 856, 943, 659, 0, 0.96%, 21, 0, 2, 1437.46
1639526564, 1, 891, 943, 656, 0, 0.96%, 21, 0, 2, 1442.17
1639526569, 1, 910, 943, 649, 0, 0.96%, 21, 0, 2, 1432.40
1639526574, 1, 926, 943, 642, 0, 0.96%, 23, 0, 2, 1391.72
1639526579, 2, 27, 943, 636, 0, 0.96%, 24, 0, 2, 1429.02
1639526584, 2, 45, 943, 632, 0, 0.96%, 25, 0, 2, 1405.39
1639526589, 2, 78, 943, 624, 0, 0.96%, 25, 0, 2, 1403.07
1639526594, 2, 120, 943, 620, 0, 0.96%, 25, 0, 2, 1414.70
1639526599, 2, 144, 943, 616, 0, 0.96%, 25, 0, 2, 1415.19
1639526604, 2, 177, 944, 611, 0, 0.96%, 25, 0, 2, 1430.43
1639526609, 2, 223, 944, 604, 0, 0.96%, 25, 0, 2, 1598.35
1639526615, 2, 253, 944, 597, 0, 0.96%, 26, 0, 2, 1436.98
1639526620, 2, 281, 944, 589, 0, 0.96%, 26, 0, 2, 1425.32
1639526625, 2, 314, 944, 583, 0, 0.96%, 26, 0, 2, 1415.44
1639526630, 2, 334, 944, 578, 0, 0.96%, 26, 0, 2, 1415.72
1639526635, 2, 354, 944, 574, 0, 0.96%, 26, 0, 2, 1424.70
1639526640, 2, 395, 944, 567, 0, 0.96%, 26, 0, 2, 1416.69
