# unix_time, cycles_done, cur_path, paths_total, pending_total, pending_favs, map_size, unique_crashes, unique_hangs, max_depth, execs_per_sec
1639525433, 0, 0, 938, 938, 110, 0.97%, 0, 0, 1, 1076.00
1639525438, 0, 97, 938, 928, 100, 0.97%, 1, 0, 1, 1269.57
1639525443, 0, 132, 938, 920, 92, 0.97%, 3, 0, 1, 1342.69
1639525448, 0, 228, 938, 910, 83, 0.97%, 3, 0, 1, 1367.35
1639525453, 0, 278, 938, 903, 77, 0.97%, 3, 0, 1, 1371.09
1639525458, 0, 338, 938, 894, 69, 0.97%, 3, 0, 1, 1350.41
1639525464, 0, 380, 938, 887, 62, 0.97%, 3, 0, 1, 1329.25
1639525469, 0, 499, 938, 875, 50, 0.97%, 3, 0, 1, 1287.59
1639525474, 0, 568, 938, 866, 45, 0.97%, 5, 0, 1, 1294.93
1639525479, 0, 620, 938, 858, 38, 0.97%, 6, 0, 1, 1388.50
1639525484, 0, 704, 938, 849, 29, 0.97%, 7, 0, 1, 1442.35
1639525489, 0, 798, 938, 838, 18, 0.97%, 7, 0, 1, 1441.11
1639525494, 0, 875, 938, 828, 8, 0.97%, 8, 0, 1, 1452.71
1639525500, 1, 3, 938, 820, 0, 0.97%, 8, 0, 1, 1433.05
1639525505, 1, 32, 938, 813, 0, 0.97%, 9, 0, 1, 1425.30
1639525510, 1, 59, 938, 807, 0, 0.97%, 9, 0, 1, 1403.90
1639525515, 1, 86, 938, 800, 0, 0.97%, 9, 0, 1, 1367.54
1639525520, 1, 107, 938, 796, 0, 0.97%, 11, 0, 1, 1368.26
1639525525, 1, 119, 938, 791, 0, 0.97%, 11, 0, 1, 1372.90
1639525530, 1, 132, 938, 785, 0, 0.97%, 11, 0, 1, 1381.03
1639525535, 1, 148, 939, 777, 0, 0.97%, 12, 0, 2, 1400.39
1639525541, 1, 181, 939, 771, 0, 0.97%, 12, 0, 2, 1402.14
1639525546, 1, 212, 939, 766, 0, 0.97%, 12, 0, 2, 1420.19
1639525551, 1, 248, 939, 760, 0, 0.97%, 12, 0, 2, 1414.34
1639525556, 1, 266, 939, 753, 0, 0.97%, 12, 0, 2, 1436.31
1639525561, 1, 292, 939, 749, 0, 0.97%, 13, 0, 2, 1425.94
1639525566, 1, 325, 939, 741, 0, 0.97%, 13, 0, 2, 1443.95
1639525571, 1, 351, 939, 738, 0, 0.97%, 13, 0, 2, 1451.97
1639525576, 1, 379, 939, 732, 0, 0.97%, 13, 0, 2, 1449.37
1639525581, 1, 401, 939, 726, 0, 0.97%, 14, 0, 2, 1459.63
1639525587, 1, 427, 939, 718, 0, 0.97%, 15, 0, 2, 1459.70
1639525592, 1, 472, 939, 713, 0, 0.97%, 15, 0, 2, 1444.16
1639525597, 1, 512, 939, 705, 0, 0.97%, 15, 0, 2, 1453.22
1639525602, 1, 529, 939, 699, 0, 0.97%, 15, 0, 2, 1450.57
1639525607, 1, 565, 939, 692, 0, 0.97%, 15, 0, 2, 1443.11
1639525612, 1, 580, 939, 687, 0, 0.97%, 15, 0, 2, 1408.87
1639525617, 1, 606, 939, 682, 0, 0.97%, 16, 0, 2, 1409.86
1639525622, 1, 624, 939, 678, 0, 0.97%, 16, 0, 2, 1372.31
1639525627, 1, 644, 939, 672, 0, 0.97%, 16, 0, 2, 1383.15
1639525632, 1, 659, 939, 664, 0, 0.97%, 16, 0, 2, 1416.82
1639525638, 1, 685, 940, 659, 0, 0.97%, 16, 0, 2, 1413.40
1639525643, 1, 714, 940, 652, 0, 0.97%, 16, 0, 2, 1407.63
1639525648, 1, 761, 940, 647, 0, 0.97%, 16, 0, 2, 1437.28
1639525653, 1, 784, 940, 641, 0, 0.97%, 16, 0, 2, 1438.93
1639525658, 1, 804, 940, 636, 0, 0.97%, 16, 0, 2, 1451.26
1639525663, 1, 838, 940, 630, 0, 0.97%, 16, 0, 2, 1449.20
1639525668, 1, 872, 940, 624, 0, 0.97%, 16, 0, 2, 1458.72
1639525673, 1, 895, 940, 619, 0, 0.97%, 16, 0, 2, 1454.69
1639525678, 1, 934, 940, 615, 0, 0.97%, 16, 0, 2, 1437.96
1639525683, 2, 62, 940, 609, 0, 0.97%, 16, 0, 2, 1442.88
1639525688, 2, 98, 940, 603, 0, 0.97%, 17, 0, 2, 1442.88
1639525693, 2, 120, 940, 600, 0, 0.97%, 17, 0, 2, 1454.50
1639525698, 2, 153, 940, 597, 0, 0.97%, 17, 0, 2, 1449.09
1639525703, 2, 191, 940, 591, 0, 0.97%, 18, 0, 2, 1776.20
1639525708, 2, 232, 940, 585, 0, 0.97%, 18, 0, 2, 1474.42
1639525714, 2, 260, 940, 581, 0, 0.97%, 18, 0, 2, 1426.75
1639525719, 2, 298, 940, 576, 0, 0.97%, 19, 0, 2, 1404.78
1639525724, 2, 321, 940, 571, 0, 0.97%, 19, 0, 2, 1403.82
