# unix_time, cycles_done, cur_path, paths_total, pending_total, pending_favs, map_size, unique_crashes, unique_hangs, max_depth, execs_per_sec
1639524822, 0, 0, 935, 935, 106, 0.96%, 0, 0, 1, 924.71
1639524827, 0, 41, 935, 928, 99, 0.96%, 0, 0, 1, 1198.38
1639524833, 0, 94, 935, 920, 92, 0.96%, 1, 0, 1, 1322.61
1639524838, 0, 147, 935, 911, 83, 0.96%, 8, 0, 1, 1308.95
1639524843, 0, 236, 935, 900, 74, 0.96%, 10, 0, 1, 1330.36
1639524848, 0, 300, 936, 895, 68, 0.96%, 11, 0, 2, 1339.56
1639524853, 0, 315, 936, 889, 62, 0.96%, 11, 0, 2, 1362.65
1639524858, 0, 383, 936, 879, 53, 0.96%, 11, 0, 2, 1380.57
1639524863, 0, 477, 936, 870, 45, 0.96%, 11, 0, 2, 1387.52
1639524868, 0, 548, 936, 863, 40, 0.96%, 11, 0, 2, 1343.15
1639524873, 0, 622, 936, 855, 33, 0.96%, 11, 0, 2, 1374.34
1639524878, 0, 685, 936, 848, 26, 0.96%, 11, 0, 2, 1385.70
1639524883, 0, 772, 936, 840, 18, 0.96%, 11, 0, 2, 1381.34
1639524888, 0, 857, 936, 830, 9, 0.96%, 12, 0, 2, 1370.70
1639524894, 1, 9, 936, 821, 0, 0.96%, 12, 0, 2, 1381.56
1639524899, 1, 33, 936, 816, 0, 0.96%, 12, 0, 2, 1378.49
1639524904, 1, 44, 936, 813, 0, 0.96%, 12, 0, 2, 1431.06
1639524909, 1, 86, 936, 808, 0, 0.96%, 12, 0, 2, 1440.59
1639524914, 1, 121, 936, 803, 0, 0.96%, 13, 0, 2, 1434.13
1639524919, 1, 143, 936, 797, 0, 0.96%, 13, 0, 2, 1393.30
1639524924, 1, 158, 936, 794, 0, 0.96%, 13, 0, 2, 1439.51
1639524929, 1, 180, 936, 788, 0, 0.96%, 13, 0, 2, 1393.64
1639524934, 1, 202, 936, 781, 0, 0.96%, 13, 0, 2, 1334.78
1639524940, 1, 224, 936, 776, 0, 0.96%, 13, 0, 2, 1289.41
1639524945, 1, 247, 936, 771, 0, 0.96%, 13, 0, 2, 1189.30
1639524950, 1, 259, 936, 768, 0, 0.96%, 13, 0, 2, 1113.82
1639524955, 1, 276, 936, 765, 0, 0.96%, 13, 0, 2, 1079.45
1639524960, 1, 298, 936, 759, 0, 0.96%, 13, 0, 2, 1044.04
1639524965, 1, 308, 936, 757, 0, 0.96%, 13, 0, 2, 1083.28
1639524970, 1, 320, 936, 754, 0, 0.96%, 13, 0, 2, 1164.91
1639524975, 1, 347, 936, 751, 0, 0.96%, 13, 0, 2, 1161.60
1639524980, 1, 370, 936, 745, 0, 0.96%, 13, 0, 2, 1226.92
1639524985, 1, 395, 936, 741, 0, 0.96%, 15, 0, 2, 1221.00
1639524990, 1, 427, 936, 732, 0, 0.96%, 15, 0, 2, 1212.50
1639524995, 1, 451, 936, 725, 0, 0.96%, 15, 0, 2, 1279.62
1639525000, 1, 465, 936, 720, 0, 0.96%, 15, 0, 2, 1319.87
1639525005, 1, 478, 936, 717, 0, 0.96%, 15, 0, 2, 1381.69
1639525010, 1, 498, 936, 711, 0, 0.96%, 15, 0, 2, 1398.93
1639525016, 1, 548, 936, 704, 0, 0.96%, 15, 0, 2, 1399.14
1639525021, 1, 568, 936, 700, 0, 0.96%, 15, 0, 2, 1389.19
1639525026, 1, 604, 936, 693, 0, 0.96%, 15, 0, 2, 1406.37
1639525031, 1, 637, 936, 686, 0, 0.96%, 15, 0, 2, 1393.57
1639525036, 1, 652, 936, 682, 0, 0.96%, 15, 0, 2, 1398.38
1639525041, 1, 676, 936, 676, 0, 0.96%, 15, 0, 2, 1382.35
1639525046, 1, 688, 936, 674, 0, 0.96%, 16, 0, 2, 1330.93
1639525051, 1, 718, 936, 666, 0, 0.96%, 16, 0, 2, 1314.31
1639525056, 1, 738, 936, 660, 0, 0.96%, 16, 0, 2, 1355.71
1639525062, 1, 756, 936, 656, 0, 0.96%, 16, 0, 2, 1379.86
1639525067, 1, 785, 936, 651, 0, 0.96%, 17, 0, 2, 1379.31
1639525072, 1, 817, 936, 643, 0, 0.96%, 17, 0, 2, 1386.56
1639525077, 1, 849, 936, 635, 0, 0.96%, 17, 0, 2, 1399.32
1639525082, 1, 861, 936, 631, 0, 0.96%, 17, 0, 2, 1385.27
1639525087, 1, 889, 936, 627, 0, 0.96%, 17, 0, 2, 1414.30
1639525092, 1, 916, 936, 620, 0, 0.96%, 17, 0, 2, 1409.00
1639525097, 2, 8, 936, 613, 0, 0.96%, 19, 0, 2, 1382.23
1639525103, 2, 38, 936, 607, 0, 0.96%, 20, 0, 2, 1905.00
1639525108, 2, 54, 936, 606, 0, 0.96%, 20, 0, 2, 1491.47
1639525113, 2, 88, 937, 600, 0, 0.96%, 20, 0, 2, 1403.93
