# unix_time, cycles_done, cur_path, paths_total, pending_total, pending_favs, map_size, unique_crashes, unique_hangs, max_depth, execs_per_sec
1639601770, 0, 0, 479, 479, 85, 0.70%, 0, 0, 1, 940.60
1639601776, 0, 25, 479, 473, 79, 0.70%, 10, 0, 1, 1051.78
1639601781, 0, 60, 479, 465, 71, 0.70%, 10, 0, 1, 1096.88
1639601786, 0, 119, 479, 455, 62, 0.70%, 16, 0, 1, 1329.21
1639601791, 0, 149, 479, 449, 56, 0.70%, 16, 0, 1, 1174.26
1639601796, 0, 185, 479, 441, 50, 0.70%, 16, 0, 1, 1136.04
1639601801, 0, 204, 479, 436, 46, 0.70%, 17, 0, 1, 1088.88
1639601806, 0, 256, 479, 428, 38, 0.70%, 17, 0, 1, 1105.58
1639601811, 0, 283, 479, 422, 33, 0.70%, 17, 0, 1, 1103.70
1639601816, 0, 324, 480, 417, 27, 0.70%, 17, 0, 2, 1099.46
1639601821, 0, 362, 480, 410, 20, 0.70%, 18, 0, 2, 1104.78
1639601826, 0, 416, 480, 402, 12, 0.70%, 19, 0, 2, 1089.99
1639601832, 0, 450, 481, 397, 6, 0.70%, 20, 0, 2, 1112.49
1639601837, 1, 9, 482, 391, 0, 0.70%, 21, 0, 2, 1126.32
1639601842, 1, 25, 482, 387, 0, 0.70%, 21, 0, 2, 1146.31
1639601847, 1, 48, 482, 385, 0, 0.70%, 21, 0, 2, 1138.88
1639601852, 1, 66, 482, 379, 0, 0.70%, 21, 0, 2, 1162.17
1639601857, 1, 85, 482, 375, 0, 0.70%, 21, 0, 2, 1036.31
1639601862, 1, 102, 482, 373, 0, 0.70%, 22, 0, 2, 1027.07
1639601867, 1, 129, 482, 368, 0, 0.70%, 22, 0, 2, 1093.17
1639601873, 1, 151, 482, 367, 0, 0.70%, 22, 0, 2, 1165.79
1639601878, 1, 172, 482, 364, 0, 0.70%, 22, 0, 2, 1147.15
1639601883, 1, 191, 482, 359, 0, 0.70%, 23, 0, 2, 1099.73
1639601888, 1, 207, 482, 356, 0, 0.70%, 23, 0, 2, 1097.83
1639601893, 1, 228, 482, 351, 0, 0.70%, 23, 0, 2, 1083.49
1639601898, 1, 247, 482, 348, 0, 0.70%, 23, 0, 2, 1100.21
1639601903, 1, 259, 482, 344, 0, 0.70%, 23, 0, 2, 1030.84
1639601908, 1, 285, 482, 341, 0, 0.70%, 24, 0, 2, 1094.72
1639601913, 1, 297, 482, 336, 0, 0.70%, 24, 0, 2, 1072.38
1639601918, 1, 324, 482, 330, 0, 0.70%, 24, 0, 2, 1084.58
1639601923, 1, 342, 482, 328, 0, 0.70%, 24, 0, 2, 984.46
1639601929, 1, 362, 482, 324, 0, 0.70%, 24, 0, 2, 1104.92
1639601934, 1, 381, 482, 320, 0, 0.70%, 24, 0, 2, 1123.90
1639601939, 1, 401, 482, 314, 0, 0.70%, 24, 0, 2, 1117.17
1639601944, 1, 427, 482, 311, 0, 0.70%, 24, 0, 2, 1063.64
1639601949, 1, 441, 482, 307, 0, 0.70%, 24, 0, 2, 1088.41
1639601954, 1, 459, 482, 304, 0, 0.70%, 25, 0, 2, 1048.76
1639601959, 1, 473, 482, 300, 0, 0.70%, 26, 0, 2, 1023.32
1639601964, 2, 25, 482, 299, 0, 0.70%, 26, 0, 2, 1067.47
1639601969, 2, 46, 482, 297, 0, 0.70%, 26, 0, 2, 1113.09
1639601974, 2, 69, 482, 296, 0, 0.70%, 26, 0, 2, 1110.81
1639601979, 2, 99, 482, 292, 0, 0.70%, 27, 0, 2, 1064.62
1639601984, 2, 134, 482, 290, 0, 0.70%, 27, 0, 2, 1095.20
1639601989, 2, 149, 482, 287, 0, 0.70%, 27, 0, 2, 1133.85
1639601994, 2, 176, 482, 284, 0, 0.70%, 27, 0, 2, 1166.70
1639601999, 2, 199, 482, 281, 0, 0.70%, 27, 0, 2, 1172.00
1639602004, 2, 228, 482, 277, 0, 0.70%, 27, 0, 2, 1174.71
1639602009, 2, 242, 482, 276, 0, 0.70%, 27, 0, 2, 1112.85
1639602015, 2, 281, 482, 272, 0, 0.70%, 27, 0, 2, 1170.17
1639602020, 2, 299, 482, 271, 0, 0.70%, 27, 0, 2, 1151.73
1639602025, 2, 314, 483, 268, 0, 0.70%, 28, 0, 2, 1136.19
1639602030, 2, 326, 483, 263, 0, 0.70%, 28, 0, 2, 1112.21
1639602035, 2, 353, 483, 260, 0, 0.70%, 28, 0, 2, 1115.64
1639602040, 2, 377, 483, 258, 0, 0.70%, 28, 0, 2, 1100.60
1639602045, 2, 407, 483, 253, 0, 0.70%, 28, 0, 2, 1089.77
1639602050, 2, 436, 483, 250, 0, 0.70%, 29, 0, 2, 1129.52
1639602055, 2, 450, 484, 246, 0, 0.70%, 29, 0, 2, 1159.77
1639602060, 2, 483, 485, 247, 1, 0.71%, 30, 0, 3, 1094.49
1639602065, 3, 16, 485, 245, 0, 0.71%, 30, 0, 3, 1091.43
