# unix_time, cycles_done, cur_path, paths_total, pending_total, pending_favs, map_size, unique_crashes, unique_hangs, max_depth, execs_per_sec
1639526607, 0, 0, 1, 1, 1, 0.12%, 0, 0, 1, 1600.00
1639526612, 0, 0, 76, 76, 1, 0.46%, 1, 0, 2, 1454.64
1639526617, 0, 14, 108, 104, 37, 0.50%, 2, 0, 3, 1437.48
1639526622, 0, 16, 122, 116, 38, 0.50%, 2, 0, 3, 1438.63
1639526627, 0, 31, 140, 124, 28, 0.50%, 2, 0, 3, 1451.97
1639526633, 0, 46, 154, 131, 22, 0.51%, 3, 0, 3, 1437.19
1639526638, 0, 71, 161, 130, 16, 0.52%, 4, 0, 3, 1432.47
1639526643, 0, 97, 168, 133, 11, 0.52%, 4, 0, 4, 1353.20
1639526648, 0, 154, 179, 137, 8, 0.53%, 4, 0, 4, 2216.10
1639526653, 0, 169, 190, 145, 6, 0.56%, 4, 0, 5, 1639.21
1639526658, 0, 171, 195, 149, 12, 0.57%, 4, 0, 5, 1354.25
1639526663, 0, 172, 199, 152, 14, 0.57%, 4, 0, 5, 1256.50
1639526668, 0, 180, 204, 154, 12, 0.59%, 5, 0, 6, 1386.93
1639526673, 0, 186, 206, 152, 10, 0.59%, 5, 0, 6, 1428.54
1639526678, 0, 197, 210, 151, 7, 0.59%, 5, 0, 6, 1444.45
1639526683, 0, 207, 213, 149, 4, 0.61%, 6, 0, 7, 1453.80
1639526688, 0, 211, 221, 155, 5, 0.63%, 6, 0, 8, 1470.27
1639526693, 0, 212, 222, 155, 7, 0.63%, 6, 0, 8, 1439.58
1639526699, 0, 217, 226, 155, 4, 0.63%, 6, 0, 9, 1435.94
1639526704, 0, 222, 228, 155, 2, 0.63%, 6, 0, 9, 1441.78
1639526709, 1, 55, 229, 152, 0, 0.63%, 6, 0, 9, 1441.99
1639526714, 1, 81, 233, 150, 0, 0.63%, 6, 0, 9, 1442.15
1639526719, 1, 133, 235, 148, 0, 0.63%, 6, 0, 9, 1428.39
1639526724, 1, 243, 244, 156, 1, 0.63%, 6, 0, 9, 1398.84
1639526729, 2, 15, 245, 154, 0, 0.63%, 6, 0, 9, 1409.03
1639526734, 2, 41, 245, 151, 0, 0.63%, 6, 0, 9, 1420.90
1639526739, 2, 160, 246, 150, 1, 0.63%, 6, 0, 9, 1444.89
1639526744, 2, 235, 255, 158, 3, 0.64%, 6, 0, 9, 1436.20
1639526749, 2, 247, 261, 163, 3, 0.64%, 6, 0, 9, 1435.02
1639526754, 2, 248, 267, 168, 3, 0.64%, 6, 0, 9, 1449.64
1639526759, 2, 250, 269, 169, 4, 0.64%, 6, 0, 9, 1455.14
1639526764, 2, 258, 271, 170, 3, 0.64%, 6, 0, 9, 1399.27
1639526769, 2, 265, 274, 171, 1, 0.64%, 6, 0, 9, 1400.94
1639526775, 2, 271, 274, 170, 1, 0.64%, 7, 0, 9, 1448.61
1639526780, 2, 273, 274, 169, 0, 0.64%, 7, 0, 9, 1433.12
1639526785, 3, 24, 276, 168, 0, 0.64%, 7, 0, 9, 1442.42
1639526790, 3, 55, 278, 168, 0, 0.64%, 7, 0, 9, 1448.85
1639526795, 3, 79, 279, 165, 0, 0.64%, 7, 0, 9, 1435.01
1639526800, 3, 113, 279, 160, 0, 0.64%, 7, 0, 9, 1430.34
1639526805, 3, 154, 279, 155, 0, 0.64%, 7, 0, 9, 1435.54
1639526810, 3, 173, 279, 153, 0, 0.64%, 8, 0, 9, 1442.09
1639526815, 3, 180, 279, 150, 0, 0.64%, 8, 0, 9, 1437.11
1639526820, 3, 192, 280, 150, 0, 0.64%, 8, 0, 9, 1450.38
1639526825, 3, 203, 280, 148, 0, 0.64%, 8, 0, 9, 1438.53
1639526830, 3, 212, 280, 147, 0, 0.64%, 8, 0, 9, 1407.65
1639526836, 3, 217, 282, 148, 0, 0.64%, 8, 0, 9, 1420.05
1639526841, 3, 221, 285, 151, 0, 0.65%, 8, 0, 9, 1451.59
1639526846, 3, 284, 287, 151, 2, 0.65%, 8, 0, 9, 1442.85
1639526851, 3, 286, 288, 151, 2, 0.65%, 8, 0, 10, 1455.62
1639526856, 4, 3, 288, 149, 0, 0.65%, 8, 0, 10, 1441.50
1639526861, 4, 41, 288, 147, 0, 0.65%, 9, 0, 10, 1442.53
1639526866, 4, 70, 288, 146, 0, 0.65%, 9, 0, 10, 1440.72
1639526871, 4, 97, 288, 142, 0, 0.65%, 9, 0, 10, 1432.83
1639526876, 4, 131, 288, 138, 0, 0.65%, 9, 0, 10, 1422.38
1639526881, 4, 151, 289, 135, 0, 0.65%, 9, 0, 10, 1438.19
1639526886, 4, 288, 292, 136, 1, 0.65%, 9, 0, 10, 1438.18
1639526896, 4, 289, 293, 136, 1, 0.65%, 9, 0, 10, 1416.63
1639526901, 4, 290, 295, 137, 0, 0.65%, 9, 0, 10, 1445.82
