# unix_time, cycles_done, cur_path, paths_total, pending_total, pending_favs, map_size, unique_crashes, unique_hangs, max_depth, execs_per_sec
1639516546, 0, 0, 841, 841, 99, 0.92%, 0, 0, 1, 1172.33
1639516551, 0, 83, 841, 832, 91, 0.92%, 2, 0, 1, 1337.88
1639516556, 0, 203, 841, 820, 79, 0.92%, 3, 0, 1, 1413.65
1639516561, 0, 273, 841, 813, 75, 0.92%, 5, 0, 1, 1452.54
1639516566, 0, 360, 841, 802, 64, 0.92%, 5, 0, 1, 1457.84
1639516571, 0, 428, 841, 795, 58, 0.92%, 10, 0, 1, 1455.98
1639516576, 0, 497, 841, 785, 49, 0.92%, 10, 0, 1, 1448.82
1639516581, 0, 558, 841, 777, 41, 0.92%, 10, 0, 1, 1455.60
1639516587, 0, 613, 841, 770, 35, 0.92%, 11, 0, 1, 1450.61
1639516592, 0, 659, 841, 760, 25, 0.92%, 11, 0, 1, 1470.34
1639516597, 0, 721, 841, 749, 15, 0.92%, 12, 0, 1, 1465.10
1639516602, 0, 792, 841, 739, 5, 0.92%, 12, 0, 1, 1463.61
1639516607, 1, 25, 841, 730, 0, 0.92%, 13, 0, 1, 1458.20
1639516612, 1, 54, 841, 725, 0, 0.92%, 13, 0, 1, 1458.14
1639516617, 1, 93, 841, 718, 0, 0.92%, 14, 0, 1, 1440.96
1639516622, 1, 143, 841, 712, 0, 0.92%, 14, 0, 1, 1431.36
1639516627, 1, 179, 841, 702, 0, 0.92%, 14, 0, 1, 1413.88
1639516632, 1, 198, 841, 696, 0, 0.92%, 14, 0, 1, 1413.46
1639516637, 1, 240, 841, 687, 0, 0.92%, 14, 0, 1, 1405.85
1639516643, 1, 258, 841, 680, 0, 0.92%, 14, 0, 1, 1419.17
1639516648, 1, 287, 841, 674, 0, 0.92%, 14, 0, 1, 1427.65
1639516653, 1, 329, 841, 667, 0, 0.92%, 14, 0, 1, 1417.59
1639516658, 1, 358, 841, 659, 0, 0.92%, 15, 0, 1, 1656.39
1639516663, 1, 387, 841, 654, 0, 0.92%, 15, 0, 1, 1451.55
1639516668, 1, 411, 841, 646, 0, 0.92%, 15, 0, 1, 1403.80
1639516673, 1, 458, 841, 643, 0, 0.92%, 15, 0, 1, 1444.01
1639516678, 1, 489, 841, 635, 0, 0.92%, 15, 0, 1, 1467.11
1639516684, 1, 514, 841, 628, 0, 0.92%, 15, 0, 1, 1455.91
1639516689, 1, 534, 841, 623, 0, 0.92%, 15, 0, 1, 1448.84
1639516694, 1, 558, 841, 619, 0, 0.92%, 15, 0, 1, 1423.74
1639516699, 1, 583, 841, 613, 0, 0.92%, 15, 0, 1, 1416.00
1639516704, 1, 607, 841, 607, 0, 0.92%, 15, 0, 1, 1448.14
1639516709, 1, 631, 841, 602, 0, 0.92%, 16, 0, 1, 1464.38
1639516714, 1, 652, 841, 597, 0, 0.92%, 16, 0, 1, 1455.11
1639516719, 1, 673, 841, 590, 0, 0.92%, 16, 0, 1, 1465.55
1639516724, 1, 688, 841, 587, 0, 0.92%, 16, 0, 1, 1444.92
1639516729, 1, 707, 841, 580, 0, 0.92%, 16, 0, 1, 1437.04
1639516734, 1, 724, 841, 573, 0, 0.92%, 16, 0, 1, 1447.21
1639516739, 1, 766, 841, 568, 0, 0.92%, 16, 0, 1, 1463.92
1639516745, 1, 781, 841, 561, 0, 0.92%, 16, 0, 1, 1431.66
1639516750, 1, 799, 841, 555, 0, 0.92%, 16, 0, 1, 1408.64
1639516755, 1, 816, 841, 549, 0, 0.92%, 17, 0, 1, 1408.73
1639516760, 2, 12, 841, 539, 0, 0.92%, 17, 0, 1, 1436.83
1639516765, 2, 45, 841, 533, 0, 0.92%, 17, 0, 1, 1450.46
1639516770, 2, 58, 841, 529, 0, 0.92%, 17, 0, 1, 1439.01
1639516775, 2, 83, 841, 521, 0, 0.92%, 17, 0, 1, 1450.63
1639516780, 2, 115, 841, 516, 0, 0.92%, 17, 0, 1, 1429.74
1639516785, 2, 133, 841, 508, 0, 0.92%, 17, 0, 1, 1412.59
1639516790, 2, 178, 841, 501, 0, 0.92%, 17, 0, 1, 1432.41
1639516795, 2, 230, 841, 494, 0, 0.92%, 17, 0, 1, 1448.82
1639516800, 2, 253, 841, 489, 0, 0.92%, 17, 0, 1, 1459.78
1639516805, 2, 288, 841, 484, 0, 0.92%, 17, 0, 1, 1456.30
1639516810, 2, 331, 841, 477, 0, 0.92%, 17, 0, 1, 1438.56
1639516816, 2, 360, 841, 472, 0, 0.92%, 17, 0, 1, 1442.33
1639516821, 2, 376, 841, 468, 0, 0.92%, 17, 0, 1, 1436.37
1639516826, 2, 411, 841, 462, 0, 0.92%, 17, 0, 1, 1452.72
1639516831, 2, 440, 841, 457, 0, 0.92%, 18, 0, 1, 1444.36
1639516836, 2, 468, 841, 453, 0, 0.92%, 18, 0, 1, 1433.49
