# unix_time, cycles_done, cur_path, paths_total, pending_total, pending_favs, map_size, unique_crashes, unique_hangs, max_depth, execs_per_sec
1639485771, 0, 0, 855, 855, 94, 0.92%, 0, 0, 1, 1251.37
1639485776, 0, 78, 855, 845, 86, 0.92%, 3, 0, 1, 1386.04
1639485781, 0, 199, 855, 830, 73, 0.92%, 3, 0, 1, 1704.85
1639485786, 0, 250, 855, 819, 62, 0.92%, 5, 0, 1, 1459.05
1639485791, 0, 303, 855, 807, 51, 0.92%, 6, 0, 1, 1417.41
1639485796, 0, 350, 855, 800, 46, 0.92%, 7, 0, 1, 1399.71
1639485801, 0, 481, 855, 790, 37, 0.92%, 8, 0, 1, 1390.20
1639485807, 0, 567, 855, 782, 29, 0.92%, 8, 0, 1, 1398.85
1639485812, 0, 645, 855, 773, 21, 0.92%, 8, 0, 1, 1403.43
1639485817, 0, 738, 855, 764, 12, 0.92%, 8, 0, 1, 1432.86
1639485822, 0, 785, 855, 756, 5, 0.92%, 8, 0, 1, 1421.28
1639485827, 1, 0, 855, 750, 0, 0.92%, 8, 0, 1, 1394.75
1639485833, 1, 41, 855, 741, 0, 0.92%, 9, 0, 1, 1414.01
1639485838, 1, 80, 855, 736, 0, 0.92%, 9, 0, 1, 1380.49
1639485843, 1, 100, 855, 731, 0, 0.92%, 9, 0, 1, 1417.19
1639485848, 1, 143, 855, 724, 0, 0.92%, 10, 0, 1, 1391.34
1639485853, 1, 168, 855, 718, 0, 0.92%, 10, 0, 1, 1379.41
1639485858, 1, 193, 855, 709, 0, 0.92%, 10, 0, 1, 1362.48
1639485863, 1, 222, 855, 703, 0, 0.92%, 10, 0, 1, 1404.07
1639485868, 1, 242, 855, 698, 0, 0.92%, 11, 0, 1, 1351.12
1639485874, 1, 274, 855, 693, 0, 0.92%, 11, 0, 1, 1382.34
1639485879, 1, 292, 855, 688, 0, 0.92%, 11, 0, 1, 1363.63
1639485884, 1, 308, 855, 682, 0, 0.92%, 11, 0, 1, 1365.30
1639485889, 1, 346, 855, 677, 0, 0.92%, 11, 0, 1, 1370.15
1639485894, 1, 358, 855, 670, 0, 0.92%, 11, 0, 1, 1399.18
1639485899, 1, 372, 855, 666, 0, 0.92%, 11, 0, 1, 1416.95
1639485904, 1, 400, 855, 659, 0, 0.92%, 11, 0, 1, 1408.89
1639485909, 1, 440, 855, 651, 0, 0.92%, 11, 0, 1, 1400.41
1639485915, 1, 471, 855, 643, 0, 0.92%, 11, 0, 1, 1406.91
1639485920, 1, 514, 855, 636, 0, 0.92%, 11, 0, 1, 1387.24
1639485925, 1, 537, 855, 633, 0, 0.92%, 11, 0, 1, 1393.59
1639485930, 1, 553, 855, 626, 0, 0.92%, 11, 0, 1, 1403.13
1639485935, 1, 578, 855, 620, 0, 0.92%, 11, 0, 1, 1412.08
1639485940, 1, 616, 855, 615, 0, 0.92%, 12, 0, 1, 1402.80
1639485945, 1, 652, 855, 607, 0, 0.92%, 12, 0, 1, 1403.60
1639485950, 1, 679, 855, 599, 0, 0.92%, 12, 0, 1, 1402.85
1639485955, 1, 708, 855, 594, 0, 0.92%, 13, 0, 1, 1402.59
1639485961, 1, 720, 855, 588, 0, 0.92%, 13, 0, 1, 1403.10
1639485966, 1, 737, 855, 582, 0, 0.92%, 13, 0, 1, 1412.68
1639485971, 1, 759, 855, 578, 0, 0.92%, 13, 0, 1, 1409.08
1639485976, 1, 783, 855, 571, 0, 0.92%, 13, 0, 1, 1393.27
1639485981, 1, 804, 855, 566, 0, 0.92%, 13, 0, 1, 1396.57
1639485986, 1, 822, 855, 561, 0, 0.92%, 13, 0, 1, 1400.88
1639485991, 1, 848, 855, 553, 0, 0.92%, 13, 0, 1, 1403.39
1639485996, 2, 45, 855, 547, 0, 0.92%, 14, 0, 1, 1382.98
1639486001, 2, 86, 855, 541, 0, 0.92%, 14, 0, 1, 1406.82
1639486006, 2, 111, 855, 536, 0, 0.92%, 14, 0, 1, 1288.22
1639486011, 2, 136, 855, 530, 0, 0.92%, 14, 0, 1, 1228.81
1639486017, 2, 173, 855, 524, 0, 0.92%, 14, 0, 1, 1361.01
1639486022, 2, 208, 855, 517, 0, 0.92%, 14, 0, 1, 1394.04
1639486027, 2, 234, 855, 510, 0, 0.92%, 14, 0, 1, 1387.77
1639486032, 2, 261, 855, 508, 0, 0.92%, 14, 0, 1, 1381.26
1639486037, 2, 286, 855, 503, 0, 0.92%, 14, 0, 1, 1386.08
1639486042, 2, 303, 855, 498, 0, 0.92%, 14, 0, 1, 1386.28
1639486047, 2, 341, 855, 494, 0, 0.92%, 15, 0, 1, 1398.06
1639486052, 2, 385, 855, 489, 0, 0.92%, 15, 0, 1, 1413.34
1639486058, 2, 424, 855, 481, 0, 0.92%, 15, 0, 1, 1414.74
1639486063, 2, 450, 855, 474, 0, 0.92%, 15, 0, 1, 1366.05
