# unix_time, cycles_done, cur_path, paths_total, pending_total, pending_favs, map_size, unique_crashes, unique_hangs, max_depth, execs_per_sec
1639488839, 0, 0, 1036, 1036, 98, 0.77%, 0, 0, 1, 1295.81
1639488845, 0, 158, 1036, 1025, 87, 0.77%, 4, 0, 1, 1379.90
1639488850, 0, 232, 1036, 1015, 78, 0.77%, 4, 0, 1, 1393.07
1639488855, 0, 353, 1036, 1004, 68, 0.77%, 4, 0, 1, 1407.10
1639488860, 0, 415, 1036, 994, 58, 0.77%, 4, 0, 1, 1370.59
1639488865, 0, 464, 1036, 985, 49, 0.77%, 6, 0, 1, 1390.32
1639488870, 0, 554, 1036, 977, 41, 0.77%, 7, 0, 1, 1379.92
1639488875, 0, 603, 1036, 967, 33, 0.77%, 8, 0, 1, 1392.11
1639488880, 0, 713, 1036, 957, 25, 0.77%, 8, 0, 1, 1406.06
1639488885, 0, 799, 1036, 948, 19, 0.77%, 8, 0, 1, 1407.16
1639488891, 0, 892, 1036, 939, 13, 0.77%, 8, 0, 1, 1401.13
1639488896, 0, 993, 1036, 932, 7, 0.77%, 8, 0, 1, 1410.34
1639488901, 1, 3, 1036, 924, 0, 0.77%, 8, 0, 1, 1410.73
1639488906, 1, 45, 1036, 917, 0, 0.77%, 8, 0, 1, 1373.92
1639488911, 1, 69, 1036, 907, 0, 0.77%, 9, 0, 1, 1403.58
1639488916, 1, 86, 1036, 901, 0, 0.77%, 11, 0, 1, 1405.81
1639488921, 1, 114, 1036, 893, 0, 0.77%, 11, 0, 1, 1392.73
1639488926, 1, 145, 1036, 884, 0, 0.77%, 11, 0, 1, 1392.65
1639488931, 1, 170, 1036, 878, 0, 0.77%, 11, 0, 1, 1416.86
1639488936, 1, 209, 1036, 871, 0, 0.77%, 11, 0, 1, 1401.96
1639488941, 1, 239, 1036, 866, 0, 0.77%, 11, 0, 1, 1411.36
1639488947, 1, 276, 1036, 858, 0, 0.77%, 11, 0, 1, 1404.57
1639488952, 1, 318, 1036, 851, 0, 0.77%, 11, 0, 1, 1400.59
1639488957, 1, 347, 1036, 844, 0, 0.77%, 11, 0, 1, 1401.89
1639488962, 1, 373, 1036, 839, 0, 0.77%, 11, 0, 1, 1407.75
1639488967, 1, 397, 1036, 832, 0, 0.77%, 11, 0, 1, 1407.75
1639488972, 1, 424, 1036, 827, 0, 0.77%, 11, 0, 1, 1420.16
1639488977, 1, 444, 1036, 824, 0, 0.77%, 11, 0, 1, 1419.09
1639488983, 1, 462, 1036, 816, 0, 0.77%, 11, 0, 1, 1413.54
1639488988, 1, 488, 1036, 813, 0, 0.77%, 11, 0, 1, 1397.39
1639488993, 1, 525, 1036, 808, 0, 0.77%, 11, 0, 1, 1404.82
1639488998, 1, 559, 1036, 801, 0, 0.77%, 11, 0, 1, 1409.71
1639489003, 1, 579, 1036, 797, 0, 0.77%, 11, 0, 1, 1412.91
1639489008, 1, 613, 1036, 790, 0, 0.77%, 11, 0, 1, 1364.96
1639489013, 1, 636, 1036, 783, 0, 0.77%, 11, 0, 1, 1403.06
1639489018, 1, 668, 1036, 774, 0, 0.77%, 11, 0, 1, 1380.70
1639489024, 1, 710, 1036, 767, 0, 0.77%, 11, 0, 1, 1412.89
1639489029, 1, 750, 1036, 759, 0, 0.77%, 11, 0, 1, 1421.21
1639489034, 1, 783, 1036, 753, 0, 0.77%, 12, 0, 1, 1416.51
1639489039, 1, 826, 1036, 746, 0, 0.77%, 12, 0, 1, 1400.64
1639489044, 1, 851, 1036, 738, 0, 0.77%, 12, 0, 1, 1409.99
1639489049, 1, 879, 1036, 732, 0, 0.77%, 12, 0, 1, 1414.48
1639489054, 1, 900, 1036, 725, 0, 0.77%, 12, 0, 1, 1417.93
1639489059, 1, 931, 1036, 720, 0, 0.77%, 12, 0, 1, 1406.15
1639489065, 1, 947, 1036, 715, 0, 0.77%, 12, 0, 1, 1402.01
1639489070, 1, 987, 1036, 706, 0, 0.77%, 12, 0, 1, 1382.27
1639489075, 1, 1014, 1036, 703, 0, 0.77%, 12, 0, 1, 1411.31
1639489080, 2, 6, 1036, 696, 0, 0.77%, 12, 0, 1, 1423.25
1639489085, 2, 48, 1036, 689, 0, 0.77%, 12, 0, 1, 1415.84
1639489090, 2, 88, 1036, 684, 0, 0.77%, 12, 0, 1, 1401.07
1639489095, 2, 133, 1036, 676, 0, 0.77%, 12, 0, 1, 1392.81
1639489100, 2, 176, 1036, 670, 0, 0.77%, 13, 0, 1, 1547.10
1639489105, 2, 198, 1036, 664, 0, 0.77%, 13, 0, 1, 1427.08
1639489111, 2, 228, 1036, 657, 0, 0.77%, 13, 0, 1, 1412.45
1639489116, 2, 253, 1036, 652, 0, 0.77%, 13, 0, 1, 1426.58
1639489121, 2, 281, 1037, 645, 0, 0.77%, 13, 0, 2, 1409.37
1639489126, 2, 317, 1037, 637, 0, 0.77%, 13, 0, 2, 1397.49
1639489131, 2, 349, 1037, 631, 0, 0.77%, 13, 0, 2, 1375.99
