# unix_time, cycles_done, cur_path, paths_total, pending_total, pending_favs, map_size, unique_crashes, unique_hangs, max_depth, execs_per_sec
1639446587, 0, 0, 946, 946, 101, 0.93%, 0, 0, 1, 1156.66
1639446592, 0, 103, 946, 934, 89, 0.93%, 3, 0, 1, 1396.24
1639446597, 0, 199, 946, 923, 80, 0.93%, 3, 0, 1, 1425.63
1639446602, 0, 267, 946, 914, 73, 0.93%, 5, 0, 1, 1386.41
1639446607, 0, 397, 946, 902, 61, 0.93%, 5, 0, 1, 1394.39
1639446612, 0, 438, 946, 896, 55, 0.93%, 6, 0, 1, 1396.03
1639446617, 0, 508, 946, 885, 44, 0.93%, 7, 0, 1, 1412.56
1639446622, 0, 544, 946, 879, 38, 0.93%, 7, 0, 1, 1430.65
1639446628, 0, 652, 946, 869, 28, 0.93%, 7, 0, 1, 1397.41
1639446633, 0, 726, 946, 861, 22, 0.93%, 7, 0, 1, 1407.56
1639446638, 0, 803, 946, 852, 13, 0.93%, 8, 0, 1, 1368.25
1639446643, 0, 912, 946, 841, 5, 0.93%, 8, 0, 1, 1423.01
1639446648, 1, 3, 946, 834, 0, 0.93%, 8, 0, 1, 1401.73
1639446653, 1, 45, 946, 828, 0, 0.93%, 8, 0, 1, 1426.46
1639446658, 1, 71, 946, 819, 0, 0.93%, 8, 0, 1, 1414.71
1639446663, 1, 90, 946, 813, 0, 0.93%, 8, 0, 1, 1395.59
1639446668, 1, 110, 946, 807, 0, 0.93%, 8, 0, 1, 1418.42
1639446673, 1, 147, 946, 799, 0, 0.93%, 8, 0, 1, 1436.88
1639446678, 1, 188, 946, 790, 0, 0.93%, 8, 0, 1, 1452.07
1639446683, 1, 208, 946, 783, 0, 0.93%, 9, 0, 1, 1447.12
1639446688, 1, 236, 946, 777, 0, 0.93%, 9, 0, 1, 1438.78
1639446693, 1, 272, 946, 769, 0, 0.93%, 9, 0, 1, 1430.93
1639446699, 1, 297, 946, 763, 0, 0.93%, 9, 0, 1, 1432.02
1639446704, 1, 330, 946, 756, 0, 0.93%, 9, 0, 1, 1439.19
1639446709, 1, 357, 946, 749, 0, 0.93%, 9, 0, 1, 1431.70
1639446714, 1, 377, 946, 742, 0, 0.93%, 9, 0, 1, 1413.69
1639446719, 1, 408, 946, 735, 0, 0.93%, 10, 0, 1, 1421.67
1639446724, 1, 427, 946, 728, 0, 0.93%, 10, 0, 1, 1426.47
1639446729, 1, 440, 946, 726, 0, 0.93%, 10, 0, 1, 1450.77
1639446734, 1, 477, 946, 721, 0, 0.93%, 10, 0, 1, 1447.40
1639446739, 1, 494, 946, 716, 0, 0.93%, 10, 0, 1, 1445.50
1639446745, 1, 514, 946, 712, 0, 0.93%, 10, 0, 1, 1416.19
1639446750, 1, 526, 947, 709, 0, 0.93%, 13, 0, 2, 1409.84
1639446755, 1, 547, 947, 705, 0, 0.93%, 13, 0, 2, 1421.83
1639446760, 1, 571, 947, 699, 0, 0.93%, 13, 0, 2, 1421.92
1639446765, 1, 602, 947, 694, 0, 0.93%, 13, 0, 2, 1432.40
1639446770, 1, 633, 947, 686, 0, 0.93%, 13, 0, 2, 1436.19
1639446775, 1, 653, 947, 679, 0, 0.93%, 13, 0, 2, 1419.45
1639446780, 1, 686, 947, 673, 0, 0.93%, 13, 0, 2, 1430.34
1639446785, 1, 726, 947, 668, 0, 0.93%, 13, 0, 2, 1426.59
1639446790, 1, 754, 948, 665, 0, 0.93%, 13, 0, 2, 1409.44
1639446795, 1, 790, 948, 660, 0, 0.93%, 14, 0, 2, 1434.49
1639446800, 1, 814, 948, 652, 0, 0.93%, 14, 0, 2, 1426.93
1639446806, 1, 840, 948, 647, 0, 0.93%, 14, 0, 2, 1426.81
1639446811, 1, 874, 948, 637, 0, 0.93%, 14, 0, 2, 1409.48
1639446816, 1, 902, 948, 628, 0, 0.93%, 14, 0, 2, 1413.17
1639446821, 1, 915, 948, 623, 0, 0.93%, 14, 0, 2, 1430.88
1639446826, 1, 944, 948, 616, 0, 0.93%, 14, 0, 2, 1427.96
1639446831, 2, 41, 948, 607, 0, 0.93%, 14, 0, 2, 1729.88
1639446836, 2, 80, 948, 603, 0, 0.93%, 14, 0, 2, 1470.55
1639446841, 2, 111, 948, 598, 0, 0.93%, 14, 0, 2, 1443.88
1639446846, 2, 137, 948, 592, 0, 0.93%, 14, 0, 2, 1442.63
1639446851, 2, 182, 948, 585, 0, 0.93%, 14, 0, 2, 1423.95
1639446856, 2, 223, 948, 580, 0, 0.93%, 14, 0, 2, 1411.18
1639446862, 2, 249, 948, 574, 0, 0.93%, 14, 0, 2, 1422.22
1639446867, 2, 305, 948, 568, 0, 0.93%, 14, 0, 2, 1447.61
1639446872, 2, 352, 948, 560, 0, 0.93%, 14, 0, 2, 1419.95
1639446877, 2, 393, 948, 552, 0, 0.93%, 14, 0, 2, 1453.18
