# unix_time, cycles_done, cur_path, paths_total, pending_total, pending_favs, map_size, unique_crashes, unique_hangs, max_depth, execs_per_sec
1639448425, 0, 0, 657, 657, 86, 0.79%, 0, 0, 1, 1271.72
1639448430, 0, 109, 657, 645, 74, 0.79%, 6, 0, 1, 1365.01
1639448435, 0, 177, 657, 634, 64, 0.79%, 8, 0, 1, 1403.07
1639448441, 0, 268, 657, 624, 55, 0.79%, 10, 0, 1, 1379.99
1639448446, 0, 335, 657, 615, 49, 0.79%, 10, 0, 1, 1406.13
1639448451, 0, 386, 657, 604, 38, 0.79%, 11, 0, 1, 1385.28
1639448456, 0, 423, 657, 597, 32, 0.79%, 11, 0, 1, 1389.98
1639448461, 0, 495, 657, 588, 24, 0.79%, 11, 0, 1, 1419.91
1639448466, 0, 536, 657, 581, 18, 0.79%, 12, 0, 1, 1435.24
1639448471, 0, 594, 657, 573, 11, 0.79%, 12, 0, 1, 1314.73
1639448476, 1, 88, 657, 563, 1, 0.79%, 12, 0, 1, 1363.27
1639448481, 1, 176, 657, 556, 0, 0.79%, 12, 0, 1, 1406.19
1639448486, 1, 214, 657, 551, 0, 0.79%, 13, 0, 1, 1423.07
1639448491, 1, 248, 657, 544, 0, 0.79%, 14, 0, 1, 1407.22
1639448496, 1, 280, 657, 538, 0, 0.79%, 14, 0, 1, 1365.52
1639448501, 1, 311, 657, 533, 0, 0.79%, 15, 0, 1, 1392.56
1639448507, 1, 335, 657, 525, 0, 0.79%, 15, 0, 1, 1413.89
1639448512, 1, 362, 657, 520, 0, 0.79%, 15, 0, 1, 1398.10
1639448517, 1, 381, 657, 515, 0, 0.79%, 15, 0, 1, 1391.43
1639448522, 1, 406, 657, 511, 0, 0.79%, 15, 0, 1, 1402.64
1639448527, 2, 1, 658, 506, 0, 0.80%, 15, 0, 2, 1287.13
1639448532, 2, 42, 658, 496, 0, 0.80%, 15, 0, 2, 1396.43
1639448537, 2, 66, 658, 490, 0, 0.80%, 15, 0, 2, 1370.33
1639448542, 2, 92, 658, 488, 0, 0.80%, 15, 0, 2, 1402.21
1639448548, 2, 131, 658, 482, 0, 0.80%, 15, 0, 2, 1409.35
1639448553, 2, 161, 658, 476, 0, 0.80%, 15, 0, 2, 1404.66
1639448558, 2, 191, 658, 475, 0, 0.80%, 15, 0, 2, 1385.90
1639448563, 2, 226, 658, 467, 0, 0.80%, 15, 0, 2, 1392.14
1639448568, 2, 256, 658, 463, 0, 0.80%, 15, 0, 2, 1352.31
1639448573, 2, 286, 658, 457, 0, 0.80%, 15, 0, 2, 1354.71
1639448578, 2, 303, 658, 453, 0, 0.80%, 15, 0, 2, 1415.48
1639448583, 2, 339, 658, 449, 0, 0.80%, 15, 0, 2, 1391.50
1639448588, 2, 377, 658, 446, 0, 0.80%, 15, 0, 2, 1306.48
1639448593, 2, 408, 659, 444, 0, 0.80%, 15, 0, 2, 1288.18
1639448598, 2, 421, 659, 441, 0, 0.80%, 15, 0, 2, 1239.87
1639448604, 2, 441, 659, 438, 0, 0.80%, 15, 0, 2, 1340.30
1639448609, 2, 469, 659, 431, 0, 0.80%, 15, 0, 2, 1407.42
1639448614, 2, 492, 659, 424, 0, 0.80%, 15, 0, 2, 1395.75
1639448619, 2, 507, 659, 419, 0, 0.80%, 15, 0, 2, 1973.15
1639448624, 2, 526, 659, 414, 0, 0.80%, 15, 0, 2, 1325.27
1639448629, 2, 544, 659, 410, 0, 0.80%, 15, 0, 2, 1340.64
1639448634, 2, 568, 659, 405, 0, 0.80%, 15, 0, 2, 1389.87
1639448639, 2, 594, 659, 397, 0, 0.80%, 15, 0, 2, 1509.20
1639448644, 2, 627, 659, 390, 0, 0.80%, 15, 0, 2, 1470.70
1639448649, 2, 648, 659, 386, 0, 0.80%, 15, 0, 2, 1373.53
1639448654, 3, 50, 659, 378, 0, 0.80%, 15, 0, 2, 1382.76
1639448659, 3, 78, 659, 372, 0, 0.80%, 15, 0, 2, 1392.91
1639448665, 3, 106, 659, 369, 0, 0.80%, 15, 0, 2, 1399.75
1639448670, 3, 144, 659, 361, 0, 0.80%, 15, 0, 2, 1404.49
1639448675, 3, 176, 659, 357, 0, 0.80%, 15, 0, 2, 1401.50
1639448680, 3, 207, 659, 352, 0, 0.80%, 15, 0, 2, 1396.39
1639448685, 3, 241, 659, 348, 0, 0.80%, 15, 0, 2, 1411.62
1639448690, 3, 279, 659, 345, 0, 0.80%, 15, 0, 2, 1361.63
1639448695, 3, 305, 659, 341, 0, 0.80%, 15, 0, 2, 1415.76
1639448700, 3, 334, 659, 336, 0, 0.80%, 15, 0, 2, 1405.49
1639448705, 3, 351, 659, 332, 0, 0.80%, 15, 0, 2, 1418.02
1639448711, 3, 386, 659, 328, 0, 0.80%, 15, 0, 2, 1416.85
1639448716, 3, 413, 659, 323, 0, 0.80%, 15, 0, 2, 1399.06
1639448721, 3, 424, 659, 320, 0, 0.80%, 15, 0, 2, 1391.07
