# unix_time, cycles_done, cur_path, paths_total, pending_total, pending_favs, map_size, unique_crashes, unique_hangs, max_depth, execs_per_sec
1639553984, 0, 0, 807, 807, 94, 0.87%, 0, 0, 1, 1269.37
1639553990, 0, 73, 807, 800, 87, 0.87%, 1, 0, 1, 1373.10
1639553995, 0, 138, 807, 792, 81, 0.87%, 2, 0, 1, 1419.28
1639554000, 0, 204, 807, 782, 72, 0.87%, 6, 0, 1, 1434.88
1639554005, 0, 262, 808, 774, 64, 0.87%, 6, 0, 2, 1439.72
1639554010, 0, 312, 808, 766, 57, 0.87%, 6, 0, 2, 1437.19
1639554015, 0, 429, 808, 756, 47, 0.87%, 6, 0, 2, 1447.66
1639554020, 0, 506, 808, 747, 38, 0.87%, 7, 0, 2, 1421.58
1639554025, 0, 579, 809, 740, 31, 0.87%, 7, 0, 2, 1449.07
1639554030, 0, 643, 809, 731, 22, 0.87%, 7, 0, 2, 1468.77
1639554036, 0, 709, 809, 722, 14, 0.87%, 7, 0, 2, 1367.17
1639554041, 0, 773, 809, 714, 7, 0.87%, 7, 0, 2, 1426.44
1639554046, 0, 809, 811, 708, 1, 0.88%, 7, 0, 4, 1439.47
1639554051, 1, 24, 811, 704, 0, 0.88%, 7, 0, 4, 1405.18
1639554056, 1, 55, 811, 699, 0, 0.88%, 7, 0, 4, 1455.27
1639554061, 1, 799, 813, 693, 1, 0.88%, 7, 0, 4, 1433.07
1639554066, 2, 3, 814, 691, 0, 0.88%, 7, 0, 4, 1429.86
1639554071, 2, 21, 814, 684, 0, 0.88%, 7, 0, 4, 1438.70
1639554076, 2, 44, 814, 679, 0, 0.88%, 8, 0, 4, 1387.72
1639554081, 2, 77, 814, 673, 0, 0.88%, 9, 0, 4, 1403.09
1639554086, 2, 106, 814, 665, 0, 0.88%, 9, 0, 4, 1426.70
1639554092, 2, 133, 814, 656, 0, 0.88%, 9, 0, 4, 1427.52
1639554097, 2, 165, 814, 650, 0, 0.88%, 9, 0, 4, 1414.73
1639554102, 2, 195, 814, 646, 0, 0.88%, 9, 0, 4, 1384.54
1639554107, 2, 210, 814, 641, 0, 0.88%, 10, 0, 4, 1437.68
1639554112, 2, 245, 814, 634, 0, 0.88%, 10, 0, 4, 1411.16
1639554117, 2, 266, 814, 629, 0, 0.88%, 10, 0, 4, 1423.25
1639554122, 2, 291, 814, 625, 0, 0.88%, 10, 0, 4, 1439.61
1639554127, 2, 319, 814, 619, 0, 0.88%, 10, 0, 4, 1447.54
1639554132, 2, 353, 814, 612, 0, 0.88%, 10, 0, 4, 1431.71
1639554137, 2, 374, 814, 601, 0, 0.88%, 10, 0, 4, 1434.91
1639554142, 2, 398, 814, 595, 0, 0.88%, 11, 0, 4, 1432.46
1639554147, 2, 415, 814, 589, 0, 0.88%, 12, 0, 4, 1432.80
1639554152, 2, 445, 815, 584, 0, 0.88%, 12, 0, 4, 1441.67
1639554157, 2, 465, 815, 578, 0, 0.88%, 12, 0, 4, 1446.25
1639554163, 2, 494, 815, 573, 0, 0.88%, 12, 0, 4, 1452.68
1639554168, 2, 526, 815, 567, 0, 0.88%, 12, 0, 4, 1453.76
1639554173, 2, 543, 816, 562, 0, 0.88%, 12, 0, 4, 1406.97
1639554178, 2, 582, 817, 559, 0, 0.88%, 12, 0, 4, 1380.35
1639554183, 2, 603, 817, 554, 0, 0.88%, 12, 0, 4, 1299.31
1639554188, 2, 622, 817, 549, 0, 0.88%, 12, 0, 4, 1388.16
1639554193, 2, 655, 817, 543, 0, 0.88%, 13, 0, 4, 1404.79
1639554198, 2, 667, 817, 538, 0, 0.88%, 13, 0, 4, 1390.12
1639554203, 2, 704, 817, 531, 0, 0.88%, 13, 0, 4, 1406.34
1639554208, 2, 726, 817, 525, 0, 0.88%, 13, 0, 4, 1428.09
1639554214, 2, 748, 817, 519, 0, 0.88%, 13, 0, 4, 1378.93
1639554219, 2, 772, 817, 514, 0, 0.88%, 13, 0, 4, 1385.79
1639554224, 3, 40, 817, 507, 0, 0.88%, 13, 0, 4, 1415.03
1639554229, 3, 59, 817, 502, 0, 0.88%, 13, 0, 4, 1408.65
1639554234, 3, 112, 817, 494, 0, 0.88%, 13, 0, 4, 1407.58
1639554239, 3, 143, 817, 489, 0, 0.88%, 13, 0, 4, 1420.77
1639554244, 3, 193, 817, 484, 0, 0.88%, 13, 0, 4, 1402.34
1639554249, 3, 234, 817, 481, 0, 0.88%, 13, 0, 4, 1405.00
1639554255, 3, 259, 817, 475, 0, 0.88%, 13, 0, 4, 1406.17
1639554260, 3, 277, 817, 471, 0, 0.88%, 13, 0, 4, 1381.86
1639554265, 3, 302, 817, 467, 0, 0.88%, 14, 0, 4, 1395.95
1639554270, 3, 340, 818, 463, 0, 0.88%, 14, 0, 4, 1394.09
1639554275, 3, 398, 818, 457, 0, 0.88%, 14, 0, 4, 1410.32
