# unix_time, cycles_done, cur_path, paths_total, pending_total, pending_favs, map_size, unique_crashes, unique_hangs, max_depth, execs_per_sec
1639524497, 0, 0, 1, 1, 1, 0.12%, 0, 0, 1, 2000.00
1639524502, 0, 0, 80, 80, 1, 0.45%, 4, 0, 2, 1411.71
1639524507, 0, 9, 101, 98, 36, 0.47%, 4, 0, 3, 1287.02
1639524513, 0, 27, 139, 129, 36, 0.52%, 4, 0, 3, 1242.60
1639524518, 0, 47, 142, 122, 29, 0.52%, 4, 0, 3, 1233.81
1639524523, 0, 59, 149, 124, 25, 0.53%, 4, 0, 3, 1159.26
1639524528, 0, 61, 158, 131, 25, 0.54%, 6, 0, 3, 1137.52
1639524533, 0, 78, 162, 130, 23, 0.54%, 6, 0, 3, 1170.70
1639524538, 0, 120, 176, 138, 17, 0.54%, 6, 0, 4, 1232.91
1639524543, 0, 137, 182, 140, 15, 0.59%, 6, 0, 4, 1314.30
1639524548, 0, 142, 197, 153, 14, 0.61%, 7, 0, 4, 1390.47
1639524554, 0, 152, 202, 154, 18, 0.61%, 7, 0, 4, 1425.68
1639524559, 0, 177, 206, 152, 13, 0.62%, 7, 0, 5, 1424.73
1639524564, 0, 181, 213, 157, 12, 0.66%, 9, 0, 5, 1427.76
1639524569, 0, 188, 216, 159, 12, 0.67%, 10, 0, 5, 1427.66
1639524574, 0, 191, 220, 161, 15, 0.70%, 10, 0, 5, 1426.25
1639524579, 0, 193, 229, 169, 15, 0.70%, 10, 0, 5, 1438.68
1639524585, 0, 203, 231, 167, 13, 0.70%, 10, 0, 5, 1423.75
1639524590, 0, 215, 233, 165, 10, 0.71%, 10, 0, 6, 1428.67
1639524595, 0, 216, 241, 172, 9, 0.72%, 10, 0, 6, 1435.84
1639524600, 0, 219, 242, 171, 11, 0.72%, 10, 0, 6, 1405.72
1639524605, 0, 232, 246, 171, 9, 0.72%, 10, 0, 6, 1419.12
1639524610, 0, 233, 249, 173, 8, 0.72%, 10, 0, 7, 1445.68
1639524615, 0, 237, 252, 173, 6, 0.72%, 10, 0, 7, 1442.98
1639524620, 0, 250, 254, 172, 3, 0.72%, 10, 0, 8, 1431.37
1639524625, 1, 47, 254, 168, 0, 0.72%, 11, 0, 8, 1436.33
1639524630, 1, 67, 254, 164, 0, 0.72%, 11, 0, 8, 1431.52
1639524635, 1, 98, 256, 158, 0, 0.72%, 11, 0, 8, 1424.88
1639524640, 1, 132, 257, 154, 0, 0.72%, 11, 0, 8, 1416.96
1639524645, 2, 1, 258, 152, 0, 0.72%, 11, 0, 8, 1400.03
1639524651, 2, 42, 260, 149, 0, 0.72%, 11, 0, 8, 1407.99
1639524656, 2, 64, 261, 149, 0, 0.72%, 11, 0, 8, 1349.86
1639524661, 2, 106, 261, 145, 0, 0.72%, 11, 0, 8, 1318.33
1639524666, 2, 133, 261, 142, 0, 0.72%, 11, 0, 8, 1300.54
1639524671, 2, 178, 264, 142, 1, 0.72%, 11, 0, 8, 1285.43
1639524676, 2, 262, 267, 144, 1, 0.72%, 11, 0, 8, 1273.54
1639524682, 2, 262, 268, 145, 1, 0.72%, 11, 0, 8, 1262.31
1639524687, 2, 265, 270, 145, 0, 0.72%, 11, 0, 8, 1267.54
1639524692, 3, 13, 272, 144, 0, 0.72%, 11, 0, 8, 1298.89
1639524697, 3, 47, 272, 143, 0, 0.72%, 11, 0, 8, 1336.56
1639524702, 3, 73, 272, 140, 0, 0.72%, 11, 0, 8, 1325.06
1639524707, 3, 105, 273, 137, 0, 0.72%, 11, 0, 8, 1331.56
1639524712, 3, 139, 273, 134, 0, 0.72%, 11, 0, 8, 1343.84
1639524717, 3, 273, 277, 134, 1, 0.73%, 11, 0, 8, 1329.85
1639524722, 3, 273, 282, 139, 1, 0.74%, 11, 0, 8, 1366.37
1639524727, 3, 275, 286, 142, 4, 0.74%, 11, 0, 8, 1375.67
1639524732, 3, 278, 289, 144, 6, 0.74%, 11, 0, 8, 1378.04
1639524737, 3, 280, 291, 144, 4, 0.74%, 11, 0, 8, 1356.98
1639524742, 3, 283, 294, 146, 4, 0.75%, 11, 0, 8, 1350.35
1639524747, 3, 285, 295, 145, 3, 0.75%, 11, 0, 8, 1326.36
1639524753, 3, 291, 297, 146, 2, 0.75%, 11, 0, 8, 1335.51
1639524758, 3, 293, 301, 149, 1, 0.75%, 11, 0, 8, 1362.23
1639524763, 3, 297, 306, 153, 2, 0.75%, 11, 0, 9, 1345.93
1639524773, 3, 300, 308, 154, 2, 0.75%, 11, 0, 9, 1376.24
1639524778, 3, 305, 314, 159, 2, 0.80%, 11, 0, 10, 1377.36
1639524783, 3, 307, 319, 163, 5, 0.80%, 11, 0, 10, 1368.87
1639524788, 3, 307, 324, 168, 5, 0.81%, 11, 0, 10, 1371.08
1639524793, 3, 308, 330, 173, 10, 0.82%, 11, 0, 10, 1823.71
