# unix_time, cycles_done, cur_path, paths_total, pending_total, pending_favs, map_size, unique_crashes, unique_hangs, max_depth, execs_per_sec
1639548656, 0, 0, 504, 504, 95, 0.89%, 0, 0, 1, 1138.98
1639548661, 0, 42, 504, 495, 86, 0.89%, 8, 0, 1, 1371.36
1639548666, 0, 79, 504, 487, 78, 0.89%, 10, 0, 1, 1411.67
1639548671, 0, 140, 506, 479, 69, 0.89%, 14, 0, 2, 1427.20
1639548676, 0, 176, 506, 471, 61, 0.89%, 15, 0, 2, 1444.40
1639548682, 0, 227, 506, 462, 53, 0.89%, 17, 0, 2, 1437.76
1639548687, 0, 269, 506, 453, 44, 0.89%, 19, 0, 2, 1425.96
1639548692, 0, 322, 506, 442, 34, 0.89%, 20, 0, 2, 1441.25
1639548697, 0, 384, 506, 431, 24, 0.89%, 20, 0, 2, 1446.77
1639548702, 0, 437, 506, 422, 16, 0.89%, 20, 0, 2, 1424.67
1639548707, 0, 468, 507, 415, 8, 0.89%, 22, 0, 2, 1443.71
1639548712, 1, 1, 507, 407, 0, 0.89%, 26, 0, 2, 1440.63
1639548717, 1, 26, 507, 402, 0, 0.89%, 27, 0, 2, 1419.94
1639548722, 1, 49, 507, 397, 0, 0.89%, 27, 0, 2, 1361.59
1639548727, 1, 72, 507, 391, 0, 0.89%, 27, 0, 2, 1374.90
1639548732, 1, 85, 507, 388, 0, 0.89%, 28, 0, 2, 1352.02
1639548737, 1, 111, 507, 383, 0, 0.89%, 28, 0, 2, 1373.04
1639548743, 1, 140, 507, 377, 0, 0.89%, 28, 0, 2, 1361.25
1639548748, 1, 154, 507, 373, 0, 0.89%, 28, 0, 2, 1343.25
1639548753, 1, 169, 507, 368, 0, 0.89%, 29, 0, 2, 1387.61
1639548758, 1, 194, 508, 364, 0, 0.89%, 29, 0, 2, 1395.86
1639548763, 1, 209, 508, 358, 0, 0.89%, 29, 0, 2, 1398.99
1639548768, 1, 223, 508, 354, 0, 0.89%, 29, 0, 2, 1396.74
1639548773, 1, 241, 509, 350, 0, 0.89%, 30, 0, 2, 1387.82
1639548778, 1, 268, 509, 346, 0, 0.89%, 30, 0, 2, 1407.05
1639548783, 1, 288, 509, 341, 0, 0.89%, 30, 0, 2, 1416.60
1639548788, 1, 303, 509, 338, 0, 0.89%, 30, 0, 2, 1409.65
1639548793, 1, 321, 510, 332, 0, 0.89%, 32, 0, 2, 1395.79
1639548799, 1, 349, 510, 325, 0, 0.89%, 33, 0, 2, 1406.43
1639548804, 1, 375, 510, 319, 0, 0.89%, 33, 0, 2, 1413.03
1639548809, 1, 384, 510, 313, 0, 0.89%, 34, 0, 2, 1354.83
1639548814, 1, 406, 512, 313, 0, 0.89%, 34, 0, 2, 1390.41
1639548819, 1, 435, 512, 309, 0, 0.89%, 34, 0, 2, 1326.56
1639548824, 1, 452, 513, 305, 0, 0.89%, 34, 0, 2, 1372.74
1639548829, 1, 461, 516, 306, 0, 0.89%, 34, 0, 2, 1371.96
1639548834, 1, 480, 516, 302, 0, 0.89%, 34, 0, 2, 1391.14
1639548839, 1, 507, 516, 301, 0, 0.89%, 34, 0, 2, 1410.81
1639548844, 1, 515, 516, 298, 0, 0.89%, 34, 0, 2, 1412.15
1639548849, 2, 17, 516, 293, 0, 0.89%, 34, 0, 2, 1353.80
1639548855, 2, 41, 516, 287, 0, 0.89%, 34, 0, 2, 1418.75
1639548860, 2, 69, 516, 284, 0, 0.89%, 34, 0, 2, 1397.36
1639548865, 2, 91, 516, 282, 0, 0.89%, 34, 0, 2, 1387.56
1639548870, 2, 125, 516, 279, 0, 0.89%, 34, 0, 2, 1379.38
1639548875, 2, 144, 516, 275, 0, 0.89%, 34, 0, 2, 1390.98
1639548880, 2, 172, 516, 274, 0, 0.89%, 34, 0, 2, 1392.74
1639548885, 2, 191, 516, 269, 0, 0.89%, 34, 0, 2, 1393.05
1639548890, 2, 223, 516, 265, 0, 0.89%, 34, 0, 2, 1388.57
1639548895, 2, 244, 516, 263, 0, 0.89%, 35, 0, 2, 1390.55
1639548900, 2, 269, 516, 259, 0, 0.89%, 35, 0, 2, 1378.16
1639548905, 2, 293, 517, 257, 0, 0.89%, 35, 0, 2, 1409.50
1639548910, 2, 345, 517, 254, 0, 0.89%, 35, 0, 2, 1434.40
1639548915, 2, 384, 517, 252, 0, 0.89%, 35, 0, 2, 1450.17
1639548920, 2, 417, 517, 248, 0, 0.89%, 35, 0, 2, 1426.26
1639548925, 2, 443, 517, 244, 0, 0.89%, 35, 0, 2, 1430.74
1639548930, 2, 466, 518, 240, 0, 0.89%, 35, 0, 2, 1761.08
1639548935, 2, 490, 518, 237, 0, 0.89%, 35, 0, 2, 1476.44
1639548940, 2, 513, 519, 234, 0, 0.89%, 35, 0, 3, 1414.32
1639548945, 3, 16, 519, 230, 0, 0.89%, 35, 0, 3, 1418.28
1639548950, 3, 41, 519, 228, 0, 0.89%, 35, 0, 3, 1411.60
