# unix_time, cycles_done, cur_path, paths_total, pending_total, pending_favs, map_size, unique_crashes, unique_hangs, max_depth, execs_per_sec
1639525401, 0, 0, 1, 1, 1, 0.12%, 0, 0, 1, 2000.00
1639525407, 0, 0, 87, 87, 1, 0.44%, 2, 0, 2, 1464.19
1639525412, 0, 12, 114, 110, 42, 0.50%, 2, 0, 3, 1314.80
1639525417, 0, 44, 129, 111, 31, 0.50%, 3, 0, 3, 1381.11
1639525422, 0, 49, 143, 122, 28, 0.51%, 3, 0, 3, 2066.79
1639525427, 0, 86, 178, 145, 23, 0.54%, 3, 0, 3, 2045.73
1639525432, 0, 124, 184, 141, 14, 0.54%, 6, 0, 3, 1478.83
1639525437, 0, 136, 194, 149, 12, 0.56%, 7, 0, 4, 1316.42
1639525442, 0, 168, 201, 150, 13, 0.56%, 7, 0, 4, 1337.32
1639525447, 0, 184, 205, 150, 10, 0.57%, 7, 0, 5, 1339.78
1639525452, 0, 188, 218, 162, 15, 0.60%, 7, 0, 5, 1358.38
1639525457, 0, 197, 222, 162, 11, 0.60%, 7, 0, 5, 1338.23
1639525463, 0, 204, 226, 163, 8, 0.60%, 8, 0, 6, 1302.78
1639525468, 0, 204, 236, 173, 8, 0.60%, 8, 0, 6, 1287.88
1639525473, 0, 210, 239, 173, 8, 0.61%, 8, 0, 6, 1274.13
1639525478, 0, 214, 244, 176, 8, 0.61%, 8, 0, 6, 1350.30
1639525483, 0, 238, 248, 176, 4, 0.61%, 8, 0, 6, 1429.87
1639525488, 0, 251, 260, 183, 8, 0.66%, 8, 0, 8, 1419.24
1639525493, 0, 257, 266, 185, 7, 0.67%, 8, 0, 8, 1455.00
1639525498, 0, 260, 270, 186, 7, 0.68%, 8, 0, 9, 1445.99
1639525503, 0, 261, 274, 189, 7, 0.68%, 8, 0, 9, 1444.77
1639525508, 0, 262, 280, 194, 9, 0.68%, 8, 0, 9, 1403.71
1639525513, 0, 262, 284, 198, 9, 0.68%, 8, 0, 9, 1358.54
1639525518, 0, 263, 287, 200, 8, 0.69%, 8, 0, 9, 1331.42
1639525523, 0, 265, 288, 200, 8, 0.69%, 8, 0, 9, 1375.61
1639525528, 0, 274, 290, 199, 6, 0.70%, 8, 0, 9, 1373.09
1639525533, 0, 284, 290, 197, 4, 0.70%, 8, 0, 9, 1392.29
1639525539, 0, 288, 296, 201, 2, 0.72%, 8, 0, 10, 1420.53
1639525544, 0, 291, 300, 204, 9, 0.74%, 8, 0, 10, 1413.42
1639525549, 0, 293, 302, 204, 7, 0.74%, 8, 0, 11, 1396.25
1639525554, 0, 296, 308, 207, 6, 0.74%, 9, 0, 11, 1419.86
1639525559, 0, 299, 315, 213, 7, 0.75%, 9, 0, 11, 1416.04
1639525564, 0, 304, 315, 209, 3, 0.75%, 9, 0, 11, 1433.26
1639525569, 1, 18, 316, 206, 0, 0.75%, 9, 0, 12, 1457.18
1639525574, 1, 44, 319, 202, 0, 0.75%, 9, 0, 12, 1439.53
1639525579, 1, 72, 319, 199, 0, 0.75%, 9, 0, 12, 1461.03
1639525584, 1, 98, 319, 195, 0, 0.75%, 9, 0, 12, 1446.87
1639525589, 1, 134, 321, 193, 0, 0.75%, 9, 0, 12, 1441.68
1639525594, 1, 166, 324, 191, 0, 0.75%, 9, 0, 12, 1440.63
1639525600, 1, 187, 324, 188, 0, 0.75%, 9, 0, 12, 1450.91
1639525605, 1, 312, 330, 192, 1, 0.75%, 10, 0, 12, 1429.90
1639525610, 1, 324, 332, 192, 1, 0.75%, 10, 0, 12, 1400.49
1639525615, 1, 324, 332, 192, 1, 0.75%, 11, 0, 12, 1400.43
1639525620, 1, 326, 333, 191, 0, 0.75%, 12, 0, 12, 1400.40
1639525625, 1, 330, 334, 191, 0, 0.75%, 12, 0, 13, 1386.20
1639525630, 2, 13, 335, 189, 0, 0.75%, 12, 0, 13, 1404.87
1639525635, 2, 47, 335, 185, 0, 0.75%, 12, 0, 13, 1417.54
1639525640, 2, 79, 335, 181, 0, 0.75%, 12, 0, 13, 1424.44
1639525646, 2, 106, 336, 178, 0, 0.75%, 13, 0, 13, 1425.26
1639525651, 2, 128, 336, 171, 0, 0.75%, 13, 0, 13, 1442.53
1639525656, 2, 157, 336, 165, 0, 0.75%, 13, 0, 13, 1424.39
1639525661, 2, 185, 336, 163, 0, 0.75%, 13, 0, 13, 1436.27
1639525666, 2, 197, 336, 160, 0, 0.75%, 14, 0, 13, 1453.91
1639525671, 2, 205, 336, 160, 0, 0.75%, 14, 0, 13, 1454.83
1639525676, 2, 211, 336, 158, 0, 0.75%, 14, 0, 13, 1437.89
1639525681, 2, 219, 336, 156, 0, 0.75%, 14, 0, 13, 1426.24
1639525686, 2, 237, 338, 156, 0, 0.75%, 15, 0, 13, 1426.52
1639525691, 2, 337, 340, 157, 1, 0.75%, 15, 0, 13, 1440.70
1639525696, 2, 339, 341, 156, 0, 0.75%, 15, 0, 13, 1416.10
1639525701, 3, 0, 341, 155, 0, 0.75%, 15, 0, 13, 1433.39
