# unix_time, cycles_done, cur_path, paths_total, pending_total, pending_favs, map_size, unique_crashes, unique_hangs, max_depth, execs_per_sec
1639598169, 0, 0, 1, 1, 1, 0.12%, 0, 0, 1, 1600.00
1639598175, 0, 0, 83, 83, 1, 0.47%, 4, 0, 2, 1443.73
1639598180, 0, 11, 127, 124, 40, 0.51%, 4, 0, 3, 1399.12
1639598185, 0, 38, 140, 124, 32, 0.52%, 4, 0, 3, 1410.99
1639598190, 0, 40, 147, 129, 30, 0.52%, 4, 0, 3, 1433.87
1639598195, 0, 57, 158, 132, 23, 0.53%, 5, 0, 3, 1434.00
1639598200, 0, 78, 172, 140, 18, 0.54%, 6, 0, 3, 1427.35
1639598205, 0, 132, 177, 137, 13, 0.55%, 6, 0, 4, 1429.59
1639598210, 0, 154, 183, 139, 9, 0.55%, 6, 0, 4, 1412.77
1639598215, 0, 160, 187, 140, 12, 0.56%, 6, 0, 4, 1433.41
1639598220, 0, 175, 196, 145, 10, 0.56%, 6, 0, 4, 1425.41
1639598225, 0, 178, 196, 143, 9, 0.56%, 6, 0, 4, 1404.84
1639598230, 0, 183, 205, 150, 10, 0.58%, 6, 0, 5, 1398.83
1639598236, 0, 185, 209, 152, 9, 0.59%, 6, 0, 5, 1380.23
1639598241, 0, 199, 212, 151, 7, 0.59%, 6, 0, 5, 1404.83
1639598246, 0, 207, 230, 166, 12, 0.65%, 7, 0, 6, 1392.38
1639598251, 0, 213, 233, 167, 13, 0.65%, 8, 0, 7, 1414.06
1639598256, 0, 214, 239, 172, 15, 0.66%, 8, 0, 7, 1406.96
1639598261, 0, 218, 240, 169, 11, 0.66%, 8, 0, 7, 1410.70
1639598266, 0, 222, 245, 171, 8, 0.66%, 8, 0, 7, 1411.07
1639598271, 0, 227, 245, 168, 6, 0.66%, 8, 0, 7, 1402.33
1639598276, 0, 237, 247, 167, 3, 0.66%, 8, 0, 8, 1418.61
1639598281, 1, 26, 250, 167, 0, 0.66%, 9, 0, 8, 1429.92
1639598287, 1, 46, 251, 164, 0, 0.66%, 9, 0, 8, 1445.22
1639598292, 1, 64, 253, 164, 0, 0.66%, 9, 0, 8, 1436.96
1639598297, 1, 254, 255, 164, 1, 0.67%, 9, 0, 8, 1432.99
1639598302, 1, 255, 258, 166, 1, 0.67%, 9, 0, 8, 1425.84
1639598307, 2, 30, 258, 162, 0, 0.67%, 9, 0, 8, 1439.69
1639598312, 2, 53, 260, 162, 0, 0.67%, 9, 0, 8, 1443.02
1639598317, 2, 68, 260, 158, 0, 0.67%, 9, 0, 8, 1414.22
1639598322, 2, 83, 260, 154, 0, 0.67%, 9, 0, 8, 1422.64
1639598327, 2, 113, 260, 148, 0, 0.67%, 10, 0, 8, 1436.71
1639598332, 2, 140, 260, 141, 0, 0.67%, 10, 0, 8, 1433.28
1639598337, 2, 159, 261, 136, 0, 0.67%, 10, 0, 8, 1443.62
1639598342, 2, 177, 261, 132, 0, 0.67%, 10, 0, 8, 1454.43
1639598348, 2, 192, 264, 133, 0, 0.67%, 10, 0, 8, 1443.85
1639598353, 2, 262, 264, 132, 1, 0.67%, 10, 0, 8, 1434.82
1639598358, 3, 30, 264, 128, 0, 0.67%, 10, 0, 8, 1411.21
1639598363, 3, 54, 264, 128, 0, 0.67%, 10, 0, 8, 1426.04
1639598368, 3, 83, 265, 129, 0, 0.67%, 10, 0, 8, 1423.77
1639598373, 3, 109, 265, 125, 0, 0.67%, 10, 0, 8, 1427.27
1639598379, 3, 134, 265, 120, 0, 0.67%, 10, 0, 8, 1439.51
1639598384, 3, 163, 266, 115, 0, 0.67%, 10, 0, 8, 1432.77
1639598389, 3, 180, 267, 114, 0, 0.67%, 10, 0, 8, 1400.16
1639598394, 3, 255, 274, 119, 1, 0.72%, 11, 0, 8, 2214.91
1639598399, 3, 267, 278, 122, 2, 0.72%, 11, 0, 8, 1551.33
1639598404, 3, 269, 279, 122, 2, 0.72%, 11, 0, 8, 1308.94
1639598409, 3, 273, 280, 122, 2, 0.72%, 11, 0, 8, 1361.51
1639598414, 3, 277, 283, 124, 2, 0.72%, 11, 0, 8, 1391.23
1639598419, 3, 279, 286, 126, 2, 0.73%, 11, 0, 8, 1397.34
1639598424, 3, 281, 288, 127, 4, 0.73%, 11, 0, 9, 1427.08
1639598430, 3, 283, 291, 129, 6, 0.74%, 11, 0, 9, 1428.85
1639598435, 3, 284, 292, 129, 6, 0.74%, 11, 0, 9, 1434.26
1639598440, 3, 286, 292, 127, 4, 0.74%, 11, 0, 9, 1439.20
1639598445, 3, 287, 292, 126, 3, 0.74%, 11, 0, 9, 1460.57
1639598450, 3, 288, 298, 131, 2, 0.77%, 11, 0, 10, 1436.61
1639598455, 3, 291, 300, 132, 5, 0.78%, 11, 0, 10, 1439.87
1639598460, 3, 294, 303, 134, 6, 0.79%, 11, 0, 11, 1442.40
1639598465, 3, 295, 305, 135, 8, 0.79%, 11, 0, 11, 1449.70
