# unix_time, cycles_done, cur_path, paths_total, pending_total, pending_favs, map_size, unique_crashes, unique_hangs, max_depth, execs_per_sec
1639514718, 0, 0, 362, 362, 61, 0.84%, 0, 0, 1, 1005.56
1639514723, 0, 67, 370, 365, 58, 0.84%, 64, 0, 2, 1163.64
1639514728, 0, 83, 373, 364, 55, 0.84%, 75, 0, 2, 1238.23
1639514734, 0, 122, 374, 355, 46, 0.84%, 78, 0, 2, 1312.38
1639514739, 0, 179, 375, 346, 36, 0.84%, 80, 0, 2, 1395.14
1639514744, 0, 232, 377, 338, 27, 0.84%, 83, 0, 2, 1411.60
1639514749, 0, 305, 377, 326, 15, 0.84%, 83, 0, 2, 1409.93
1639514754, 0, 363, 379, 317, 6, 0.84%, 85, 0, 3, 1425.24
1639514759, 0, 377, 383, 316, 2, 0.84%, 86, 0, 3, 1415.76
1639514764, 1, 15, 384, 309, 0, 0.84%, 86, 0, 4, 1435.73
1639514769, 1, 32, 384, 302, 0, 0.84%, 86, 0, 4, 1446.84
1639514774, 1, 385, 387, 301, 1, 0.84%, 86, 0, 4, 1436.83
1639514779, 2, 37, 388, 295, 0, 0.84%, 86, 0, 4, 1426.21
1639514784, 2, 62, 388, 289, 0, 0.84%, 86, 0, 4, 1414.93
1639514790, 2, 85, 388, 284, 0, 0.84%, 87, 0, 4, 1422.09
1639514795, 2, 118, 388, 279, 0, 0.84%, 89, 0, 4, 1401.02
1639514800, 2, 388, 389, 279, 1, 0.84%, 89, 0, 4, 1415.26
1639514805, 3, 22, 389, 277, 0, 0.84%, 89, 0, 4, 1402.39
1639514810, 3, 54, 389, 272, 0, 0.84%, 89, 0, 4, 1343.86
1639514815, 3, 80, 389, 269, 0, 0.84%, 89, 0, 4, 1347.79
1639514820, 3, 97, 390, 264, 0, 0.84%, 89, 0, 4, 1365.17
1639514825, 3, 114, 390, 255, 0, 0.84%, 89, 0, 4, 1363.42
1639514830, 3, 126, 390, 252, 0, 0.84%, 89, 0, 4, 1368.06
1639514836, 3, 153, 390, 247, 0, 0.84%, 89, 0, 4, 1366.59
1639514841, 3, 175, 390, 242, 0, 0.84%, 89, 0, 4, 1349.86
1639514846, 3, 198, 390, 235, 0, 0.84%, 89, 0, 4, 1383.06
1639514851, 3, 224, 390, 228, 0, 0.84%, 90, 0, 4, 1572.97
1639514856, 3, 246, 390, 224, 0, 0.84%, 90, 0, 4, 1436.48
1639514861, 3, 275, 391, 215, 0, 0.84%, 90, 0, 4, 1403.36
1639514866, 3, 290, 391, 210, 0, 0.84%, 90, 0, 4, 1409.52
1639514871, 3, 318, 391, 205, 0, 0.84%, 91, 0, 4, 1387.84
1639514876, 3, 339, 391, 199, 0, 0.84%, 91, 0, 4, 1368.22
1639514881, 3, 376, 391, 193, 0, 0.84%, 91, 0, 4, 1363.22
1639514887, 3, 387, 392, 191, 0, 0.84%, 91, 0, 4, 1347.28
1639514892, 4, 14, 392, 189, 0, 0.84%, 91, 0, 4, 1347.45
1639514897, 4, 392, 393, 186, 1, 0.84%, 91, 0, 4, 1365.38
1639514902, 5, 22, 393, 185, 0, 0.84%, 91, 0, 4, 1406.27
1639514907, 5, 72, 393, 181, 0, 0.84%, 91, 0, 4, 1394.04
1639514912, 5, 87, 393, 179, 0, 0.84%, 91, 0, 4, 1395.43
1639514917, 5, 119, 393, 177, 0, 0.84%, 91, 0, 4, 1388.23
1639514922, 5, 140, 393, 174, 0, 0.84%, 91, 0, 4, 1387.53
1639514927, 5, 162, 393, 168, 0, 0.84%, 91, 0, 4, 1373.36
1639514932, 5, 195, 393, 164, 0, 0.84%, 91, 0, 4, 1375.69
1639514937, 5, 215, 393, 159, 0, 0.84%, 91, 0, 4, 1338.52
1639514942, 5, 232, 393, 156, 0, 0.84%, 91, 0, 4, 1323.93
1639514947, 5, 265, 393, 154, 0, 0.84%, 91, 0, 4, 1320.28
1639514953, 5, 287, 396, 152, 0, 0.84%, 91, 0, 4, 1365.73
1639514958, 5, 308, 396, 148, 0, 0.84%, 91, 0, 4, 1378.76
1639514963, 5, 330, 396, 144, 0, 0.84%, 91, 0, 4, 1379.23
1639514968, 5, 359, 396, 137, 0, 0.84%, 91, 0, 4, 1388.04
1639514973, 5, 388, 397, 135, 0, 0.84%, 91, 0, 4, 1416.22
1639514978, 6, 4, 398, 135, 0, 0.84%, 91, 0, 4, 1395.87
1639514983, 6, 69, 399, 133, 0, 0.84%, 91, 0, 4, 1373.56
1639514988, 6, 91, 399, 132, 0, 0.84%, 91, 0, 4, 1376.71
1639514993, 6, 126, 399, 130, 0, 0.84%, 91, 0, 4, 1379.51
1639514998, 6, 173, 399, 127, 0, 0.84%, 91, 0, 4, 1351.24
1639515003, 6, 219, 399, 123, 0, 0.84%, 91, 0, 4, 1356.12
1639515009, 6, 238, 399, 120, 0, 0.84%, 91, 0, 4, 1364.16
1639515014, 6, 280, 399, 114, 0, 0.84%, 91, 0, 4, 1415.91
