# unix_time, cycles_done, cur_path, paths_total, pending_total, pending_favs, map_size, unique_crashes, unique_hangs, max_depth, execs_per_sec
1639597868, 0, 0, 1, 1, 1, 0.12%, 0, 0, 1, 1333.33
1639597873, 0, 0, 84, 84, 1, 0.46%, 2, 0, 2, 1402.16
1639597878, 0, 6, 117, 115, 40, 0.48%, 3, 0, 3, 1388.20
1639597883, 0, 30, 128, 116, 34, 0.49%, 3, 0, 3, 1417.09
1639597889, 0, 55, 139, 116, 23, 0.51%, 5, 0, 3, 1427.92
1639597894, 0, 64, 164, 137, 23, 0.54%, 9, 0, 3, 1383.56
1639597899, 0, 75, 174, 141, 23, 0.55%, 12, 0, 3, 1419.10
1639597904, 0, 113, 185, 147, 20, 0.56%, 12, 0, 4, 1441.41
1639597909, 0, 127, 191, 150, 18, 0.57%, 12, 0, 4, 1448.54
1639597914, 0, 158, 196, 150, 14, 0.58%, 14, 0, 4, 1435.28
1639597919, 0, 173, 211, 161, 16, 0.63%, 14, 0, 4, 1429.84
1639597924, 0, 182, 226, 173, 16, 0.63%, 14, 0, 5, 1415.56
1639597929, 0, 188, 230, 176, 15, 0.63%, 14, 0, 5, 1434.21
1639597934, 0, 200, 233, 175, 12, 0.63%, 14, 0, 5, 1443.73
1639597940, 0, 204, 238, 177, 10, 0.64%, 15, 0, 5, 1342.86
1639597945, 0, 214, 239, 176, 12, 0.64%, 16, 0, 5, 1378.07
1639597950, 0, 215, 243, 179, 11, 0.64%, 17, 0, 6, 1389.54
1639597955, 0, 215, 246, 182, 11, 0.64%, 17, 0, 6, 1407.33
1639597960, 0, 221, 249, 183, 11, 0.64%, 17, 0, 6, 1427.75
1639597965, 0, 233, 256, 188, 9, 0.65%, 17, 0, 6, 1423.86
1639597970, 0, 237, 257, 187, 9, 0.65%, 17, 0, 6, 1398.22
1639597975, 0, 251, 259, 186, 6, 0.65%, 17, 0, 7, 1412.86
1639597980, 1, 141, 261, 182, 2, 0.65%, 17, 0, 7, 1437.89
1639597985, 1, 173, 262, 178, 0, 0.65%, 17, 0, 7, 1427.84
1639597990, 1, 262, 263, 177, 1, 0.65%, 17, 0, 7, 1439.47
1639597995, 2, 32, 265, 176, 0, 0.65%, 17, 0, 7, 1443.96
1639598000, 2, 53, 265, 171, 0, 0.65%, 17, 0, 7, 1404.20
1639598005, 2, 72, 267, 169, 0, 0.65%, 17, 0, 7, 1438.20
1639598010, 2, 92, 267, 164, 0, 0.65%, 17, 0, 7, 1419.82
1639598015, 2, 122, 269, 161, 0, 0.65%, 17, 0, 7, 1433.99
1639598021, 2, 143, 269, 156, 0, 0.65%, 17, 0, 7, 1435.70
1639598026, 2, 162, 269, 152, 0, 0.65%, 17, 0, 7, 1435.11
1639598031, 2, 180, 269, 148, 0, 0.65%, 17, 0, 7, 1424.26
1639598036, 2, 270, 273, 150, 1, 0.65%, 17, 0, 7, 1426.43
1639598041, 3, 13, 275, 148, 0, 0.66%, 17, 0, 7, 1445.37
1639598046, 3, 42, 276, 145, 0, 0.66%, 17, 0, 7, 1449.39
1639598051, 3, 63, 281, 149, 0, 0.66%, 17, 0, 7, 1433.17
1639598056, 3, 97, 282, 148, 0, 0.66%, 17, 0, 7, 1426.84
1639598061, 3, 137, 282, 143, 0, 0.66%, 17, 0, 7, 1424.93
1639598067, 3, 173, 283, 141, 0, 0.66%, 17, 0, 7, 1422.08
1639598072, 3, 188, 283, 138, 0, 0.66%, 17, 0, 7, 1432.94
1639598077, 3, 284, 285, 140, 1, 0.66%, 17, 0, 7, 1428.14
1639598082, 4, 40, 285, 137, 0, 0.66%, 17, 0, 7, 1443.54
1639598087, 4, 72, 285, 134, 0, 0.66%, 17, 0, 7, 2048.31
1639598092, 4, 116, 285, 127, 0, 0.66%, 17, 0, 7, 1787.00
1639598097, 4, 137, 285, 124, 0, 0.66%, 17, 0, 7, 1417.18
1639598102, 4, 173, 285, 123, 0, 0.66%, 17, 0, 7, 1425.43
1639598107, 4, 188, 285, 121, 0, 0.66%, 17, 0, 7, 1436.20
1639598112, 4, 189, 289, 125, 0, 0.66%, 17, 0, 7, 1454.87
1639598118, 4, 198, 290, 125, 0, 0.66%, 17, 0, 7, 1452.19
1639598123, 4, 235, 292, 126, 1, 0.67%, 17, 0, 7, 1413.59
1639598128, 5, 19, 292, 123, 0, 0.67%, 17, 0, 7, 1438.47
1639598133, 5, 49, 292, 123, 0, 0.67%, 17, 0, 7, 1445.34
1639598138, 5, 167, 293, 124, 1, 0.69%, 17, 0, 7, 1451.14
1639598143, 6, 14, 295, 124, 0, 0.69%, 17, 0, 7, 1438.84
1639598148, 6, 48, 295, 124, 0, 0.69%, 17, 0, 7, 1438.32
1639598153, 7, 0, 296, 123, 0, 0.72%, 18, 0, 7, 1440.18
1639598158, 7, 28, 297, 120, 0, 0.72%, 18, 0, 7, 1443.59
1639598163, 7, 54, 297, 119, 0, 0.72%, 18, 0, 7, 1449.92
