# unix_time, cycles_done, cur_path, paths_total, pending_total, pending_favs, map_size, unique_crashes, unique_hangs, max_depth, execs_per_sec
1639601485, 0, 0, 1, 1, 1, 0.12%, 0, 0, 1, 1142.86
1639601490, 0, 0, 76, 76, 1, 0.44%, 5, 0, 2, 1263.71
1639601495, 0, 7, 91, 89, 38, 0.45%, 5, 0, 3, 1313.44
1639601500, 0, 11, 105, 101, 38, 0.46%, 5, 0, 3, 1304.45
1639601505, 0, 13, 124, 119, 37, 0.46%, 6, 0, 3, 1310.44
1639601510, 0, 30, 138, 124, 33, 0.50%, 7, 0, 3, 1311.63
1639601515, 0, 31, 147, 132, 36, 0.50%, 7, 0, 3, 1299.29
1639601520, 0, 48, 152, 128, 29, 0.51%, 7, 0, 3, 1320.89
1639601525, 0, 66, 161, 128, 21, 0.53%, 7, 0, 3, 1327.70
1639601530, 0, 94, 175, 137, 17, 0.54%, 8, 0, 4, 1355.73
1639601535, 0, 136, 185, 141, 12, 0.54%, 8, 0, 4, 1377.50
1639601540, 0, 153, 190, 140, 7, 0.54%, 8, 0, 4, 1281.27
1639601545, 0, 164, 194, 143, 7, 0.55%, 8, 0, 5, 1191.13
1639601550, 0, 169, 204, 152, 7, 0.57%, 9, 0, 5, 1128.96
1639601556, 0, 185, 208, 154, 11, 0.59%, 9, 0, 5, 1136.65
1639601561, 0, 196, 214, 157, 12, 0.61%, 9, 0, 6, 1233.42
1639601566, 0, 200, 218, 158, 11, 0.61%, 10, 0, 6, 1258.37
1639601571, 0, 205, 221, 160, 10, 0.61%, 10, 0, 6, 731.43
1639601576, 0, 205, 222, 161, 10, 0.61%, 10, 0, 6, 1188.36
1639601581, 0, 212, 227, 161, 11, 0.64%, 11, 0, 6, 1314.30
1639601586, 0, 214, 231, 164, 10, 0.64%, 11, 0, 7, 1388.95
1639601591, 0, 216, 239, 171, 9, 0.64%, 11, 0, 7, 1371.11
1639601597, 0, 223, 243, 172, 7, 0.65%, 12, 0, 7, 1381.20
1639601602, 0, 226, 247, 173, 6, 0.65%, 12, 0, 7, 1379.37
1639601607, 0, 242, 252, 176, 4, 0.66%, 12, 0, 8, 1355.25
1639601612, 0, 247, 255, 177, 4, 0.66%, 12, 0, 9, 1343.01
1639601617, 0, 253, 257, 177, 3, 0.66%, 12, 0, 10, 1371.67
1639601622, 1, 50, 257, 173, 0, 0.66%, 12, 0, 10, 1352.77
1639601627, 1, 65, 258, 168, 0, 0.66%, 12, 0, 10, 1374.70
1639601632, 1, 90, 258, 161, 0, 0.66%, 12, 0, 10, 1395.15
1639601637, 1, 103, 258, 158, 0, 0.66%, 12, 0, 10, 1395.22
1639601643, 1, 134, 258, 152, 0, 0.66%, 12, 0, 10, 1411.11
1639601648, 1, 155, 260, 153, 0, 0.66%, 12, 0, 10, 1385.17
1639601653, 1, 169, 261, 152, 0, 0.66%, 12, 0, 10, 1367.51
1639601658, 1, 260, 263, 153, 1, 0.66%, 12, 0, 10, 1317.58
1639601663, 1, 261, 265, 154, 0, 0.66%, 12, 0, 10, 1348.98
1639601668, 2, 13, 265, 151, 0, 0.66%, 12, 0, 10, 1348.75
1639601673, 2, 34, 265, 148, 0, 0.66%, 12, 0, 10, 1348.12
1639601678, 2, 48, 265, 147, 0, 0.66%, 12, 0, 10, 1176.34
1639601683, 2, 73, 266, 146, 0, 0.66%, 13, 0, 10, 1354.39
1639601688, 2, 104, 268, 144, 0, 0.66%, 13, 0, 10, 1381.97
1639601694, 2, 131, 268, 139, 0, 0.66%, 13, 0, 10, 1362.28
1639601699, 2, 149, 273, 142, 0, 0.66%, 13, 0, 10, 1335.37
1639601704, 2, 272, 274, 142, 0, 0.66%, 13, 0, 10, 1265.14
1639601709, 3, 19, 274, 139, 0, 0.66%, 13, 0, 10, 1261.99
1639601714, 3, 36, 274, 137, 0, 0.66%, 13, 0, 10, 1287.86
1639601719, 3, 55, 274, 136, 0, 0.66%, 13, 0, 10, 1235.81
1639601724, 4, 13, 275, 135, 0, 0.70%, 14, 0, 10, 1182.82
1639601729, 4, 36, 275, 135, 0, 0.70%, 14, 0, 10, 1220.82
1639601734, 4, 58, 275, 134, 0, 0.70%, 14, 0, 10, 1314.68
1639601739, 4, 275, 277, 136, 1, 0.70%, 14, 0, 10, 1388.68
1639601744, 5, 24, 277, 133, 0, 0.70%, 14, 0, 10, 1453.85
1639601749, 5, 48, 277, 132, 0, 0.70%, 14, 0, 10, 1449.07
1639601755, 5, 78, 278, 132, 0, 0.70%, 14, 0, 10, 1377.69
1639601760, 5, 100, 278, 129, 0, 0.70%, 14, 0, 10, 1467.91
1639601765, 5, 151, 278, 123, 0, 0.70%, 14, 0, 10, 2269.87
1639601770, 5, 164, 278, 119, 0, 0.70%, 14, 0, 10, 1549.02
1639601775, 5, 171, 279, 119, 0, 0.70%, 15, 0, 10, 1325.87
1639601780, 5, 175, 279, 116, 0, 0.70%, 15, 0, 10, 1325.34
