# unix_time, cycles_done, cur_path, paths_total, pending_total, pending_favs, map_size, unique_crashes, unique_hangs, max_depth, execs_per_sec
1639438964, 0, 0, 390, 390, 61, 0.81%, 0, 0, 1, 1154.27
1639438969, 0, 66, 390, 378, 49, 0.81%, 46, 0, 1, 1373.98
1639438974, 0, 111, 393, 373, 42, 0.81%, 63, 0, 2, 1429.45
1639438979, 0, 193, 393, 363, 34, 0.81%, 66, 0, 2, 1451.36
1639438984, 0, 239, 393, 352, 23, 0.81%, 68, 0, 2, 1458.10
1639438989, 0, 301, 396, 346, 14, 0.81%, 69, 0, 2, 1685.80
1639438994, 0, 364, 397, 340, 8, 0.81%, 69, 0, 2, 1472.83
1639439000, 0, 390, 401, 337, 2, 0.81%, 69, 0, 3, 1358.16
1639439005, 1, 23, 401, 330, 0, 0.81%, 70, 0, 3, 1399.20
1639439010, 1, 55, 401, 326, 0, 0.81%, 70, 0, 3, 1421.54
1639439015, 1, 94, 401, 321, 0, 0.81%, 71, 0, 3, 1429.54
1639439020, 1, 110, 403, 320, 0, 0.81%, 72, 0, 3, 1413.43
1639439025, 1, 134, 403, 313, 0, 0.81%, 72, 0, 3, 1398.35
1639439030, 1, 155, 403, 305, 0, 0.81%, 72, 0, 3, 1410.50
1639439035, 1, 197, 403, 301, 0, 0.81%, 72, 0, 3, 1419.93
1639439041, 1, 217, 403, 293, 0, 0.81%, 72, 0, 3, 1414.99
1639439046, 1, 239, 403, 289, 0, 0.81%, 72, 0, 3, 1413.78
1639439051, 1, 263, 403, 286, 0, 0.81%, 72, 0, 3, 1426.25
1639439056, 1, 293, 403, 280, 0, 0.81%, 72, 0, 3, 1409.60
1639439061, 1, 304, 403, 275, 0, 0.81%, 72, 0, 3, 1420.71
1639439066, 1, 320, 403, 269, 0, 0.81%, 72, 0, 3, 1415.93
1639439071, 1, 344, 403, 263, 0, 0.81%, 72, 0, 3, 1412.36
1639439077, 1, 362, 403, 256, 0, 0.81%, 72, 0, 3, 1421.49
1639439082, 1, 395, 403, 252, 0, 0.81%, 73, 0, 3, 1406.36
1639439087, 2, 32, 403, 248, 0, 0.81%, 73, 0, 3, 1418.75
1639439092, 2, 51, 404, 246, 0, 0.81%, 73, 0, 3, 1424.14
1639439097, 2, 88, 404, 242, 0, 0.81%, 73, 0, 3, 1413.25
1639439102, 2, 105, 404, 239, 0, 0.81%, 73, 0, 3, 1424.85
1639439107, 2, 131, 404, 233, 0, 0.81%, 73, 0, 3, 1414.65
1639439112, 2, 164, 404, 230, 0, 0.81%, 73, 0, 3, 1424.73
1639439117, 2, 198, 404, 224, 0, 0.81%, 73, 0, 3, 1421.45
1639439122, 2, 232, 404, 220, 0, 0.81%, 73, 0, 3, 1419.09
1639439127, 2, 254, 405, 217, 0, 0.81%, 73, 0, 3, 1436.76
1639439133, 2, 291, 405, 213, 0, 0.81%, 73, 0, 3, 1444.45
1639439138, 2, 305, 405, 210, 0, 0.81%, 73, 0, 3, 1426.68
1639439143, 2, 345, 405, 205, 0, 0.81%, 73, 0, 3, 1412.73
1639439148, 2, 372, 405, 199, 0, 0.81%, 73, 0, 3, 1385.19
1639439153, 2, 400, 405, 196, 0, 0.81%, 73, 0, 3, 1420.24
1639439158, 3, 27, 405, 187, 0, 0.81%, 73, 0, 3, 1421.63
1639439163, 3, 50, 405, 184, 0, 0.81%, 73, 0, 3, 1440.32
1639439168, 3, 72, 405, 177, 0, 0.81%, 73, 0, 3, 1422.32
1639439173, 3, 99, 405, 173, 0, 0.81%, 73, 0, 3, 1404.90
1639439178, 3, 140, 405, 171, 0, 0.81%, 73, 0, 3, 1184.79
1639439183, 3, 172, 405, 166, 0, 0.81%, 73, 0, 3, 1351.37
1639439188, 3, 221, 406, 163, 0, 0.81%, 73, 0, 3, 1404.86
1639439194, 3, 242, 406, 159, 0, 0.81%, 73, 0, 3, 1429.94
1639439199, 3, 280, 406, 155, 0, 0.81%, 73, 0, 3, 1410.43
1639439204, 3, 305, 406, 153, 0, 0.81%, 73, 0, 3, 1401.69
1639439209, 3, 353, 406, 150, 0, 0.81%, 73, 0, 3, 1418.88
1639439214, 3, 398, 407, 150, 0, 0.81%, 73, 0, 3, 1423.81
1639439219, 4, 38, 410, 148, 0, 0.81%, 73, 0, 4, 1439.27
1639439224, 4, 65, 410, 144, 0, 0.81%, 73, 0, 4, 1434.04
1639439230, 4, 100, 411, 141, 0, 0.81%, 73, 0, 4, 1429.77
1639439235, 4, 126, 411, 139, 0, 0.81%, 73, 0, 4, 1434.66
1639439240, 4, 169, 411, 135, 0, 0.81%, 73, 0, 4, 1428.31
1639439245, 4, 196, 412, 131, 0, 0.81%, 73, 0, 4, 1413.98
1639439250, 4, 239, 412, 128, 0, 0.81%, 73, 0, 4, 1421.28
1639439255, 4, 293, 412, 125, 0, 0.81%, 73, 0, 4, 1420.34
1639439261, 4, 335, 412, 124, 0, 0.81%, 73, 0, 4, 1410.62
