# unix_time, cycles_done, cur_path, paths_total, pending_total, pending_favs, map_size, unique_crashes, unique_hangs, max_depth, execs_per_sec
1639526305, 0, 0, 1, 1, 1, 0.12%, 0, 0, 1, 2000.00
1639526310, 0, 0, 73, 73, 1, 0.40%, 6, 0, 2, 1561.05
1639526315, 0, 2, 94, 93, 36, 0.41%, 6, 0, 3, 1495.77
1639526321, 0, 18, 118, 110, 32, 0.43%, 6, 0, 3, 1473.05
1639526326, 0, 49, 135, 113, 20, 0.46%, 7, 0, 3, 1476.52
1639526331, 0, 85, 143, 110, 12, 0.47%, 7, 0, 3, 1475.87
1639526336, 0, 103, 154, 119, 10, 0.48%, 7, 0, 4, 1489.50
1639526341, 0, 136, 173, 131, 7, 0.50%, 7, 0, 4, 2237.49
1639526346, 0, 166, 180, 131, 7, 0.50%, 7, 0, 5, 1965.81
1639526351, 0, 171, 186, 134, 5, 0.50%, 7, 0, 5, 1547.77
1639526356, 0, 172, 191, 138, 4, 0.52%, 7, 0, 5, 1500.74
1639526361, 0, 186, 195, 139, 6, 0.55%, 7, 0, 6, 1484.41
1639526366, 0, 191, 200, 140, 5, 0.55%, 7, 0, 6, 1474.77
1639526371, 0, 192, 203, 142, 9, 0.56%, 7, 0, 6, 1403.81
1639526376, 0, 200, 207, 141, 6, 0.57%, 7, 0, 7, 1452.74
1639526381, 0, 201, 218, 151, 5, 0.58%, 7, 0, 7, 1442.05
1639526387, 0, 208, 224, 153, 8, 0.61%, 9, 0, 8, 1471.79
1639526392, 0, 210, 226, 154, 8, 0.61%, 9, 0, 8, 1466.07
1639526397, 0, 219, 242, 167, 6, 0.63%, 9, 0, 9, 1474.55
1639526402, 0, 220, 245, 169, 15, 0.63%, 9, 0, 9, 1457.85
1639526407, 0, 224, 250, 172, 13, 0.63%, 9, 0, 9, 1454.73
1639526412, 0, 226, 253, 174, 12, 0.63%, 9, 0, 9, 1429.64
1639526417, 0, 233, 253, 173, 11, 0.63%, 9, 0, 9, 1350.22
1639526422, 0, 236, 255, 172, 8, 0.63%, 9, 0, 10, 1449.08
1639526427, 0, 241, 257, 170, 4, 0.64%, 9, 0, 10, 1464.58
1639526432, 1, 30, 257, 166, 0, 0.64%, 9, 0, 10, 1448.79
1639526437, 2, 24, 259, 162, 0, 0.64%, 9, 0, 10, 1474.67
1639526442, 2, 51, 260, 161, 0, 0.64%, 9, 0, 10, 1429.20
1639526447, 2, 206, 264, 162, 1, 0.64%, 9, 0, 10, 1449.55
1639526452, 2, 261, 266, 162, 0, 0.64%, 10, 0, 10, 1435.85
1639526457, 2, 262, 268, 163, 0, 0.65%, 10, 0, 10, 1425.54
1639526463, 2, 268, 274, 168, 1, 0.65%, 11, 0, 10, 1451.96
1639526468, 2, 271, 275, 168, 2, 0.65%, 11, 0, 10, 1435.57
1639526473, 2, 272, 276, 168, 1, 0.65%, 11, 0, 11, 1452.16
1639526478, 3, 3, 278, 169, 0, 0.65%, 11, 0, 11, 1454.92
1639526483, 3, 33, 282, 169, 0, 0.65%, 11, 0, 11, 1480.08
1639526488, 3, 67, 282, 166, 0, 0.65%, 11, 0, 11, 1467.79
1639526493, 3, 77, 286, 166, 0, 0.65%, 12, 0, 11, 1432.44
1639526498, 3, 119, 287, 159, 0, 0.65%, 12, 0, 11, 1471.31
1639526503, 3, 149, 287, 155, 0, 0.65%, 12, 0, 11, 1468.19
1639526508, 3, 164, 287, 152, 0, 0.65%, 12, 0, 11, 1476.05
1639526513, 3, 180, 287, 151, 0, 0.65%, 12, 0, 11, 1477.58
1639526518, 3, 193, 289, 153, 0, 0.65%, 12, 0, 11, 1468.61
1639526524, 3, 202, 290, 153, 0, 0.65%, 12, 0, 11, 1438.81
1639526529, 3, 210, 291, 154, 0, 0.65%, 13, 0, 11, 1446.02
1639526534, 3, 216, 291, 153, 0, 0.65%, 13, 0, 11, 1471.21
1639526539, 3, 222, 294, 154, 0, 0.65%, 13, 0, 11, 1457.32
1639526544, 3, 226, 295, 154, 0, 0.65%, 13, 0, 11, 1467.27
1639526549, 3, 264, 296, 155, 1, 0.65%, 13, 0, 11, 1460.08
1639526554, 3, 281, 296, 154, 1, 0.65%, 14, 0, 11, 1454.47
1639526559, 3, 295, 297, 154, 1, 0.65%, 14, 0, 11, 1479.06
1639526564, 3, 296, 300, 156, 0, 0.65%, 14, 0, 12, 1480.67
1639526569, 3, 299, 302, 157, 0, 0.65%, 14, 0, 13, 1479.93
1639526575, 4, 18, 302, 153, 0, 0.65%, 14, 0, 13, 1442.91
1639526580, 4, 54, 302, 151, 0, 0.65%, 14, 0, 13, 1464.16
1639526585, 4, 85, 302, 148, 0, 0.65%, 14, 0, 13, 1461.37
1639526590, 4, 121, 304, 144, 0, 0.65%, 14, 0, 13, 1439.73
1639526595, 4, 159, 305, 144, 1, 0.65%, 14, 0, 13, 1441.05
1639526600, 4, 290, 306, 143, 1, 0.65%, 14, 0, 13, 1453.04
1639526605, 4, 304, 306, 142, 1, 0.65%, 14, 0, 13, 1472.22
