# unix_time, cycles_done, cur_path, paths_total, pending_total, pending_favs, map_size, unique_crashes, unique_hangs, max_depth, execs_per_sec
1639480956, 0, 0, 1, 1, 1, 0.12%, 0, 0, 1, 2000.00
1639480961, 0, 0, 83, 83, 1, 0.48%, 2, 0, 2, 1536.21
1639480966, 0, 5, 106, 103, 42, 0.49%, 5, 0, 3, 1428.01
1639480971, 0, 30, 115, 101, 32, 0.51%, 5, 0, 3, 1435.84
1639480976, 0, 37, 130, 111, 29, 0.53%, 5, 0, 3, 1426.86
1639480981, 0, 58, 142, 113, 21, 0.53%, 6, 0, 3, 1382.18
1639480987, 0, 61, 151, 120, 24, 0.55%, 7, 0, 3, 1405.69
1639480992, 0, 86, 166, 125, 16, 0.56%, 7, 0, 3, 1363.53
1639480997, 0, 106, 172, 129, 15, 0.56%, 7, 0, 4, 1385.39
1639481002, 0, 108, 179, 135, 16, 0.57%, 8, 0, 4, 1416.39
1639481007, 0, 143, 187, 137, 11, 0.58%, 8, 0, 4, 1421.02
1639481012, 0, 149, 190, 137, 12, 0.58%, 8, 0, 4, 1397.50
1639481017, 0, 169, 197, 140, 9, 0.60%, 9, 0, 5, 1411.12
1639481022, 0, 171, 200, 142, 13, 0.62%, 9, 0, 5, 1426.28
1639481027, 0, 184, 208, 147, 12, 0.62%, 9, 0, 5, 1421.15
1639481032, 0, 185, 212, 150, 14, 0.63%, 9, 0, 5, 1405.53
1639481037, 0, 186, 217, 154, 14, 0.63%, 9, 0, 5, 1434.82
1639481042, 0, 194, 222, 155, 13, 0.64%, 9, 0, 6, 1433.31
1639481047, 0, 197, 229, 159, 13, 0.65%, 9, 0, 6, 1445.58
1639481052, 0, 204, 232, 160, 12, 0.65%, 9, 0, 6, 1415.94
1639481057, 0, 210, 233, 158, 9, 0.65%, 10, 0, 6, 1435.29
1639481062, 0, 222, 235, 155, 4, 0.65%, 10, 0, 7, 1433.52
1639481067, 0, 236, 237, 153, 2, 0.65%, 10, 0, 7, 1415.47
1639481072, 1, 37, 238, 150, 0, 0.65%, 10, 0, 7, 1413.72
1639481078, 1, 71, 240, 147, 0, 0.65%, 10, 0, 7, 1442.14
1639481083, 1, 94, 242, 145, 0, 0.65%, 10, 0, 7, 1444.27
1639481088, 2, 10, 243, 141, 0, 0.66%, 12, 0, 7, 1414.23
1639481093, 2, 44, 244, 141, 0, 0.66%, 12, 0, 7, 1439.43
1639481098, 3, 7, 246, 139, 0, 0.66%, 12, 0, 7, 1417.03
1639481103, 3, 37, 248, 139, 0, 0.66%, 12, 0, 7, 1413.59
1639481108, 3, 70, 249, 137, 0, 0.66%, 12, 0, 7, 1446.84
1639481113, 3, 95, 250, 135, 0, 0.66%, 13, 0, 7, 1441.67
1639481118, 3, 250, 251, 132, 1, 0.66%, 13, 0, 7, 1403.25
1639481123, 4, 3, 253, 131, 0, 0.66%, 13, 0, 7, 1418.92
1639481128, 4, 30, 255, 131, 0, 0.66%, 13, 0, 7, 1424.54
1639481133, 4, 57, 255, 129, 0, 0.66%, 14, 0, 7, 1412.53
1639481138, 4, 255, 258, 130, 1, 0.67%, 14, 0, 7, 1437.80
1639481143, 4, 256, 259, 130, 1, 0.67%, 14, 0, 7, 1430.64
1639481154, 5, 26, 259, 128, 0, 0.67%, 14, 0, 7, 1431.72
1639481159, 5, 62, 259, 127, 0, 0.67%, 16, 0, 7, 1426.80
1639481164, 5, 100, 259, 124, 0, 0.67%, 16, 0, 7, 1435.39
1639481169, 5, 118, 262, 123, 0, 0.67%, 16, 0, 7, 1431.53
1639481174, 5, 147, 264, 117, 0, 0.67%, 16, 0, 7, 1445.98
1639481180, 5, 179, 264, 115, 0, 0.67%, 16, 0, 7, 1416.59
1639481185, 5, 186, 264, 113, 0, 0.67%, 16, 0, 7, 1411.05
1639481190, 5, 194, 265, 112, 0, 0.67%, 16, 0, 7, 1422.98
1639481195, 5, 197, 265, 112, 0, 0.67%, 16, 0, 7, 1515.89
1639481200, 5, 210, 265, 111, 0, 0.67%, 17, 0, 7, 1970.62
1639481205, 5, 220, 266, 110, 0, 0.67%, 17, 0, 7, 1540.79
1639481210, 5, 232, 266, 110, 0, 0.67%, 17, 0, 7, 1437.13
1639481215, 5, 262, 267, 110, 1, 0.70%, 17, 0, 8, 1437.42
1639481220, 5, 266, 276, 118, 1, 0.71%, 17, 0, 9, 1458.37
1639481225, 5, 266, 279, 121, 1, 0.72%, 17, 0, 9, 1465.13
1639481230, 5, 269, 280, 121, 10, 0.72%, 17, 0, 9, 1401.95
1639481240, 5, 270, 280, 120, 9, 0.72%, 17, 0, 9, 1437.88
1639481246, 5, 271, 280, 119, 8, 0.72%, 17, 0, 9, 1447.09
1639481256, 5, 272, 280, 118, 7, 0.72%, 17, 0, 9, 1442.60
