# unix_time, cycles_done, cur_path, paths_total, pending_total, pending_favs, map_size, unique_crashes, unique_hangs, max_depth, execs_per_sec
1639437142, 0, 0, 691, 691, 100, 0.89%, 0, 0, 1, 1293.10
1639437147, 0, 67, 691, 678, 88, 0.89%, 3, 0, 1, 1409.33
1639437153, 0, 127, 691, 667, 78, 0.89%, 3, 0, 1, 1463.49
1639437158, 0, 175, 691, 659, 70, 0.89%, 4, 0, 1, 1439.70
1639437163, 0, 244, 691, 649, 61, 0.89%, 5, 0, 1, 1438.31
1639437168, 0, 329, 691, 641, 53, 0.89%, 5, 0, 1, 1435.67
1639437173, 0, 386, 691, 630, 43, 0.89%, 6, 0, 1, 1451.82
1639437178, 0, 471, 691, 618, 34, 0.89%, 6, 0, 1, 1717.81
1639437183, 0, 543, 691, 606, 22, 0.89%, 6, 0, 1, 1577.92
1639437188, 0, 602, 691, 596, 13, 0.89%, 6, 0, 1, 1451.07
1639437193, 0, 634, 692, 591, 11, 0.89%, 6, 0, 2, 1439.15
1639437198, 1, 92, 692, 582, 2, 0.89%, 6, 0, 2, 1453.94
1639437203, 1, 351, 692, 578, 0, 0.89%, 7, 0, 2, 1444.51
1639437208, 1, 384, 692, 573, 0, 0.89%, 8, 0, 2, 1447.43
1639437213, 1, 420, 692, 567, 0, 0.89%, 9, 0, 2, 1454.20
1639437218, 1, 445, 692, 561, 0, 0.89%, 10, 0, 2, 1432.04
1639437223, 1, 471, 692, 554, 0, 0.89%, 10, 0, 2, 1446.76
1639437229, 1, 497, 692, 549, 0, 0.89%, 10, 0, 2, 1432.85
1639437234, 1, 538, 692, 541, 0, 0.89%, 10, 0, 2, 1463.64
1639437239, 1, 579, 692, 537, 0, 0.89%, 10, 0, 2, 1455.27
1639437244, 1, 606, 692, 533, 0, 0.89%, 11, 0, 2, 1431.46
1639437249, 1, 623, 693, 530, 0, 0.89%, 11, 0, 2, 1427.26
1639437254, 1, 651, 693, 524, 0, 0.89%, 12, 0, 2, 1436.05
1639437259, 1, 678, 694, 521, 0, 0.89%, 12, 0, 2, 1440.01
1639437264, 1, 694, 695, 519, 1, 0.89%, 12, 0, 3, 1444.65
1639437270, 2, 23, 695, 511, 0, 0.89%, 12, 0, 3, 1431.96
1639437275, 2, 45, 695, 505, 0, 0.89%, 12, 0, 3, 1454.33
1639437280, 2, 76, 695, 502, 0, 0.89%, 12, 0, 3, 1432.34
1639437285, 2, 95, 695, 494, 0, 0.89%, 12, 0, 3, 1456.79
1639437290, 2, 126, 695, 486, 0, 0.89%, 12, 0, 3, 1446.12
1639437295, 2, 147, 695, 481, 0, 0.89%, 13, 0, 3, 1447.14
1639437300, 2, 172, 695, 475, 0, 0.89%, 13, 0, 3, 1455.12
1639437305, 2, 190, 695, 472, 0, 0.89%, 13, 0, 3, 1445.70
1639437310, 2, 220, 695, 464, 0, 0.89%, 13, 0, 3, 1411.99
1639437315, 2, 259, 695, 458, 0, 0.89%, 13, 0, 3, 1450.84
1639437320, 2, 293, 695, 453, 0, 0.89%, 13, 0, 3, 1445.19
1639437325, 2, 341, 695, 448, 0, 0.89%, 13, 0, 3, 1461.56
1639437330, 2, 368, 695, 444, 0, 0.89%, 13, 0, 3, 1437.61
1639437335, 2, 405, 695, 439, 0, 0.89%, 13, 0, 3, 1465.97
1639437340, 2, 445, 695, 433, 0, 0.89%, 14, 0, 3, 1432.81
1639437345, 2, 485, 695, 426, 0, 0.89%, 14, 0, 3, 1443.64
1639437350, 2, 503, 695, 422, 0, 0.89%, 14, 0, 3, 1451.20
1639437355, 2, 531, 695, 414, 0, 0.89%, 14, 0, 3, 1454.63
1639437361, 2, 558, 695, 410, 0, 0.89%, 15, 0, 3, 1447.20
1639437366, 2, 595, 695, 407, 0, 0.89%, 15, 0, 3, 1459.20
1639437371, 2, 620, 695, 403, 0, 0.89%, 15, 0, 3, 1440.84
1639437376, 2, 644, 695, 398, 0, 0.89%, 15, 0, 3, 1445.17
1639437381, 2, 678, 695, 391, 0, 0.89%, 15, 0, 3, 1452.09
1639437386, 2, 695, 697, 391, 1, 0.89%, 15, 0, 5, 1442.92
1639437391, 2, 696, 699, 392, 1, 0.89%, 15, 0, 6, 1433.10
1639437396, 2, 697, 699, 391, 1, 0.89%, 15, 0, 6, 1436.21
1639437401, 3, 30, 699, 386, 0, 0.89%, 15, 0, 6, 1435.53
1639437406, 3, 69, 699, 383, 0, 0.89%, 15, 0, 6, 1440.65
1639437411, 3, 106, 699, 379, 0, 0.89%, 15, 0, 6, 1449.42
1639437417, 3, 143, 699, 373, 0, 0.89%, 15, 0, 6, 1446.64
1639437422, 3, 171, 699, 368, 0, 0.89%, 15, 0, 6, 1468.89
1639437427, 3, 190, 699, 365, 0, 0.89%, 15, 0, 6, 1461.09
1639437432, 3, 238, 699, 362, 0, 0.89%, 15, 0, 6, 1459.51
1639437437, 3, 276, 699, 355, 0, 0.89%, 16, 0, 6, 1455.50
