# unix_time, cycles_done, cur_path, paths_total, pending_total, pending_favs, map_size, unique_crashes, unique_hangs, max_depth, execs_per_sec
1639604201, 0, 0, 1, 1, 1, 0.12%, 0, 0, 1, 1333.33
1639604206, 0, 0, 76, 76, 1, 0.43%, 4, 0, 2, 1336.10
1639604211, 0, 5, 91, 89, 36, 0.45%, 5, 0, 3, 1324.10
1639604216, 0, 14, 117, 113, 36, 0.46%, 6, 0, 3, 1343.76
1639604221, 0, 34, 124, 111, 28, 0.46%, 6, 0, 3, 1396.62
1639604226, 0, 39, 135, 119, 27, 0.46%, 6, 0, 3, 1404.71
1639604231, 0, 76, 147, 115, 13, 0.47%, 6, 0, 3, 2170.45
1639604236, 0, 104, 153, 115, 9, 0.47%, 6, 0, 4, 1767.31
1639604241, 0, 125, 158, 117, 8, 0.48%, 6, 0, 4, 1328.59
1639604246, 0, 149, 162, 116, 4, 0.48%, 6, 0, 4, 1334.41
1639604251, 0, 153, 167, 119, 2, 0.49%, 7, 0, 5, 1351.29
1639604256, 0, 166, 173, 122, 4, 0.52%, 7, 0, 6, 1361.44
1639604261, 0, 168, 179, 126, 3, 0.54%, 7, 0, 6, 1371.50
1639604266, 0, 172, 181, 126, 6, 0.54%, 7, 0, 7, 1332.68
1639604271, 0, 176, 183, 125, 6, 0.54%, 7, 0, 7, 1325.55
1639604277, 0, 180, 192, 131, 6, 0.56%, 7, 0, 8, 1318.51
1639604282, 0, 188, 196, 131, 4, 0.56%, 7, 0, 8, 1328.63
1639604287, 0, 192, 199, 132, 3, 0.56%, 7, 0, 9, 1326.02
1639604292, 1, 47, 201, 130, 0, 0.56%, 7, 0, 10, 1322.68
1639604297, 1, 63, 201, 125, 0, 0.56%, 7, 0, 10, 1262.05
1639604302, 1, 76, 202, 123, 0, 0.56%, 7, 0, 10, 1171.80
1639604307, 1, 84, 202, 121, 0, 0.56%, 8, 0, 10, 1161.16
1639604312, 1, 111, 203, 114, 0, 0.56%, 8, 0, 10, 1232.72
1639604317, 1, 134, 203, 106, 0, 0.56%, 8, 0, 10, 1306.03
1639604322, 1, 153, 203, 105, 0, 0.56%, 8, 0, 10, 1349.70
1639604327, 1, 165, 203, 103, 0, 0.56%, 8, 0, 10, 1359.87
1639604332, 2, 6, 204, 102, 0, 0.57%, 9, 0, 10, 1350.08
1639604337, 2, 38, 205, 99, 0, 0.57%, 9, 0, 10, 1371.18
1639604342, 2, 65, 207, 99, 0, 0.57%, 9, 0, 10, 1385.55
1639604347, 2, 77, 207, 97, 0, 0.57%, 9, 0, 10, 1412.97
1639604352, 2, 105, 207, 93, 0, 0.57%, 10, 0, 10, 1415.39
1639604357, 2, 207, 211, 94, 2, 0.57%, 10, 0, 10, 1443.15
1639604362, 2, 208, 211, 93, 1, 0.57%, 10, 0, 10, 1441.65
1639604368, 2, 211, 227, 108, 1, 0.62%, 10, 0, 12, 1410.33
1639604373, 2, 211, 228, 109, 1, 0.63%, 10, 0, 12, 1408.54
1639604378, 2, 213, 229, 108, 8, 0.63%, 10, 0, 13, 1429.63
1639604383, 2, 216, 229, 107, 7, 0.63%, 10, 0, 13, 1410.43
1639604388, 2, 219, 232, 109, 6, 0.63%, 10, 0, 13, 1401.54
1639604393, 2, 222, 232, 107, 4, 0.63%, 10, 0, 13, 1394.28
1639604398, 2, 223, 232, 106, 3, 0.63%, 10, 0, 13, 1382.04
1639604403, 2, 223, 233, 107, 3, 0.63%, 10, 0, 13, 1371.84
1639604408, 2, 227, 234, 106, 1, 0.63%, 10, 0, 13, 1365.84
1639604413, 2, 233, 235, 106, 1, 0.63%, 10, 0, 13, 1362.93
1639604418, 2, 233, 237, 108, 1, 0.63%, 10, 0, 14, 1306.61
1639604423, 2, 236, 241, 111, 0, 0.63%, 10, 0, 15, 1255.57
1639604428, 2, 236, 242, 112, 0, 0.63%, 10, 0, 15, 1256.52
1639604433, 2, 241, 252, 121, 1, 0.64%, 10, 0, 16, 1285.35
1639604438, 2, 241, 254, 123, 1, 0.64%, 10, 0, 16, 1346.70
1639604443, 2, 244, 259, 127, 5, 0.64%, 10, 0, 17, 1327.16
1639604448, 2, 244, 261, 129, 5, 0.65%, 11, 0, 17, 1353.44
1639604454, 2, 246, 264, 131, 5, 0.65%, 11, 0, 17, 1325.45
1639604459, 2, 246, 269, 136, 5, 0.65%, 11, 0, 17, 1340.74
1639604464, 2, 248, 269, 135, 4, 0.65%, 11, 0, 17, 1354.86
1639604469, 2, 251, 271, 136, 3, 0.65%, 12, 0, 17, 1373.05
1639604474, 2, 251, 273, 138, 3, 0.65%, 12, 0, 17, 1368.47
1639604479, 2, 253, 274, 138, 4, 0.65%, 12, 0, 17, 1306.11
1639604484, 2, 259, 277, 140, 3, 0.65%, 12, 0, 18, 1311.77
1639604489, 2, 259, 278, 141, 3, 0.65%, 13, 0, 18, 1325.28
1639604494, 2, 271, 280, 142, 2, 0.65%, 13, 0, 18, 1335.76
1639604499, 2, 272, 284, 145, 1, 0.66%, 13, 0, 18, 1380.95
