# unix_time, cycles_done, cur_path, paths_total, pending_total, pending_favs, map_size, unique_crashes, unique_hangs, max_depth, execs_per_sec
1639513038, 0, 0, 1, 1, 1, 0.12%, 0, 0, 1, 1333.33
1639513043, 0, 0, 69, 69, 1, 0.45%, 3, 0, 2, 1438.73
1639513048, 0, 3, 87, 86, 40, 0.48%, 3, 0, 3, 1472.73
1639513053, 0, 7, 112, 109, 43, 0.51%, 3, 0, 3, 1455.48
1639513058, 0, 9, 118, 113, 42, 0.52%, 4, 0, 3, 1467.58
1639513063, 0, 26, 135, 121, 33, 0.53%, 5, 0, 3, 1463.34
1639513068, 0, 46, 154, 132, 29, 0.55%, 5, 0, 3, 1451.86
1639513073, 0, 58, 166, 139, 25, 0.56%, 6, 0, 3, 1430.93
1639513078, 0, 75, 182, 149, 22, 0.57%, 6, 0, 3, 1424.16
1639513084, 0, 99, 193, 153, 17, 0.58%, 6, 0, 4, 1425.85
1639513089, 0, 146, 199, 152, 12, 0.58%, 6, 0, 4, 1444.79
1639513094, 0, 158, 205, 156, 15, 0.60%, 6, 0, 4, 1477.31
1639513099, 0, 176, 218, 165, 11, 0.60%, 7, 0, 4, 1427.88
1639513104, 0, 197, 221, 164, 11, 0.60%, 9, 0, 4, 1452.99
1639513109, 0, 201, 228, 169, 9, 0.64%, 9, 0, 5, 1470.93
1639513114, 0, 214, 231, 169, 12, 0.64%, 9, 0, 5, 1464.45
1639513119, 0, 215, 235, 172, 12, 0.64%, 10, 0, 5, 1456.67
1639513124, 0, 216, 240, 176, 11, 0.64%, 10, 0, 5, 1453.39
1639513129, 0, 220, 242, 177, 9, 0.64%, 10, 0, 5, 1451.13
1639513135, 0, 224, 249, 180, 9, 0.65%, 10, 0, 6, 1476.85
1639513140, 0, 225, 252, 182, 10, 0.65%, 10, 0, 6, 1478.53
1639513145, 0, 230, 253, 179, 7, 0.65%, 10, 0, 6, 1468.64
1639513150, 0, 248, 254, 175, 4, 0.65%, 11, 0, 7, 1472.28
1639513155, 0, 254, 256, 174, 4, 0.67%, 11, 0, 8, 1474.11
1639513160, 0, 255, 262, 179, 3, 0.70%, 12, 0, 9, 1463.61
1639513165, 0, 258, 267, 181, 7, 0.71%, 12, 0, 10, 1473.00
1639513170, 0, 259, 268, 181, 10, 0.71%, 12, 0, 10, 1447.25
1639513175, 0, 262, 270, 180, 7, 0.71%, 12, 0, 11, 1457.29
1639513180, 0, 265, 272, 179, 6, 0.71%, 13, 0, 11, 1462.16
1639513185, 0, 267, 275, 181, 5, 0.71%, 13, 0, 11, 1454.58
1639513190, 0, 268, 279, 184, 4, 0.71%, 13, 0, 12, 1436.61
1639513195, 1, 60, 284, 181, 0, 0.71%, 13, 0, 12, 2122.27
1639513200, 1, 74, 287, 181, 0, 0.71%, 13, 0, 12, 1506.97
1639513206, 1, 99, 288, 177, 0, 0.71%, 13, 0, 12, 1422.50
1639513211, 1, 135, 288, 171, 0, 0.71%, 13, 0, 12, 1453.72
1639513216, 1, 159, 290, 169, 0, 0.71%, 13, 0, 12, 1448.28
1639513221, 1, 184, 291, 165, 0, 0.71%, 13, 0, 12, 1458.18
1639513226, 1, 200, 292, 163, 0, 0.71%, 13, 0, 12, 1480.08
1639513231, 1, 292, 295, 165, 1, 0.72%, 13, 0, 12, 1472.98
1639513236, 1, 292, 299, 169, 1, 0.72%, 13, 0, 12, 1463.29
1639513241, 1, 293, 300, 169, 2, 0.72%, 13, 0, 12, 1469.50
1639513246, 1, 298, 301, 168, 0, 0.72%, 13, 0, 12, 1464.06
1639513251, 1, 298, 303, 170, 0, 0.72%, 13, 0, 12, 1453.53
1639513256, 2, 3, 305, 170, 0, 0.72%, 14, 0, 12, 1474.23
1639513262, 2, 30, 305, 169, 0, 0.72%, 14, 0, 12, 1473.22
1639513267, 2, 54, 305, 167, 0, 0.72%, 14, 0, 12, 1466.83
1639513272, 2, 72, 305, 164, 0, 0.72%, 14, 0, 12, 1478.49
1639513277, 2, 105, 305, 158, 0, 0.72%, 14, 0, 12, 1485.58
1639513282, 2, 154, 306, 154, 0, 0.72%, 14, 0, 12, 1483.57
1639513287, 2, 187, 307, 148, 0, 0.72%, 16, 0, 12, 1463.71
1639513292, 2, 200, 308, 147, 0, 0.72%, 16, 0, 12, 1481.59
1639513297, 2, 209, 310, 149, 0, 0.72%, 16, 0, 12, 1469.92
1639513302, 2, 290, 313, 151, 1, 0.72%, 16, 0, 12, 1482.62
1639513307, 2, 311, 315, 151, 1, 0.72%, 16, 0, 12, 1472.68
1639513312, 3, 13, 315, 150, 0, 0.72%, 16, 0, 12, 1476.21
1639513317, 3, 316, 319, 153, 1, 0.72%, 16, 0, 12, 1476.31
1639513322, 3, 319, 321, 153, 1, 0.73%, 16, 0, 12, 1482.03
1639513328, 4, 22, 321, 148, 0, 0.73%, 16, 0, 12, 1464.52
1639513333, 4, 43, 321, 145, 0, 0.73%, 16, 0, 12, 1454.90
