# unix_time, cycles_done, cur_path, paths_total, pending_total, pending_favs, map_size, unique_crashes, unique_hangs, max_depth, execs_per_sec
1639546533, 0, 0, 371, 371, 77, 0.79%, 0, 0, 1, 999.66
1639546538, 0, 76, 371, 358, 64, 0.79%, 1, 0, 1, 1336.94
1639546543, 0, 133, 371, 346, 52, 0.79%, 2, 0, 1, 1408.46
1639546548, 0, 165, 372, 338, 43, 0.79%, 2, 0, 2, 1406.66
1639546553, 0, 192, 372, 329, 34, 0.79%, 2, 0, 2, 1371.64
1639546559, 0, 242, 372, 320, 25, 0.79%, 2, 0, 2, 1386.04
1639546564, 0, 266, 372, 312, 17, 0.79%, 2, 0, 2, 1386.11
1639546569, 0, 338, 372, 302, 8, 0.79%, 2, 0, 2, 1418.69
1639546574, 1, 4, 372, 293, 0, 0.79%, 3, 0, 2, 1448.58
1639546579, 1, 39, 372, 287, 0, 0.79%, 3, 0, 2, 1404.15
1639546584, 1, 62, 372, 281, 0, 0.79%, 4, 0, 2, 1403.78
1639546589, 1, 86, 372, 278, 0, 0.79%, 5, 0, 2, 1395.00
1639546594, 1, 108, 372, 272, 0, 0.79%, 5, 0, 2, 1385.25
1639546599, 1, 135, 372, 268, 0, 0.79%, 5, 0, 2, 1371.88
1639546605, 1, 159, 372, 264, 0, 0.79%, 5, 0, 2, 1335.29
1639546610, 1, 169, 372, 260, 0, 0.79%, 5, 0, 2, 1311.95
1639546615, 1, 195, 372, 256, 0, 0.79%, 5, 0, 2, 1348.77
1639546620, 1, 225, 372, 251, 0, 0.79%, 7, 0, 2, 1344.73
1639546625, 1, 238, 372, 246, 0, 0.79%, 7, 0, 2, 1376.34
1639546630, 1, 372, 375, 244, 1, 0.79%, 7, 0, 3, 1397.57
1639546635, 1, 374, 378, 245, 1, 0.79%, 7, 0, 4, 1398.72
1639546640, 2, 19, 378, 241, 0, 0.79%, 7, 0, 4, 1424.22
1639546646, 2, 378, 381, 239, 1, 0.80%, 7, 0, 4, 1402.50
1639546651, 3, 30, 382, 237, 0, 0.80%, 7, 0, 4, 1396.88
1639546656, 3, 75, 382, 233, 0, 0.80%, 7, 0, 4, 1365.64
1639546661, 3, 98, 382, 230, 0, 0.80%, 7, 0, 4, 1358.68
1639546666, 3, 133, 382, 226, 0, 0.80%, 7, 0, 4, 1360.06
1639546671, 3, 160, 382, 226, 0, 0.80%, 7, 0, 4, 1354.87
1639546676, 3, 174, 382, 222, 0, 0.80%, 7, 0, 4, 1403.17
1639546681, 3, 213, 382, 219, 0, 0.80%, 7, 0, 4, 1421.17
1639546686, 3, 243, 382, 217, 0, 0.80%, 7, 0, 4, 1418.20
1639546691, 3, 254, 382, 213, 0, 0.80%, 7, 0, 4, 1425.79
1639546696, 3, 284, 382, 208, 0, 0.80%, 7, 0, 4, 1417.69
1639546701, 3, 328, 382, 201, 0, 0.80%, 7, 0, 4, 1419.15
1639546706, 3, 353, 382, 198, 0, 0.80%, 7, 0, 4, 1433.12
1639546712, 3, 378, 382, 196, 0, 0.80%, 7, 0, 4, 1391.09
1639546717, 3, 383, 387, 201, 1, 0.81%, 7, 0, 4, 1373.89
1639546722, 3, 385, 388, 201, 2, 0.81%, 7, 0, 4, 1370.06
1639546727, 3, 386, 389, 201, 2, 0.81%, 7, 0, 5, 1352.82
1639546732, 3, 388, 389, 200, 1, 0.81%, 8, 0, 5, 1349.25
1639546737, 4, 30, 389, 197, 0, 0.81%, 8, 0, 5, 1377.99
1639546742, 4, 77, 389, 192, 0, 0.81%, 8, 0, 5, 1384.89
1639546747, 4, 102, 389, 188, 0, 0.81%, 8, 0, 5, 1398.31
1639546752, 4, 136, 389, 185, 0, 0.81%, 8, 0, 5, 1405.22
1639546757, 4, 160, 389, 181, 0, 0.81%, 8, 0, 5, 1416.81
1639546763, 4, 188, 389, 179, 0, 0.81%, 9, 0, 5, 1408.51
1639546768, 4, 231, 389, 177, 0, 0.81%, 9, 0, 5, 1399.08
1639546773, 4, 247, 389, 175, 0, 0.81%, 9, 0, 5, 1379.57
1639546778, 4, 262, 389, 172, 0, 0.81%, 9, 0, 5, 1390.51
1639546783, 4, 289, 389, 167, 0, 0.81%, 10, 0, 5, 1394.91
1639546788, 4, 329, 390, 162, 0, 0.81%, 10, 0, 5, 1400.09
1639546793, 4, 351, 390, 157, 0, 0.81%, 10, 0, 5, 1405.99
1639546798, 4, 377, 390, 153, 0, 0.81%, 10, 0, 5, 1417.55
1639546803, 4, 379, 392, 154, 0, 0.82%, 10, 0, 5, 1420.12
1639546808, 4, 391, 395, 157, 1, 0.82%, 10, 0, 5, 1444.24
1639546818, 4, 392, 396, 157, 2, 0.83%, 10, 0, 6, 1425.73
1639546823, 4, 394, 398, 158, 2, 0.83%, 10, 0, 6, 1556.77
1639546829, 4, 394, 400, 160, 2, 0.84%, 10, 0, 6, 1418.47
