# unix_time, cycles_done, cur_path, paths_total, pending_total, pending_favs, map_size, unique_crashes, unique_hangs, max_depth, execs_per_sec
1639553756, 0, 0, 1, 1, 1, 0.12%, 0, 0, 1, 571.43
1639553761, 0, 0, 76, 76, 1, 0.44%, 3, 0, 2, 1285.03
1639553766, 0, 4, 109, 106, 39, 0.48%, 3, 0, 3, 1413.04
1639553771, 0, 22, 139, 130, 33, 0.53%, 4, 0, 3, 1441.02
1639553776, 0, 35, 144, 129, 31, 0.53%, 4, 0, 3, 1467.40
1639553782, 0, 45, 154, 136, 28, 0.53%, 5, 0, 3, 1468.20
1639553787, 0, 63, 158, 130, 20, 0.53%, 5, 0, 3, 1478.71
1639553792, 0, 89, 166, 132, 14, 0.53%, 5, 0, 4, 1451.54
1639553797, 0, 95, 185, 150, 14, 0.61%, 7, 0, 4, 1427.75
1639553802, 0, 113, 191, 154, 20, 0.62%, 7, 0, 4, 1463.20
1639553807, 0, 166, 197, 153, 14, 0.62%, 8, 0, 4, 1465.77
1639553812, 0, 167, 203, 158, 13, 0.63%, 8, 0, 5, 1441.71
1639553817, 0, 174, 209, 162, 14, 0.63%, 8, 0, 5, 1440.91
1639553822, 0, 175, 212, 164, 13, 0.63%, 9, 0, 5, 1471.58
1639553827, 0, 179, 217, 168, 13, 0.65%, 9, 0, 5, 1469.53
1639553833, 0, 182, 224, 173, 15, 0.65%, 11, 0, 5, 1437.99
1639553838, 0, 187, 228, 174, 13, 0.65%, 11, 0, 5, 1479.53
1639553843, 0, 191, 231, 175, 15, 0.65%, 11, 0, 5, 1475.37
1639553848, 0, 198, 233, 176, 14, 0.65%, 11, 0, 6, 1456.86
1639553853, 0, 211, 239, 178, 11, 0.65%, 11, 0, 6, 1450.80
1639553858, 0, 214, 242, 179, 10, 0.66%, 11, 0, 6, 1459.18
1639553863, 0, 230, 250, 183, 9, 0.68%, 11, 0, 6, 1462.38
1639553868, 0, 240, 251, 182, 7, 0.68%, 11, 0, 7, 1461.02
1639553873, 0, 245, 257, 186, 7, 0.70%, 12, 0, 7, 1463.96
1639553878, 0, 252, 258, 184, 6, 0.70%, 12, 0, 8, 1462.15
1639553883, 0, 255, 261, 184, 4, 0.70%, 12, 0, 8, 1466.09
1639553888, 0, 261, 262, 182, 3, 0.70%, 12, 0, 8, 1460.65
1639553893, 0, 262, 265, 184, 3, 0.71%, 12, 0, 9, 1464.07
1639553898, 0, 267, 269, 187, 3, 0.71%, 12, 0, 11, 1431.25
1639553903, 1, 23, 270, 183, 0, 0.71%, 12, 0, 11, 1451.69
1639553909, 1, 47, 270, 179, 0, 0.71%, 12, 0, 11, 1445.66
1639553914, 1, 59, 272, 179, 0, 0.71%, 12, 0, 11, 1430.92
1639553919, 1, 76, 272, 176, 0, 0.71%, 12, 0, 11, 1478.15
1639553924, 1, 119, 273, 170, 0, 0.71%, 12, 0, 11, 1473.53
1639553929, 1, 195, 274, 169, 1, 0.72%, 12, 0, 11, 1439.25
1639553934, 1, 274, 276, 169, 1, 0.72%, 12, 0, 11, 1469.09
1639553939, 2, 20, 276, 168, 0, 0.72%, 13, 0, 11, 1479.82
1639553944, 2, 42, 276, 163, 0, 0.72%, 13, 0, 11, 1478.17
1639553949, 2, 61, 277, 161, 0, 0.72%, 13, 0, 11, 1464.41
1639553955, 2, 76, 277, 159, 0, 0.72%, 13, 0, 11, 1419.04
1639553960, 2, 127, 277, 154, 0, 0.72%, 13, 0, 11, 1744.64
1639553965, 2, 138, 277, 151, 0, 0.72%, 13, 0, 11, 1633.69
1639553970, 2, 255, 278, 147, 1, 0.73%, 13, 0, 11, 1452.62
1639553975, 3, 6, 278, 145, 0, 0.73%, 13, 0, 11, 1463.22
1639553980, 4, 19, 279, 140, 0, 0.73%, 13, 0, 11, 2141.46
1639553985, 4, 45, 279, 138, 0, 0.73%, 13, 0, 11, 1573.33
1639553990, 4, 63, 280, 137, 0, 0.73%, 13, 0, 11, 1449.69
1639553995, 4, 89, 281, 137, 0, 0.73%, 13, 0, 11, 1451.28
1639554000, 4, 112, 281, 131, 0, 0.73%, 13, 0, 11, 1450.60
1639554005, 4, 135, 281, 126, 0, 0.73%, 13, 0, 11, 1462.96
1639554011, 4, 166, 282, 123, 0, 0.73%, 13, 0, 11, 1440.05
1639554016, 4, 174, 282, 121, 0, 0.73%, 14, 0, 11, 1453.90
1639554021, 4, 185, 282, 120, 0, 0.73%, 14, 0, 11, 1447.22
1639554026, 4, 197, 282, 118, 0, 0.73%, 14, 0, 11, 1465.63
1639554031, 4, 208, 283, 118, 0, 0.73%, 14, 0, 11, 1459.96
1639554036, 4, 213, 285, 118, 0, 0.73%, 15, 0, 11, 1370.81
1639554041, 4, 228, 285, 116, 0, 0.73%, 16, 0, 11, 1442.72
1639554046, 4, 231, 286, 117, 0, 0.73%, 16, 0, 11, 1446.00
1639554051, 4, 241, 286, 115, 0, 0.73%, 16, 0, 11, 1429.99
