# unix_time, cycles_done, cur_path, paths_total, pending_total, pending_favs, map_size, unique_crashes, unique_hangs, max_depth, execs_per_sec
1639475116, 0, 0, 314, 314, 81, 0.66%, 0, 0, 1, 1135.11
1639475122, 0, 11, 315, 311, 77, 0.66%, 10, 2, 2, 29.28
1639475127, 0, 31, 316, 305, 70, 0.66%, 12, 4, 2, 94.46
1639475133, 0, 63, 319, 300, 64, 0.66%, 13, 4, 2, 1221.11
1639475138, 0, 121, 320, 292, 55, 0.66%, 14, 4, 2, 1353.17
1639475143, 0, 145, 321, 285, 47, 0.66%, 15, 4, 2, 1307.84
1639475148, 0, 188, 321, 277, 39, 0.66%, 17, 4, 2, 1293.02
1639475153, 0, 232, 321, 268, 31, 0.66%, 17, 4, 2, 1292.40
1639475158, 0, 265, 321, 258, 21, 0.66%, 17, 4, 2, 1339.25
1639475163, 0, 282, 321, 251, 14, 0.66%, 17, 4, 2, 1347.42
1639475168, 0, 311, 321, 239, 3, 0.66%, 17, 4, 2, 1339.91
1639475173, 1, 7, 321, 235, 0, 0.66%, 17, 5, 2, 1294.22
1639475179, 1, 30, 321, 231, 0, 0.66%, 18, 5, 2, 1328.48
1639475184, 1, 45, 321, 229, 0, 0.66%, 19, 5, 2, 1249.98
1639475189, 1, 60, 322, 226, 0, 0.66%, 19, 6, 2, 576.13
1639475194, 1, 321, 322, 221, 1, 0.66%, 19, 8, 2, 862.59
1639475199, 2, 0, 322, 220, 0, 0.66%, 19, 9, 2, 1221.04
1639475204, 2, 17, 323, 218, 0, 0.66%, 20, 9, 2, 1245.74
1639475209, 2, 31, 323, 216, 0, 0.66%, 20, 10, 2, 1163.26
1639475214, 2, 54, 323, 215, 0, 0.66%, 20, 10, 2, 1226.72
1639475219, 2, 85, 323, 211, 0, 0.66%, 20, 10, 2, 1321.28
1639475225, 2, 110, 323, 202, 0, 0.66%, 20, 10, 2, 213.57
1639475230, 2, 126, 323, 198, 0, 0.66%, 20, 10, 2, 1005.83
1639475235, 2, 156, 323, 196, 0, 0.66%, 20, 10, 2, 1224.03
1639475240, 2, 177, 323, 192, 0, 0.66%, 20, 10, 2, 1261.15
1639475245, 2, 193, 323, 187, 0, 0.66%, 20, 10, 2, 1272.75
1639475250, 2, 212, 323, 185, 0, 0.66%, 20, 10, 2, 1257.93
1639475255, 2, 246, 323, 183, 0, 0.66%, 20, 10, 2, 885.18
1639475260, 2, 261, 323, 178, 0, 0.66%, 20, 10, 2, 1247.09
1639475265, 2, 323, 324, 175, 1, 0.66%, 20, 10, 2, 1214.73
1639475271, 3, 16, 324, 172, 0, 0.66%, 20, 10, 2, 1265.47
1639475276, 3, 31, 324, 169, 0, 0.66%, 20, 10, 2, 1295.31
1639475281, 3, 50, 324, 167, 0, 0.66%, 20, 10, 2, 1272.56
1639475286, 3, 81, 325, 165, 0, 0.66%, 23, 10, 2, 1242.77
1639475291, 3, 115, 325, 160, 0, 0.66%, 23, 10, 2, 1181.56
1639475296, 3, 127, 325, 156, 0, 0.66%, 23, 10, 2, 1263.21
1639475301, 3, 148, 325, 154, 0, 0.66%, 24, 10, 2, 1285.65
1639475306, 3, 175, 325, 150, 0, 0.66%, 24, 10, 2, 1275.85
1639475311, 3, 201, 325, 148, 0, 0.66%, 24, 10, 2, 1308.16
1639475316, 3, 221, 325, 143, 0, 0.66%, 24, 10, 2, 1263.34
1639475321, 3, 249, 325, 141, 0, 0.66%, 24, 10, 2, 1276.10
1639475326, 3, 266, 325, 137, 0, 0.66%, 25, 10, 2, 1200.04
1639475331, 3, 281, 326, 136, 0, 0.66%, 25, 10, 2, 1274.08
1639475337, 3, 288, 326, 134, 0, 0.66%, 25, 10, 2, 1322.12
1639475342, 3, 315, 326, 131, 0, 0.66%, 25, 10, 2, 1252.63
1639475347, 3, 323, 327, 130, 0, 0.66%, 25, 10, 3, 1245.51
1639475352, 4, 14, 327, 130, 0, 0.66%, 25, 10, 3, 1292.54
1639475357, 4, 145, 328, 129, 1, 0.67%, 25, 10, 3, 1327.44
1639475362, 5, 12, 328, 128, 0, 0.67%, 25, 10, 3, 1171.24
1639475367, 5, 32, 328, 128, 0, 0.67%, 25, 10, 3, 1208.71
1639475372, 5, 63, 328, 124, 0, 0.67%, 26, 10, 3, 1351.49
1639475377, 5, 110, 328, 120, 0, 0.67%, 26, 10, 3, 1332.52
1639475383, 5, 126, 328, 119, 0, 0.67%, 26, 10, 3, 1354.24
1639475388, 5, 137, 328, 116, 0, 0.67%, 26, 10, 3, 1344.79
1639475393, 5, 174, 328, 112, 0, 0.67%, 26, 10, 3, 1307.65
1639475398, 5, 200, 328, 110, 0, 0.67%, 26, 10, 3, 1317.19
1639475403, 5, 236, 328, 106, 0, 0.67%, 26, 10, 3, 1369.89
1639475408, 5, 261, 328, 105, 0, 0.67%, 26, 10, 3, 1317.57
1639475413, 5, 280, 328, 104, 0, 0.67%, 26, 10, 3, 1329.08
