# unix_time, cycles_done, cur_path, paths_total, pending_total, pending_favs, map_size, unique_crashes, unique_hangs, max_depth, execs_per_sec
1639434465, 0, 0, 1, 1, 1, 0.11%, 0, 0, 1, 1600.00
1639434470, 0, 0, 79, 79, 1, 0.44%, 4, 0, 2, 1444.24
1639434476, 0, 21, 103, 98, 37, 0.47%, 4, 0, 3, 1443.51
1639434481, 0, 38, 111, 99, 30, 0.51%, 5, 0, 3, 1458.77
1639434486, 0, 41, 126, 113, 35, 0.54%, 7, 0, 3, 1468.13
1639434491, 0, 48, 145, 127, 32, 0.55%, 9, 0, 3, 1455.24
1639434496, 0, 57, 155, 131, 27, 0.55%, 9, 0, 3, 1452.30
1639434501, 0, 78, 163, 132, 21, 0.55%, 10, 0, 3, 1439.88
1639434506, 0, 115, 171, 135, 16, 0.56%, 10, 0, 4, 1391.63
1639434511, 0, 128, 181, 140, 13, 0.57%, 12, 0, 4, 1986.27
1639434516, 0, 139, 187, 144, 14, 0.58%, 12, 0, 4, 1521.44
1639434521, 0, 165, 192, 146, 12, 0.59%, 12, 0, 4, 1476.49
1639434526, 0, 174, 196, 148, 13, 0.59%, 12, 0, 5, 1456.81
1639434531, 0, 180, 196, 145, 10, 0.59%, 12, 0, 5, 1434.66
1639434536, 0, 181, 205, 153, 9, 0.60%, 12, 0, 5, 1438.51
1639434542, 0, 187, 206, 151, 9, 0.60%, 12, 0, 5, 1417.22
1639434547, 0, 201, 209, 151, 6, 0.60%, 12, 0, 6, 1430.93
1639434552, 0, 203, 217, 158, 7, 0.62%, 14, 0, 6, 1455.00
1639434557, 0, 210, 227, 167, 9, 0.63%, 14, 0, 7, 1451.45
1639434562, 0, 212, 231, 169, 10, 0.63%, 14, 0, 7, 1435.08
1639434567, 0, 216, 240, 175, 13, 0.66%, 14, 0, 7, 1446.63
1639434572, 0, 222, 242, 176, 12, 0.66%, 14, 0, 8, 1434.87
1639434577, 0, 232, 245, 177, 11, 0.67%, 14, 0, 8, 1457.59
1639434582, 0, 238, 248, 175, 7, 0.67%, 14, 0, 8, 1459.61
1639434587, 0, 240, 249, 174, 5, 0.67%, 14, 0, 8, 1406.87
1639434592, 0, 244, 253, 177, 4, 0.67%, 15, 0, 9, 1370.19
1639434597, 1, 122, 253, 169, 0, 0.67%, 15, 0, 9, 1446.93
1639434602, 1, 138, 254, 164, 0, 0.67%, 15, 0, 9, 1459.93
1639434607, 2, 73, 254, 161, 0, 0.67%, 15, 0, 9, 1478.52
1639434612, 2, 112, 257, 158, 0, 0.67%, 15, 0, 9, 1465.31
1639434617, 2, 129, 257, 157, 0, 0.67%, 15, 0, 9, 1477.41
1639434622, 2, 153, 257, 152, 0, 0.67%, 15, 0, 9, 1472.58
1639434627, 2, 175, 257, 147, 0, 0.67%, 15, 0, 9, 1465.19
1639434632, 2, 185, 257, 147, 0, 0.67%, 15, 0, 9, 1466.60
1639434638, 2, 197, 257, 147, 0, 0.67%, 15, 0, 9, 1458.41
1639434643, 2, 203, 260, 148, 0, 0.67%, 15, 0, 9, 1457.71
1639434648, 2, 211, 261, 147, 0, 0.67%, 15, 0, 9, 1442.55
1639434653, 2, 214, 261, 147, 0, 0.67%, 15, 0, 9, 1465.73
1639434658, 2, 227, 261, 145, 0, 0.67%, 15, 0, 9, 1463.08
1639434663, 2, 231, 262, 144, 0, 0.67%, 15, 0, 9, 1450.64
1639434668, 2, 235, 262, 143, 0, 0.67%, 15, 0, 9, 1451.42
1639434673, 2, 263, 267, 147, 1, 0.67%, 15, 0, 9, 1428.25
1639434678, 2, 263, 270, 150, 1, 0.67%, 15, 0, 9, 1422.10
1639434683, 2, 264, 274, 153, 2, 0.67%, 15, 0, 10, 1441.18
1639434688, 2, 266, 278, 156, 1, 0.68%, 15, 0, 10, 1471.47
1639434693, 2, 275, 280, 157, 2, 0.68%, 15, 0, 11, 1452.50
1639434698, 2, 275, 281, 158, 2, 0.68%, 15, 0, 11, 1462.57
1639434703, 2, 276, 284, 160, 1, 0.68%, 15, 0, 11, 1462.51
1639434708, 2, 281, 286, 161, 2, 0.68%, 15, 0, 12, 1435.93
1639434713, 2, 282, 287, 161, 1, 0.68%, 15, 0, 12, 1448.33
1639434724, 3, 18, 287, 157, 0, 0.68%, 15, 0, 12, 1453.66
1639434729, 3, 49, 287, 152, 0, 0.68%, 15, 0, 12, 1471.67
1639434734, 4, 30, 288, 150, 0, 0.69%, 15, 0, 12, 1448.21
1639434739, 4, 54, 288, 149, 0, 0.69%, 15, 0, 12, 1434.91
1639434744, 4, 75, 291, 150, 0, 0.69%, 15, 0, 12, 1439.62
1639434749, 4, 109, 291, 142, 0, 0.69%, 15, 0, 12, 1436.42
1639434754, 4, 122, 291, 140, 0, 0.69%, 15, 0, 12, 1461.14
1639434759, 4, 154, 293, 140, 0, 0.69%, 15, 0, 12, 1469.73
1639434764, 4, 178, 293, 139, 0, 0.69%, 15, 0, 12, 1467.32
