# unix_time, cycles_done, cur_path, paths_total, pending_total, pending_favs, map_size, unique_crashes, unique_hangs, max_depth, execs_per_sec
1639485177, 0, 0, 1, 1, 1, 0.12%, 0, 0, 1, 2000.00
1639485182, 0, 0, 73, 73, 1, 0.43%, 4, 0, 2, 1544.25
1639485187, 0, 1, 85, 84, 40, 0.47%, 4, 0, 3, 1462.59
1639485192, 0, 11, 104, 100, 39, 0.49%, 5, 0, 3, 1445.43
1639485197, 0, 34, 111, 93, 25, 0.49%, 5, 0, 3, 1434.08
1639485202, 0, 59, 127, 100, 18, 0.51%, 7, 0, 3, 1427.86
1639485207, 0, 61, 142, 114, 21, 0.53%, 7, 0, 3, 1428.37
1639485212, 0, 78, 154, 120, 16, 0.53%, 7, 0, 4, 1413.57
1639485218, 0, 112, 161, 121, 10, 0.53%, 8, 0, 4, 1423.70
1639485223, 0, 137, 169, 123, 5, 0.54%, 8, 0, 4, 1426.51
1639485228, 0, 165, 176, 125, 6, 0.54%, 8, 0, 5, 1425.42
1639485233, 0, 169, 178, 124, 3, 0.54%, 8, 0, 5, 1434.65
1639485238, 1, 66, 179, 120, 0, 0.54%, 8, 0, 5, 1436.98
1639485243, 1, 179, 188, 129, 1, 0.55%, 8, 0, 5, 1454.08
1639485248, 1, 180, 197, 137, 3, 0.60%, 8, 0, 5, 1441.12
1639485253, 1, 182, 200, 139, 10, 0.60%, 8, 0, 5, 1460.35
1639485259, 1, 187, 202, 140, 11, 0.60%, 8, 0, 5, 1451.41
1639485264, 1, 188, 205, 142, 10, 0.61%, 8, 0, 6, 1436.68
1639485269, 1, 189, 208, 144, 12, 0.62%, 8, 0, 6, 1409.66
1639485274, 1, 193, 212, 145, 12, 0.62%, 8, 0, 6, 1443.25
1639485279, 1, 195, 214, 145, 10, 0.62%, 8, 0, 6, 1427.59
1639485284, 1, 196, 215, 145, 9, 0.62%, 8, 0, 6, 1407.62
1639485289, 1, 196, 218, 148, 9, 0.62%, 9, 0, 6, 1418.68
1639485294, 1, 199, 220, 148, 7, 0.62%, 9, 0, 6, 1419.41
1639485299, 1, 204, 224, 149, 4, 0.62%, 9, 0, 7, 1421.42
1639485304, 1, 204, 235, 160, 4, 0.64%, 9, 0, 7, 1419.95
1639485309, 1, 208, 235, 158, 7, 0.64%, 9, 0, 7, 1414.04
1639485314, 1, 220, 236, 158, 6, 0.64%, 9, 0, 8, 1390.37
1639485319, 1, 221, 239, 160, 5, 0.64%, 9, 0, 8, 1405.98
1639485324, 1, 227, 243, 162, 5, 0.64%, 10, 0, 8, 1444.52
1639485329, 1, 227, 246, 165, 5, 0.64%, 10, 0, 8, 1415.91
1639485334, 1, 232, 249, 166, 5, 0.64%, 10, 0, 8, 1437.30
1639485339, 1, 241, 253, 168, 3, 0.64%, 10, 0, 8, 1427.54
1639485344, 1, 245, 254, 168, 2, 0.64%, 10, 0, 9, 1405.03
1639485349, 1, 247, 254, 167, 1, 0.64%, 10, 0, 9, 1406.41
1639485355, 1, 249, 256, 168, 0, 0.64%, 10, 0, 9, 1425.96
1639485360, 1, 256, 259, 170, 0, 0.64%, 10, 0, 10, 1423.25
1639485365, 2, 9, 259, 168, 0, 0.64%, 10, 0, 10, 1438.48
1639485370, 2, 33, 259, 164, 0, 0.64%, 10, 0, 10, 1439.14
1639485375, 2, 62, 260, 162, 0, 0.64%, 10, 0, 10, 1423.77
1639485380, 2, 96, 260, 159, 0, 0.64%, 10, 0, 10, 1432.16
1639485385, 2, 112, 261, 155, 0, 0.64%, 10, 0, 10, 1410.78
1639485390, 2, 260, 267, 161, 1, 0.64%, 10, 0, 10, 1396.64
1639485395, 2, 265, 268, 160, 0, 0.64%, 10, 0, 10, 1407.41
1639485400, 2, 267, 269, 159, 0, 0.64%, 10, 0, 10, 1413.47
1639485405, 2, 269, 279, 168, 1, 0.70%, 10, 0, 10, 1394.11
1639485410, 2, 269, 286, 175, 1, 0.71%, 10, 0, 10, 1419.75
1639485415, 2, 270, 286, 174, 7, 0.71%, 10, 0, 10, 1429.41
1639485420, 2, 274, 286, 173, 6, 0.71%, 10, 0, 10, 1448.75
1639485425, 2, 275, 290, 176, 6, 0.71%, 10, 0, 10, 1450.45
1639485435, 2, 276, 291, 176, 5, 0.71%, 11, 0, 10, 1411.68
1639485440, 2, 278, 292, 176, 4, 0.72%, 11, 0, 10, 1417.82
1639485446, 2, 280, 296, 179, 4, 0.73%, 11, 0, 10, 1429.43
1639485451, 2, 282, 300, 182, 5, 0.75%, 11, 0, 10, 1432.56
1639485456, 2, 282, 302, 184, 5, 0.75%, 11, 0, 10, 1454.30
1639485461, 2, 292, 303, 183, 7, 0.75%, 11, 0, 10, 2235.25
1639485466, 2, 293, 303, 182, 6, 0.75%, 11, 0, 10, 1562.61
1639485471, 2, 293, 308, 187, 6, 0.75%, 11, 0, 10, 1445.27
1639485476, 2, 294, 311, 189, 6, 0.75%, 11, 0, 10, 1441.53
