# unix_time, cycles_done, cur_path, paths_total, pending_total, pending_favs, map_size, unique_crashes, unique_hangs, max_depth, execs_per_sec
1639561296, 0, 0, 1, 1, 1, 0.12%, 0, 0, 1, 1600.00
1639561301, 0, 0, 82, 82, 1, 0.46%, 4, 0, 2, 1395.45
1639561306, 0, 5, 124, 122, 45, 0.53%, 4, 0, 3, 1675.69
1639561312, 0, 12, 137, 132, 42, 0.54%, 4, 0, 3, 2229.87
1639561317, 0, 44, 153, 137, 34, 0.54%, 4, 0, 3, 1586.56
1639561322, 0, 66, 164, 138, 24, 0.55%, 5, 0, 3, 1408.47
1639561327, 0, 89, 170, 136, 16, 0.55%, 6, 0, 3, 1391.41
1639561332, 0, 103, 179, 141, 13, 0.56%, 7, 0, 3, 1380.71
1639561337, 0, 130, 184, 140, 8, 0.56%, 7, 0, 4, 1382.54
1639561342, 1, 99, 185, 134, 1, 0.56%, 7, 0, 4, 1376.47
1639561347, 1, 110, 185, 131, 0, 0.56%, 8, 0, 4, 1375.26
1639561352, 2, 21, 187, 128, 0, 0.56%, 8, 0, 4, 1360.63
1639561357, 2, 51, 188, 126, 0, 0.56%, 8, 0, 4, 1371.87
1639561362, 2, 74, 189, 125, 0, 0.56%, 8, 0, 4, 1372.46
1639561367, 2, 99, 190, 124, 0, 0.56%, 8, 0, 4, 1370.25
1639561372, 2, 109, 192, 124, 0, 0.56%, 8, 0, 4, 1380.77
1639561378, 2, 127, 192, 117, 0, 0.56%, 8, 0, 4, 1385.83
1639561383, 2, 192, 199, 122, 1, 0.57%, 8, 0, 5, 1388.29
1639561388, 2, 192, 206, 129, 1, 0.58%, 8, 0, 5, 1332.10
1639561393, 2, 197, 212, 134, 5, 0.59%, 8, 0, 6, 1352.11
1639561398, 2, 200, 216, 137, 7, 0.59%, 9, 0, 6, 1333.03
1639561403, 2, 209, 224, 144, 6, 0.61%, 9, 0, 7, 1330.97
1639561408, 2, 209, 226, 146, 6, 0.63%, 9, 0, 7, 1315.85
1639561413, 2, 211, 231, 150, 10, 0.64%, 9, 0, 7, 1334.88
1639561418, 2, 216, 245, 163, 14, 0.66%, 9, 0, 7, 1350.85
1639561424, 2, 217, 250, 167, 13, 0.66%, 9, 0, 7, 1380.37
1639561429, 2, 218, 252, 168, 12, 0.66%, 9, 0, 7, 1391.01
1639561434, 2, 221, 253, 168, 12, 0.66%, 9, 0, 7, 1364.12
1639561439, 2, 226, 256, 168, 9, 0.66%, 9, 0, 8, 1399.31
1639561444, 2, 226, 258, 170, 9, 0.67%, 9, 0, 8, 1399.20
1639561449, 2, 234, 261, 171, 7, 0.67%, 9, 0, 8, 1361.36
1639561454, 2, 235, 266, 175, 6, 0.67%, 9, 0, 8, 1342.71
1639561459, 2, 250, 268, 175, 4, 0.67%, 9, 0, 8, 1356.82
1639561464, 2, 257, 272, 178, 3, 0.67%, 9, 0, 9, 1359.23
1639561469, 2, 258, 275, 180, 4, 0.67%, 9, 0, 9, 1338.90
1639561474, 2, 258, 277, 182, 4, 0.67%, 9, 0, 9, 1336.33
1639561479, 2, 269, 279, 183, 3, 0.68%, 9, 0, 10, 1344.96
1639561484, 2, 270, 281, 184, 3, 0.68%, 9, 0, 10, 1343.25
1639561489, 2, 270, 283, 186, 3, 0.68%, 9, 0, 10, 1366.02
1639561495, 2, 277, 285, 187, 2, 0.68%, 9, 0, 11, 1390.14
1639561500, 2, 283, 285, 186, 3, 0.68%, 9, 0, 11, 1383.76
1639561505, 2, 284, 285, 185, 2, 0.68%, 9, 0, 11, 1385.26
1639561510, 3, 247, 286, 183, 0, 0.68%, 9, 0, 11, 1343.63
1639561515, 3, 249, 289, 185, 0, 0.68%, 9, 0, 11, 1357.86
1639561520, 3, 250, 290, 185, 0, 0.68%, 9, 0, 11, 1357.84
1639561525, 3, 255, 290, 185, 0, 0.68%, 9, 0, 11, 1369.30
1639561530, 3, 257, 291, 185, 0, 0.68%, 9, 0, 11, 1366.42
1639561535, 3, 258, 293, 187, 0, 0.68%, 9, 0, 11, 1377.97
1639561540, 3, 262, 293, 187, 0, 0.68%, 9, 0, 11, 1362.94
1639561545, 3, 265, 295, 188, 0, 0.68%, 9, 0, 11, 1339.01
1639561550, 3, 268, 295, 187, 0, 0.68%, 9, 0, 11, 1329.98
1639561555, 3, 269, 296, 187, 0, 0.68%, 9, 0, 11, 1330.97
1639561561, 3, 270, 296, 187, 0, 0.68%, 9, 0, 11, 1369.98
1639561566, 3, 271, 297, 188, 0, 0.68%, 9, 0, 11, 1358.96
1639561571, 3, 278, 298, 188, 0, 0.68%, 9, 0, 11, 1362.98
1639561576, 3, 278, 302, 192, 0, 0.68%, 9, 0, 11, 1365.97
1639561581, 3, 279, 304, 193, 0, 0.68%, 9, 0, 11, 1345.94
1639561586, 3, 281, 305, 193, 0, 0.68%, 9, 0, 11, 1372.27
1639561591, 3, 281, 306, 194, 0, 0.69%, 9, 0, 11, 1288.78
1639561596, 3, 306, 308, 194, 1, 0.69%, 9, 0, 12, 1382.00
