# unix_time, cycles_done, cur_path, paths_total, pending_total, pending_favs, map_size, unique_crashes, unique_hangs, max_depth, execs_per_sec
1639514417, 0, 0, 664, 664, 95, 0.92%, 0, 0, 1, 1052.51
1639514422, 0, 69, 664, 657, 89, 0.92%, 2, 0, 1, 1228.95
1639514427, 0, 120, 664, 649, 81, 0.92%, 5, 0, 1, 1314.26
1639514432, 0, 159, 664, 642, 74, 0.92%, 5, 0, 1, 1337.52
1639514437, 0, 229, 664, 631, 64, 0.92%, 6, 0, 1, 1313.58
1639514442, 0, 280, 664, 622, 55, 0.92%, 6, 0, 1, 1266.36
1639514447, 0, 303, 665, 617, 51, 0.92%, 7, 0, 2, 1247.22
1639514452, 0, 338, 665, 610, 45, 0.92%, 7, 0, 2, 1329.73
1639514457, 0, 410, 665, 598, 34, 0.92%, 7, 0, 2, 1436.23
1639514462, 0, 494, 665, 588, 25, 0.92%, 8, 0, 2, 1475.78
1639514467, 0, 535, 666, 582, 19, 0.92%, 8, 0, 2, 1462.98
1639514472, 0, 608, 666, 572, 9, 0.92%, 8, 0, 2, 1476.76
1639514477, 1, 11, 666, 560, 0, 0.92%, 8, 0, 2, 1475.04
1639514482, 1, 31, 666, 555, 0, 0.92%, 9, 0, 2, 1469.63
1639514487, 1, 72, 666, 550, 0, 0.92%, 9, 0, 2, 1468.34
1639514493, 1, 86, 666, 545, 0, 0.92%, 9, 0, 2, 1483.91
1639514498, 1, 107, 666, 540, 0, 0.92%, 9, 0, 2, 1444.87
1639514503, 1, 136, 666, 533, 0, 0.92%, 9, 0, 2, 1457.78
1639514508, 1, 160, 666, 530, 0, 0.92%, 9, 0, 2, 1466.98
1639514513, 1, 177, 666, 525, 0, 0.92%, 9, 0, 2, 1464.89
1639514518, 1, 213, 666, 519, 0, 0.92%, 9, 0, 2, 1479.96
1639514523, 1, 249, 666, 514, 0, 0.92%, 10, 0, 2, 1465.42
1639514528, 1, 271, 666, 506, 0, 0.92%, 10, 0, 2, 1442.89
1639514534, 1, 292, 667, 503, 0, 0.92%, 11, 0, 2, 1468.49
1639514539, 1, 304, 667, 500, 0, 0.92%, 11, 0, 2, 1442.96
1639514544, 1, 324, 667, 495, 0, 0.92%, 12, 0, 2, 1458.91
1639514549, 1, 355, 667, 487, 0, 0.92%, 13, 0, 2, 1656.64
1639514554, 1, 399, 667, 482, 0, 0.92%, 13, 0, 2, 1449.72
1639514559, 1, 415, 667, 477, 0, 0.92%, 14, 0, 2, 1389.53
1639514564, 1, 667, 668, 475, 2, 0.92%, 15, 0, 2, 1166.48
1639514569, 2, 213, 668, 469, 0, 0.92%, 16, 0, 2, 1057.88
1639514574, 2, 246, 668, 467, 0, 0.92%, 16, 0, 2, 1022.32
1639514579, 2, 268, 668, 463, 0, 0.92%, 16, 0, 2, 926.29
1639514584, 2, 280, 668, 460, 0, 0.92%, 16, 0, 2, 866.12
1639514589, 2, 301, 668, 458, 0, 0.92%, 16, 0, 2, 867.06
1639514594, 2, 311, 668, 457, 0, 0.92%, 16, 0, 2, 877.38
1639514599, 2, 327, 668, 456, 0, 0.92%, 16, 0, 2, 972.96
1639514604, 2, 350, 668, 453, 0, 0.92%, 16, 0, 2, 1058.45
1639514609, 2, 376, 668, 449, 0, 0.92%, 16, 0, 2, 1165.71
1639514615, 2, 412, 668, 445, 0, 0.92%, 16, 0, 2, 1265.10
1639514620, 2, 424, 668, 439, 0, 0.92%, 17, 0, 2, 1347.86
1639514625, 2, 448, 668, 433, 0, 0.92%, 17, 0, 2, 1438.82
1639514630, 2, 465, 668, 423, 0, 0.92%, 18, 0, 2, 1449.76
1639514635, 2, 497, 668, 415, 0, 0.92%, 18, 0, 2, 1464.27
1639514640, 2, 521, 668, 411, 0, 0.92%, 19, 0, 2, 1462.53
1639514645, 2, 558, 668, 406, 0, 0.92%, 19, 0, 2, 1475.27
1639514650, 3, 35, 668, 400, 0, 0.92%, 19, 0, 2, 1468.82
1639514655, 3, 68, 668, 392, 0, 0.92%, 19, 0, 2, 1479.15
1639514660, 3, 86, 668, 389, 0, 0.92%, 19, 0, 2, 1469.76
1639514665, 3, 123, 668, 384, 0, 0.92%, 19, 0, 2, 1484.95
1639514671, 3, 146, 668, 377, 0, 0.92%, 19, 0, 2, 1489.62
1639514676, 3, 176, 668, 376, 0, 0.92%, 19, 0, 2, 1457.28
1639514681, 3, 229, 668, 371, 0, 0.92%, 19, 0, 2, 1462.04
1639514686, 3, 261, 668, 368, 0, 0.92%, 19, 0, 2, 1406.75
1639514691, 3, 288, 668, 365, 0, 0.92%, 19, 0, 2, 1398.99
1639514696, 3, 301, 668, 361, 0, 0.92%, 19, 0, 2, 1391.09
1639514701, 3, 328, 668, 360, 0, 0.92%, 19, 0, 2, 1392.17
1639514706, 3, 375, 668, 358, 0, 0.92%, 19, 0, 2, 1377.87
1639514711, 3, 404, 668, 351, 0, 0.92%, 19, 0, 2, 1389.25
