# unix_time, cycles_done, cur_path, paths_total, pending_total, pending_favs, map_size, unique_crashes, unique_hangs, max_depth, execs_per_sec
1639599073, 0, 0, 1, 1, 1, 0.12%, 0, 0, 1, 1600.00
1639599078, 0, 0, 75, 75, 1, 0.44%, 5, 0, 2, 1449.04
1639599084, 0, 3, 91, 89, 38, 0.46%, 6, 0, 3, 1427.40
1639599089, 0, 17, 114, 105, 31, 0.47%, 6, 0, 3, 1423.20
1639599094, 0, 52, 130, 108, 19, 0.49%, 6, 0, 3, 1450.20
1639599099, 0, 74, 141, 114, 14, 0.52%, 6, 0, 3, 1463.00
1639599104, 0, 110, 151, 118, 15, 0.52%, 7, 0, 4, 1426.56
1639599109, 0, 112, 157, 123, 14, 0.52%, 9, 0, 4, 1396.40
1639599114, 0, 128, 161, 120, 9, 0.53%, 9, 0, 4, 1414.93
1639599119, 0, 139, 164, 119, 7, 0.53%, 9, 0, 4, 1427.94
1639599124, 0, 160, 168, 118, 5, 0.54%, 9, 0, 5, 1435.01
1639599129, 0, 165, 171, 118, 3, 0.54%, 9, 0, 6, 1423.17
1639599134, 1, 171, 174, 116, 1, 0.54%, 9, 0, 6, 1446.81
1639599139, 1, 173, 175, 116, 0, 0.54%, 9, 0, 6, 1436.12
1639599145, 2, 24, 177, 117, 0, 0.54%, 9, 0, 6, 1433.85
1639599150, 2, 54, 178, 116, 0, 0.54%, 9, 0, 6, 1461.36
1639599155, 2, 86, 181, 114, 0, 0.54%, 9, 0, 6, 1479.63
1639599160, 2, 181, 183, 114, 1, 0.54%, 9, 0, 6, 1459.94
1639599165, 2, 181, 186, 117, 1, 0.56%, 10, 0, 6, 1439.74
1639599170, 2, 183, 188, 118, 2, 0.60%, 10, 0, 7, 1408.60
1639599175, 2, 186, 190, 118, 3, 0.61%, 10, 0, 8, 1441.59
1639599180, 2, 187, 192, 119, 3, 0.61%, 10, 0, 8, 1468.25
1639599185, 2, 187, 193, 120, 3, 0.61%, 10, 0, 8, 1471.02
1639599190, 2, 189, 195, 120, 4, 0.61%, 10, 0, 9, 1473.77
1639599195, 2, 190, 197, 121, 4, 0.61%, 11, 0, 9, 1465.72
1639599201, 2, 191, 198, 121, 3, 0.61%, 12, 0, 9, 1442.90
1639599206, 2, 191, 199, 122, 3, 0.61%, 12, 0, 9, 1470.30
1639599211, 2, 192, 199, 121, 2, 0.61%, 12, 0, 9, 1486.04
1639599216, 2, 193, 200, 121, 1, 0.61%, 12, 0, 10, 1483.52
1639599221, 2, 199, 202, 122, 2, 0.62%, 12, 0, 11, 1480.70
1639599226, 2, 200, 203, 122, 2, 0.62%, 12, 0, 11, 1458.42
1639599231, 3, 6, 204, 121, 0, 0.62%, 12, 0, 11, 1420.77
1639599236, 3, 72, 209, 122, 2, 0.63%, 13, 0, 11, 1447.54
1639599241, 3, 206, 230, 141, 2, 0.65%, 13, 0, 11, 1450.35
1639599246, 3, 218, 237, 146, 6, 0.66%, 13, 0, 11, 1473.62
1639599252, 3, 218, 241, 150, 6, 0.66%, 13, 0, 11, 1465.39
1639599257, 3, 224, 249, 157, 5, 0.66%, 13, 0, 11, 1470.22
1639599262, 3, 228, 251, 158, 4, 0.66%, 13, 0, 11, 1446.61
1639599267, 3, 230, 255, 161, 3, 0.68%, 13, 0, 11, 1472.37
1639599272, 3, 234, 260, 165, 9, 0.70%, 13, 0, 11, 1452.69
1639599277, 3, 240, 263, 167, 8, 0.70%, 13, 0, 11, 1435.43
1639599282, 3, 251, 265, 168, 8, 0.70%, 13, 0, 11, 1403.77
1639599287, 3, 252, 268, 170, 7, 0.71%, 13, 0, 11, 1393.56
1639599292, 3, 253, 269, 170, 9, 0.72%, 13, 0, 11, 1379.07
1639599297, 3, 256, 272, 171, 8, 0.72%, 13, 0, 11, 1421.53
1639599302, 3, 258, 273, 170, 6, 0.72%, 13, 0, 11, 1450.71
1639599307, 3, 268, 277, 171, 3, 0.73%, 13, 0, 11, 2192.96
1639599312, 3, 274, 279, 171, 2, 0.73%, 13, 0, 11, 1785.99
1639599317, 3, 278, 281, 171, 1, 0.73%, 13, 0, 11, 1469.02
1639599322, 4, 15, 282, 169, 0, 0.73%, 13, 0, 11, 1433.89
1639599328, 4, 282, 283, 170, 1, 0.73%, 13, 0, 11, 1469.11
1639599333, 5, 22, 283, 166, 0, 0.73%, 13, 0, 11, 1469.99
1639599338, 5, 43, 284, 164, 0, 0.73%, 13, 0, 11, 1474.14
1639599343, 5, 74, 285, 160, 0, 0.73%, 13, 0, 11, 1472.18
1639599348, 5, 110, 286, 153, 0, 0.73%, 13, 0, 11, 1480.17
1639599353, 5, 124, 286, 150, 0, 0.73%, 13, 0, 11, 1403.64
1639599358, 5, 286, 287, 149, 1, 0.73%, 13, 0, 11, 1415.01
1639599363, 6, 11, 287, 148, 0, 0.73%, 13, 0, 11, 1432.43
1639599368, 6, 38, 287, 147, 0, 0.73%, 13, 0, 11, 1434.19
