# unix_time, cycles_done, cur_path, paths_total, pending_total, pending_favs, map_size, unique_crashes, unique_hangs, max_depth, execs_per_sec
1639560693, 0, 0, 1, 1, 1, 0.12%, 0, 0, 1, 1600.00
1639560698, 0, 1, 94, 93, 35, 0.45%, 5, 0, 3, 2088.23
1639560703, 0, 43, 120, 105, 29, 0.50%, 5, 0, 3, 1713.65
1639560708, 0, 44, 127, 111, 29, 0.50%, 5, 0, 3, 1449.19
1639560713, 0, 53, 139, 116, 22, 0.51%, 7, 0, 3, 1389.26
1639560718, 0, 54, 151, 127, 23, 0.53%, 7, 0, 3, 1386.50
1639560723, 0, 57, 160, 133, 24, 0.54%, 7, 0, 3, 1385.89
1639560729, 0, 97, 171, 135, 15, 0.54%, 8, 0, 4, 1381.24
1639560734, 0, 146, 179, 134, 9, 0.56%, 8, 0, 4, 1317.54
1639560739, 0, 147, 185, 139, 8, 0.56%, 8, 0, 4, 1360.73
1639560744, 0, 173, 188, 136, 6, 0.57%, 8, 0, 5, 1396.37
1639560749, 0, 180, 203, 148, 13, 0.62%, 10, 0, 5, 1378.70
1639560754, 0, 190, 205, 145, 9, 0.62%, 10, 0, 6, 1394.13
1639560759, 0, 194, 209, 145, 8, 0.62%, 10, 0, 6, 1397.60
1639560764, 0, 201, 212, 146, 6, 0.62%, 10, 0, 6, 1410.52
1639560769, 0, 202, 218, 151, 5, 0.62%, 10, 0, 6, 1391.94
1639560775, 0, 207, 221, 151, 4, 0.63%, 10, 0, 7, 1386.39
1639560780, 0, 213, 225, 153, 2, 0.63%, 10, 0, 7, 1403.03
1639560785, 0, 227, 229, 153, 1, 0.66%, 10, 0, 9, 1396.92
1639560790, 0, 229, 240, 163, 10, 0.69%, 10, 0, 9, 1371.27
1639560795, 0, 232, 240, 160, 7, 0.69%, 10, 0, 9, 1377.76
1639560800, 0, 236, 240, 157, 4, 0.69%, 10, 0, 9, 1332.06
1639560805, 0, 238, 244, 159, 3, 0.69%, 10, 0, 10, 1384.25
1639560810, 0, 240, 246, 159, 1, 0.69%, 10, 0, 10, 1332.15
1639560815, 1, 26, 248, 155, 0, 0.69%, 10, 0, 10, 1359.86
1639560820, 1, 43, 250, 152, 0, 0.69%, 10, 0, 10, 1338.67
1639560825, 1, 251, 262, 164, 1, 0.70%, 11, 0, 10, 1352.02
1639560830, 1, 257, 264, 164, 5, 0.70%, 12, 0, 10, 1385.58
1639560835, 1, 258, 268, 167, 5, 0.70%, 12, 0, 10, 1395.64
1639560841, 1, 259, 270, 168, 4, 0.70%, 12, 0, 10, 1395.32
1639560846, 1, 261, 272, 169, 3, 0.70%, 12, 0, 10, 1381.14
1639560851, 1, 262, 274, 170, 2, 0.70%, 12, 0, 10, 1391.73
1639560856, 1, 265, 277, 172, 2, 0.70%, 13, 0, 10, 1388.34
1639560861, 1, 273, 279, 173, 1, 0.70%, 14, 0, 10, 1356.60
1639560866, 1, 278, 279, 172, 0, 0.70%, 14, 0, 10, 1372.76
1639560871, 1, 281, 283, 175, 0, 0.70%, 14, 0, 10, 1371.97
1639560876, 2, 24, 284, 173, 0, 0.70%, 14, 0, 10, 1395.52
1639560881, 2, 53, 284, 170, 0, 0.70%, 14, 0, 10, 1353.07
1639560886, 2, 82, 285, 169, 0, 0.70%, 14, 0, 10, 1379.18
1639560891, 2, 113, 286, 165, 0, 0.70%, 14, 0, 10, 1374.93
1639560896, 2, 254, 289, 163, 1, 0.71%, 14, 0, 10, 1395.62
1639560901, 2, 287, 290, 163, 1, 0.71%, 14, 0, 10, 1374.71
1639560906, 3, 5, 291, 160, 0, 0.71%, 14, 0, 10, 1371.37
1639560911, 3, 40, 291, 156, 0, 0.71%, 14, 0, 10, 1357.79
1639560916, 3, 57, 291, 155, 0, 0.71%, 14, 0, 10, 1373.71
1639560921, 3, 95, 291, 151, 0, 0.71%, 14, 0, 10, 1365.57
1639560926, 3, 120, 291, 144, 0, 0.71%, 14, 0, 10, 1397.45
1639560931, 3, 138, 293, 140, 0, 0.71%, 14, 0, 10, 1386.99
1639560936, 3, 157, 293, 137, 0, 0.71%, 14, 0, 10, 1362.40
1639560941, 3, 173, 293, 132, 0, 0.71%, 14, 0, 10, 1386.71
1639560946, 3, 180, 294, 131, 0, 0.71%, 15, 0, 10, 1392.59
1639560951, 3, 294, 295, 132, 1, 0.71%, 15, 0, 10, 1379.66
1639560957, 4, 27, 296, 129, 0, 0.71%, 15, 0, 10, 1364.33
1639560962, 4, 60, 296, 128, 0, 0.71%, 15, 0, 10, 1402.08
1639560967, 4, 105, 296, 126, 0, 0.71%, 15, 0, 10, 1396.60
1639560972, 4, 138, 296, 122, 0, 0.71%, 15, 0, 10, 1379.11
1639560977, 4, 152, 296, 119, 0, 0.71%, 15, 0, 10, 1368.84
1639560982, 4, 176, 298, 119, 0, 0.75%, 15, 0, 10, 1365.72
1639560987, 4, 176, 300, 121, 0, 0.75%, 16, 0, 10, 1361.60
1639560992, 4, 297, 301, 121, 2, 0.75%, 16, 0, 10, 1358.92
