# unix_time, cycles_done, cur_path, paths_total, pending_total, pending_favs, map_size, unique_crashes, unique_hangs, max_depth, execs_per_sec
1639597487, 0, 0, 871, 871, 95, 0.92%, 0, 0, 1, 1064.63
1639597492, 0, 85, 871, 862, 88, 0.92%, 2, 0, 1, 1347.45
1639597497, 0, 173, 871, 850, 76, 0.92%, 2, 0, 1, 1441.99
1639597502, 0, 304, 871, 840, 67, 0.92%, 5, 0, 1, 1463.24
1639597507, 0, 361, 871, 831, 58, 0.92%, 6, 0, 1, 1460.69
1639597513, 0, 430, 871, 821, 47, 0.92%, 8, 0, 1, 1457.24
1639597518, 0, 522, 871, 812, 38, 0.92%, 8, 0, 1, 1462.54
1639597523, 0, 620, 871, 799, 28, 0.92%, 8, 0, 1, 1464.60
1639597528, 0, 729, 871, 787, 19, 0.92%, 9, 0, 1, 1481.56
1639597533, 0, 788, 871, 777, 10, 0.92%, 10, 0, 1, 1473.09
1639597538, 1, 1, 871, 766, 0, 0.92%, 10, 0, 1, 1467.80
1639597543, 1, 46, 871, 758, 0, 0.92%, 10, 0, 1, 1466.39
1639597548, 1, 81, 871, 753, 0, 0.92%, 11, 0, 1, 1451.86
1639597553, 1, 117, 872, 750, 0, 0.92%, 12, 0, 2, 1445.44
1639597558, 1, 138, 872, 743, 0, 0.92%, 12, 0, 2, 1458.58
1639597563, 1, 181, 872, 738, 0, 0.92%, 12, 0, 2, 1458.39
1639597568, 1, 204, 872, 730, 0, 0.92%, 12, 0, 2, 1647.57
1639597573, 1, 223, 872, 724, 0, 0.92%, 13, 0, 2, 1487.67
1639597578, 1, 255, 872, 716, 0, 0.92%, 13, 0, 2, 1463.47
1639597584, 1, 299, 872, 707, 0, 0.92%, 13, 0, 2, 1442.46
1639597589, 1, 323, 872, 700, 0, 0.92%, 13, 0, 2, 1455.47
1639597594, 1, 350, 872, 697, 0, 0.92%, 13, 0, 2, 1454.81
1639597599, 1, 365, 872, 689, 0, 0.92%, 13, 0, 2, 1455.95
1639597604, 1, 392, 872, 684, 0, 0.92%, 13, 0, 2, 1456.83
1639597609, 1, 422, 872, 678, 0, 0.92%, 13, 0, 2, 1467.58
1639597614, 1, 436, 872, 676, 0, 0.92%, 13, 0, 2, 1457.02
1639597619, 1, 465, 872, 669, 0, 0.92%, 14, 0, 2, 1468.22
1639597624, 1, 500, 872, 661, 0, 0.92%, 15, 0, 2, 1439.90
1639597629, 1, 525, 872, 656, 0, 0.92%, 15, 0, 2, 1479.59
1639597634, 1, 558, 872, 649, 0, 0.92%, 15, 0, 2, 1474.32
1639597639, 1, 595, 872, 641, 0, 0.92%, 16, 0, 2, 1467.99
1639597644, 1, 627, 872, 633, 0, 0.92%, 16, 0, 2, 1442.10
1639597649, 1, 659, 872, 625, 0, 0.92%, 16, 0, 2, 1459.27
1639597655, 1, 695, 872, 616, 0, 0.92%, 17, 0, 2, 1458.35
1639597660, 1, 718, 872, 610, 0, 0.92%, 17, 0, 2, 1465.91
1639597665, 1, 746, 872, 605, 0, 0.92%, 17, 0, 2, 1432.60
1639597670, 2, 5, 873, 599, 0, 0.92%, 17, 0, 2, 1465.61
1639597675, 2, 48, 873, 591, 0, 0.92%, 17, 0, 2, 1459.14
1639597680, 2, 71, 873, 584, 0, 0.92%, 17, 0, 2, 1457.34
1639597685, 2, 107, 873, 579, 0, 0.92%, 17, 0, 2, 1464.86
1639597690, 2, 148, 873, 573, 0, 0.92%, 17, 0, 2, 1451.41
1639597695, 2, 169, 874, 570, 0, 0.92%, 17, 0, 2, 1444.59
1639597700, 2, 212, 874, 563, 0, 0.92%, 17, 0, 2, 1449.33
1639597705, 2, 257, 874, 560, 0, 0.92%, 17, 0, 2, 1451.04
1639597710, 2, 275, 874, 554, 0, 0.92%, 17, 0, 2, 1447.76
1639597715, 2, 316, 874, 550, 0, 0.92%, 17, 0, 2, 1457.64
1639597720, 2, 347, 874, 542, 0, 0.92%, 17, 0, 2, 1468.62
1639597725, 2, 379, 874, 537, 0, 0.92%, 17, 0, 2, 1442.24
1639597730, 2, 403, 874, 531, 0, 0.92%, 17, 0, 2, 1421.27
1639597735, 2, 433, 874, 528, 0, 0.92%, 17, 0, 2, 1456.49
1639597741, 2, 456, 874, 523, 0, 0.92%, 17, 0, 2, 1461.57
1639597746, 2, 506, 874, 515, 0, 0.92%, 18, 0, 2, 1475.07
1639597751, 2, 533, 874, 508, 0, 0.92%, 18, 0, 2, 1455.01
1639597756, 2, 574, 874, 501, 0, 0.92%, 18, 0, 2, 1457.65
1639597761, 2, 600, 874, 495, 0, 0.92%, 18, 0, 2, 1452.91
1639597766, 2, 621, 874, 491, 0, 0.92%, 18, 0, 2, 1455.63
1639597771, 2, 664, 874, 485, 0, 0.92%, 20, 0, 2, 1451.92
1639597776, 2, 698, 874, 475, 0, 0.92%, 20, 0, 2, 1448.97
