# unix_time, cycles_done, cur_path, paths_total, pending_total, pending_favs, map_size, unique_crashes, unique_hangs, max_depth, execs_per_sec
1639559475, 0, 0, 871, 871, 117, 1.03%, 0, 0, 1, 1262.32
1639559480, 0, 114, 872, 860, 105, 1.03%, 2, 0, 2, 1385.33
1639559485, 0, 179, 873, 849, 97, 1.03%, 4, 0, 2, 1751.18
1639559491, 0, 267, 873, 843, 91, 1.03%, 4, 0, 2, 1429.80
1639559496, 0, 324, 873, 833, 81, 1.03%, 5, 0, 2, 1437.28
1639559501, 0, 365, 873, 826, 75, 1.03%, 6, 0, 2, 1414.80
1639559506, 0, 393, 874, 818, 67, 1.03%, 6, 0, 2, 1428.93
1639559511, 0, 453, 874, 805, 56, 1.03%, 6, 0, 2, 1436.27
1639559516, 0, 557, 875, 795, 45, 1.03%, 6, 0, 2, 1411.08
1639559521, 0, 620, 875, 785, 36, 1.03%, 7, 0, 2, 1432.45
1639559526, 0, 695, 875, 776, 28, 1.03%, 8, 0, 2, 1424.82
1639559531, 0, 769, 875, 765, 17, 1.03%, 8, 0, 2, 1423.70
1639559536, 0, 806, 875, 756, 10, 1.03%, 8, 0, 2, 1436.26
1639559542, 1, 1, 875, 745, 0, 1.03%, 8, 0, 2, 1415.93
1639559547, 1, 36, 875, 737, 0, 1.03%, 8, 0, 2, 1422.92
1639559552, 1, 69, 875, 729, 0, 1.03%, 11, 0, 2, 1425.52
1639559557, 1, 94, 875, 722, 0, 1.03%, 11, 0, 2, 1406.82
1639559562, 1, 109, 875, 717, 0, 1.03%, 11, 0, 2, 1315.52
1639559567, 1, 126, 875, 711, 0, 1.03%, 11, 0, 2, 1425.83
1639559572, 1, 145, 875, 706, 0, 1.03%, 11, 0, 2, 1432.39
1639559577, 1, 167, 875, 700, 0, 1.03%, 12, 0, 2, 1459.69
1639559582, 1, 190, 875, 696, 0, 1.03%, 12, 0, 2, 1446.80
1639559587, 1, 214, 875, 692, 0, 1.03%, 12, 0, 2, 1225.56
1639559592, 1, 230, 875, 686, 0, 1.03%, 12, 0, 2, 1191.53
1639559597, 1, 267, 875, 679, 0, 1.03%, 12, 0, 2, 1361.00
1639559603, 1, 295, 876, 676, 0, 1.03%, 12, 0, 2, 1421.14
1639559608, 1, 319, 876, 670, 0, 1.03%, 12, 0, 2, 1437.86
1639559613, 1, 342, 876, 665, 0, 1.03%, 12, 0, 2, 1443.95
1639559618, 1, 362, 876, 660, 0, 1.03%, 12, 0, 2, 1433.42
1639559623, 1, 370, 876, 656, 0, 1.03%, 12, 0, 2, 1431.12
1639559628, 1, 398, 876, 654, 0, 1.03%, 12, 0, 2, 1399.17
1639559633, 1, 412, 876, 649, 0, 1.03%, 12, 0, 2, 1427.09
1639559638, 1, 435, 876, 642, 0, 1.03%, 12, 0, 2, 1368.68
1639559643, 1, 476, 876, 637, 0, 1.03%, 12, 0, 2, 1393.53
1639559648, 1, 502, 876, 631, 0, 1.03%, 13, 0, 2, 1412.24
1639559653, 1, 527, 876, 623, 0, 1.03%, 13, 0, 2, 1442.55
1639559658, 1, 568, 876, 618, 0, 1.03%, 13, 0, 2, 1448.03
1639559663, 1, 588, 876, 614, 0, 1.03%, 13, 0, 2, 1435.16
1639559669, 1, 619, 876, 607, 0, 1.03%, 13, 0, 2, 1409.40
1639559674, 1, 662, 876, 601, 0, 1.03%, 13, 0, 2, 1422.33
1639559679, 1, 693, 876, 597, 0, 1.03%, 14, 0, 2, 1435.58
1639559684, 1, 719, 876, 591, 0, 1.03%, 15, 0, 2, 1441.48
1639559689, 1, 747, 876, 585, 0, 1.03%, 15, 0, 2, 1423.74
1639559694, 1, 766, 876, 579, 0, 1.03%, 15, 0, 2, 1429.16
1639559699, 1, 792, 876, 575, 0, 1.03%, 15, 0, 2, 1433.65
1639559704, 1, 827, 876, 568, 0, 1.03%, 15, 0, 2, 1421.47
1639559710, 1, 858, 876, 563, 0, 1.03%, 15, 0, 2, 1401.87
1639559715, 2, 6, 876, 559, 0, 1.03%, 15, 0, 2, 1410.09
1639559720, 2, 34, 876, 554, 0, 1.03%, 15, 0, 2, 1403.58
1639559725, 2, 68, 876, 548, 0, 1.03%, 15, 0, 2, 1451.46
1639559730, 2, 111, 876, 542, 0, 1.03%, 15, 0, 2, 1446.56
1639559735, 2, 135, 876, 538, 0, 1.03%, 15, 0, 2, 1436.58
1639559740, 2, 169, 876, 534, 0, 1.03%, 16, 0, 2, 1422.16
1639559745, 2, 187, 876, 528, 0, 1.03%, 16, 0, 2, 1445.79
1639559750, 2, 228, 876, 524, 0, 1.03%, 16, 0, 2, 1424.44
1639559755, 2, 256, 876, 516, 0, 1.03%, 17, 0, 2, 1441.99
1639559760, 2, 295, 876, 512, 0, 1.03%, 17, 0, 2, 1444.58
1639559765, 2, 326, 876, 510, 0, 1.03%, 17, 0, 2, 1439.46
