# unix_time, cycles_done, cur_path, paths_total, pending_total, pending_favs, map_size, unique_crashes, unique_hangs, max_depth, execs_per_sec
1639604241, 0, 0, 957, 957, 102, 0.92%, 0, 0, 1, 1068.68
1639604246, 0, 62, 957, 947, 92, 0.92%, 4, 0, 1, 1284.87
1639604251, 0, 125, 957, 937, 83, 0.92%, 4, 0, 1, 1356.13
1639604256, 0, 234, 957, 924, 71, 0.92%, 4, 0, 1, 1380.07
1639604261, 0, 362, 957, 913, 60, 0.92%, 5, 0, 1, 1376.09
1639604266, 0, 415, 957, 904, 53, 0.92%, 5, 0, 1, 1350.97
1639604272, 0, 546, 957, 894, 43, 0.92%, 6, 0, 1, 1345.02
1639604277, 0, 641, 957, 884, 33, 0.92%, 6, 0, 1, 1334.33
1639604282, 0, 692, 957, 876, 27, 0.92%, 6, 0, 1, 1338.42
1639604287, 0, 778, 957, 867, 19, 0.92%, 6, 0, 1, 1338.27
1639604292, 0, 878, 957, 858, 10, 0.92%, 6, 0, 1, 1326.77
1639604297, 0, 946, 957, 850, 2, 0.92%, 6, 0, 1, 1265.79
1639604302, 1, 7, 957, 844, 0, 0.92%, 6, 0, 1, 1171.80
1639604307, 1, 24, 957, 839, 0, 0.92%, 6, 0, 1, 1167.10
1639604312, 1, 42, 957, 836, 0, 0.92%, 6, 0, 1, 1242.52
1639604317, 1, 477, 957, 830, 1, 0.92%, 8, 0, 1, 1308.02
1639604322, 1, 566, 957, 824, 0, 0.92%, 8, 0, 1, 1359.97
1639604327, 1, 608, 957, 817, 0, 0.92%, 9, 0, 1, 1365.58
1639604332, 1, 622, 957, 809, 0, 0.92%, 10, 0, 1, 1358.82
1639604338, 1, 657, 957, 805, 0, 0.92%, 10, 0, 1, 1385.39
1639604343, 1, 682, 957, 802, 0, 0.92%, 11, 0, 1, 1395.05
1639604348, 1, 711, 957, 795, 0, 0.92%, 12, 0, 1, 1426.58
1639604353, 1, 741, 957, 788, 0, 0.92%, 13, 0, 1, 1425.31
1639604358, 1, 756, 957, 780, 0, 0.92%, 13, 0, 1, 1444.99
1639604363, 1, 782, 957, 774, 0, 0.92%, 13, 0, 1, 1450.67
1639604368, 1, 809, 957, 768, 0, 0.92%, 14, 0, 1, 1423.38
1639604373, 1, 839, 957, 759, 0, 0.92%, 15, 0, 1, 1406.67
1639604378, 1, 878, 957, 752, 0, 0.92%, 15, 0, 1, 1415.97
1639604383, 1, 907, 957, 745, 0, 0.92%, 15, 0, 1, 1406.56
1639604388, 1, 939, 957, 738, 0, 0.92%, 15, 0, 1, 1419.51
1639604394, 2, 1, 957, 733, 0, 0.92%, 15, 0, 1, 1385.34
1639604399, 2, 39, 957, 730, 0, 0.92%, 15, 0, 1, 1396.53
1639604404, 2, 74, 957, 725, 0, 0.92%, 15, 0, 1, 1386.87
1639604409, 2, 98, 957, 719, 0, 0.92%, 15, 0, 1, 1386.36
1639604414, 2, 128, 957, 713, 0, 0.92%, 16, 0, 1, 1366.04
1639604419, 2, 169, 957, 707, 0, 0.92%, 16, 0, 1, 1305.38
1639604424, 2, 200, 957, 703, 0, 0.92%, 16, 0, 1, 1242.10
1639604429, 2, 238, 957, 697, 0, 0.92%, 16, 0, 1, 1254.01
1639604434, 2, 267, 957, 691, 0, 0.92%, 16, 0, 1, 1315.45
1639604439, 2, 315, 957, 683, 0, 0.92%, 16, 0, 1, 1368.54
1639604444, 2, 354, 957, 678, 0, 0.92%, 16, 0, 1, 1388.64
1639604449, 2, 386, 957, 674, 0, 0.92%, 16, 0, 1, 1373.98
1639604454, 2, 422, 957, 668, 0, 0.92%, 16, 0, 1, 1361.43
1639604459, 2, 446, 957, 663, 0, 0.92%, 16, 0, 1, 1352.28
1639604465, 2, 477, 957, 654, 0, 0.92%, 16, 0, 1, 1383.20
1639604470, 2, 511, 957, 646, 0, 0.92%, 16, 0, 1, 1398.83
1639604475, 2, 523, 957, 638, 0, 0.92%, 16, 0, 1, 1375.67
1639604480, 2, 546, 957, 632, 0, 0.92%, 16, 0, 1, 1331.55
1639604485, 2, 579, 957, 626, 0, 0.92%, 16, 0, 1, 1327.15
1639604490, 2, 604, 957, 620, 0, 0.92%, 16, 0, 1, 1355.79
1639604495, 2, 641, 957, 616, 0, 0.92%, 16, 0, 1, 1391.99
1639604500, 2, 663, 957, 611, 0, 0.92%, 16, 0, 1, 1401.20
1639604506, 2, 714, 957, 605, 0, 0.92%, 16, 0, 1, 1474.71
1639604511, 2, 734, 957, 598, 0, 0.92%, 16, 0, 1, 1241.54
1639604516, 2, 752, 957, 594, 0, 0.92%, 16, 0, 1, 1227.17
1639604521, 2, 789, 957, 591, 0, 0.92%, 16, 0, 1, 1211.68
1639604526, 2, 804, 957, 585, 0, 0.92%, 16, 0, 1, 1214.85
1639604531, 2, 850, 957, 579, 0, 0.92%, 16, 0, 1, 1236.80
