# unix_time, cycles_done, cur_path, paths_total, pending_total, pending_favs, map_size, unique_crashes, unique_hangs, max_depth, execs_per_sec
1639512151, 0, 0, 517, 517, 88, 0.88%, 0, 0, 1, 926.94
1639512156, 0, 30, 519, 515, 84, 0.88%, 7, 0, 2, 972.67
1639512161, 0, 71, 519, 510, 79, 0.88%, 12, 0, 2, 1044.49
1639512167, 0, 109, 519, 503, 72, 0.88%, 15, 0, 2, 1081.95
1639512172, 0, 160, 520, 496, 65, 0.88%, 17, 0, 2, 1085.47
1639512177, 0, 204, 520, 486, 55, 0.88%, 17, 0, 2, 1091.99
1639512182, 0, 250, 520, 478, 47, 0.88%, 17, 0, 2, 1170.28
1639512187, 0, 292, 521, 470, 40, 0.88%, 18, 0, 2, 1244.71
1639512192, 0, 342, 526, 468, 35, 0.88%, 21, 0, 2, 1361.12
1639512197, 0, 390, 526, 457, 24, 0.88%, 21, 0, 2, 1383.92
1639512202, 0, 483, 527, 446, 13, 0.88%, 21, 0, 2, 1371.96
1639512207, 0, 516, 527, 437, 4, 0.88%, 21, 0, 2, 1356.30
1639512212, 1, 7, 529, 433, 0, 0.88%, 21, 0, 3, 1356.63
1639512217, 1, 28, 529, 426, 0, 0.88%, 21, 0, 3, 1357.57
1639512222, 1, 44, 529, 421, 0, 0.88%, 23, 0, 3, 1362.78
1639512228, 1, 71, 529, 415, 0, 0.88%, 23, 0, 3, 1356.48
1639512233, 1, 99, 529, 409, 0, 0.88%, 23, 0, 3, 1347.35
1639512238, 1, 114, 529, 405, 0, 0.88%, 23, 0, 3, 1367.21
1639512243, 1, 132, 529, 399, 0, 0.88%, 24, 0, 3, 1400.13
1639512248, 1, 160, 529, 394, 0, 0.88%, 24, 0, 3, 1424.28
1639512253, 1, 186, 529, 389, 0, 0.88%, 27, 0, 3, 1419.81
1639512258, 1, 205, 529, 385, 0, 0.88%, 27, 0, 3, 1436.37
1639512263, 1, 246, 530, 383, 0, 0.88%, 27, 0, 3, 1414.88
1639512268, 1, 267, 530, 378, 0, 0.88%, 29, 0, 3, 1390.92
1639512273, 1, 300, 530, 373, 0, 0.88%, 30, 0, 3, 1390.00
1639512278, 1, 332, 530, 367, 0, 0.88%, 30, 0, 3, 1424.61
1639512283, 1, 364, 530, 362, 0, 0.88%, 30, 0, 3, 1397.19
1639512288, 1, 401, 530, 356, 0, 0.88%, 31, 0, 3, 1379.02
1639512293, 1, 423, 530, 351, 0, 0.88%, 31, 0, 3, 1385.86
1639512298, 1, 448, 530, 346, 0, 0.88%, 31, 0, 3, 1373.88
1639512304, 1, 482, 530, 338, 0, 0.88%, 31, 0, 3, 1412.65
1639512309, 1, 500, 530, 332, 0, 0.88%, 31, 0, 3, 1433.20
1639512314, 1, 523, 531, 330, 0, 0.88%, 31, 0, 3, 1415.82
1639512319, 2, 8, 533, 329, 0, 0.88%, 31, 0, 4, 1363.52
1639512324, 2, 36, 533, 324, 0, 0.88%, 31, 0, 4, 1355.66
1639512329, 2, 282, 536, 323, 1, 0.88%, 31, 0, 4, 1322.62
1639512334, 2, 534, 538, 323, 1, 0.88%, 31, 0, 4, 1338.10
1639512339, 2, 538, 541, 323, 2, 0.88%, 31, 0, 4, 1292.36
1639512344, 3, 19, 543, 322, 0, 0.88%, 32, 0, 4, 1327.04
1639512349, 3, 46, 544, 319, 0, 0.88%, 32, 0, 4, 1355.60
1639512354, 3, 80, 545, 315, 0, 0.88%, 32, 0, 4, 1407.45
1639512359, 3, 117, 545, 312, 0, 0.88%, 32, 0, 4, 1430.91
1639512364, 3, 143, 545, 308, 0, 0.88%, 32, 0, 4, 1362.60
1639512369, 3, 160, 545, 301, 0, 0.88%, 32, 0, 4, 1399.90
1639512375, 3, 177, 545, 296, 0, 0.88%, 32, 0, 4, 1386.93
1639512380, 3, 204, 546, 294, 0, 0.88%, 32, 0, 4, 1409.49
1639512385, 3, 228, 546, 290, 0, 0.88%, 33, 0, 4, 1371.31
1639512390, 3, 253, 546, 285, 0, 0.88%, 33, 0, 4, 1328.99
1639512395, 3, 279, 546, 281, 0, 0.88%, 33, 0, 4, 1248.37
1639512400, 3, 306, 546, 277, 0, 0.88%, 33, 0, 4, 1235.71
1639512405, 3, 340, 546, 271, 0, 0.88%, 33, 0, 4, 1333.59
1639512410, 3, 367, 546, 266, 0, 0.88%, 33, 0, 4, 1383.80
1639512415, 3, 399, 546, 260, 0, 0.88%, 33, 0, 4, 1406.96
1639512420, 3, 442, 546, 254, 0, 0.88%, 33, 0, 4, 1429.55
1639512425, 3, 474, 546, 248, 0, 0.88%, 33, 0, 4, 1426.22
1639512431, 3, 509, 546, 242, 0, 0.88%, 33, 0, 4, 1426.78
1639512436, 3, 534, 547, 240, 0, 0.88%, 33, 0, 4, 1836.97
1639512441, 3, 538, 548, 241, 0, 0.88%, 33, 0, 4, 1499.44
1639512446, 3, 547, 551, 241, 0, 0.88%, 34, 0, 5, 1425.74
