# unix_time, cycles_done, cur_path, paths_total, pending_total, pending_favs, map_size, unique_crashes, unique_hangs, max_depth, execs_per_sec
1639449055, 0, 0, 985, 985, 96, 0.93%, 0, 0, 1, 1275.29
1639449060, 0, 86, 985, 978, 90, 0.93%, 3, 0, 1, 1385.08
1639449065, 0, 156, 985, 969, 82, 0.93%, 6, 0, 1, 1412.89
1639449070, 0, 245, 985, 957, 71, 0.93%, 6, 0, 1, 1402.14
1639449075, 0, 430, 985, 946, 61, 0.93%, 6, 0, 1, 1440.21
1639449080, 0, 519, 985, 936, 51, 0.93%, 7, 0, 1, 1450.09
1639449085, 0, 587, 985, 924, 41, 0.93%, 7, 0, 1, 1435.60
1639449090, 0, 635, 985, 917, 35, 0.93%, 7, 0, 1, 1427.85
1639449096, 0, 709, 985, 906, 24, 0.93%, 7, 0, 1, 1437.62
1639449101, 0, 800, 985, 897, 15, 0.93%, 7, 0, 1, 1430.38
1639449106, 0, 875, 985, 889, 9, 0.93%, 7, 0, 1, 1405.37
1639449111, 1, 0, 985, 877, 0, 0.93%, 7, 0, 1, 1410.65
1639449116, 1, 14, 985, 874, 0, 0.93%, 7, 0, 1, 1416.46
1639449121, 1, 56, 985, 865, 0, 0.93%, 7, 0, 1, 1410.36
1639449126, 1, 77, 985, 861, 0, 0.93%, 7, 0, 1, 1415.61
1639449131, 1, 104, 985, 853, 0, 0.93%, 7, 0, 1, 1418.35
1639449136, 1, 142, 985, 847, 0, 0.93%, 7, 0, 1, 1424.14
1639449142, 1, 162, 985, 843, 0, 0.93%, 7, 0, 1, 1449.35
1639449147, 1, 186, 985, 837, 0, 0.93%, 7, 0, 1, 1441.41
1639449152, 1, 203, 985, 830, 0, 0.93%, 7, 0, 1, 1439.27
1639449157, 1, 220, 985, 823, 0, 0.93%, 7, 0, 1, 1428.65
1639449162, 1, 252, 985, 818, 0, 0.93%, 7, 0, 1, 1395.69
1639449167, 1, 281, 985, 808, 0, 0.93%, 8, 0, 1, 1415.40
1639449172, 1, 302, 985, 802, 0, 0.93%, 8, 0, 1, 1426.94
1639449177, 1, 339, 985, 794, 0, 0.93%, 8, 0, 1, 1429.26
1639449182, 1, 364, 985, 786, 0, 0.93%, 8, 0, 1, 1426.39
1639449187, 1, 406, 985, 780, 0, 0.93%, 8, 0, 1, 1420.52
1639449192, 1, 430, 985, 774, 0, 0.93%, 8, 0, 1, 1418.24
1639449198, 1, 450, 985, 770, 0, 0.93%, 8, 0, 1, 1275.29
1639449203, 1, 477, 985, 763, 0, 0.93%, 9, 0, 1, 1358.20
1639449208, 1, 507, 985, 757, 0, 0.93%, 10, 0, 1, 1359.51
1639449213, 1, 532, 985, 751, 0, 0.93%, 11, 0, 1, 1370.99
1639449218, 1, 548, 985, 742, 0, 0.93%, 11, 0, 1, 1426.28
1639449223, 1, 587, 985, 736, 0, 0.93%, 11, 0, 1, 1443.46
1639449228, 1, 617, 985, 731, 0, 0.93%, 11, 0, 1, 1409.43
1639449233, 1, 649, 985, 727, 0, 0.93%, 11, 0, 1, 1421.74
1639449238, 1, 665, 985, 720, 0, 0.93%, 11, 0, 1, 1429.41
1639449243, 1, 704, 985, 714, 0, 0.93%, 11, 0, 1, 1829.13
1639449248, 1, 721, 985, 709, 0, 0.93%, 11, 0, 1, 1503.42
1639449254, 1, 755, 985, 701, 0, 0.93%, 11, 0, 1, 1428.06
1639449259, 1, 787, 985, 695, 0, 0.93%, 11, 0, 1, 1401.54
1639449264, 1, 820, 985, 691, 0, 0.93%, 11, 0, 1, 1444.07
1639449269, 1, 854, 985, 686, 0, 0.93%, 11, 0, 1, 1419.73
1639449274, 1, 878, 985, 678, 0, 0.93%, 11, 0, 1, 1416.47
1639449280, 1, 923, 985, 670, 0, 0.93%, 11, 0, 1, 1389.38
1639449285, 1, 972, 985, 661, 0, 0.93%, 11, 0, 1, 1403.95
1639449290, 2, 12, 985, 656, 0, 0.93%, 11, 0, 1, 1432.47
1639449295, 2, 56, 985, 651, 0, 0.93%, 11, 0, 1, 1421.81
1639449300, 2, 96, 985, 645, 0, 0.93%, 11, 0, 1, 1407.37
1639449305, 2, 137, 985, 640, 0, 0.93%, 11, 0, 1, 1419.30
1639449311, 2, 169, 985, 634, 0, 0.93%, 11, 0, 1, 1418.89
1639449316, 2, 182, 985, 629, 0, 0.93%, 11, 0, 1, 1437.89
1639449321, 2, 208, 985, 627, 0, 0.93%, 11, 0, 1, 1438.46
1639449326, 2, 243, 985, 620, 0, 0.93%, 11, 0, 1, 1429.67
1639449331, 2, 295, 985, 613, 0, 0.93%, 11, 0, 1, 1437.99
1639449336, 2, 315, 985, 608, 0, 0.93%, 11, 0, 1, 1418.71
1639449341, 2, 336, 985, 603, 0, 0.93%, 11, 0, 1, 1397.16
1639449346, 2, 361, 985, 597, 0, 0.93%, 11, 0, 1, 1411.35
