# unix_time, cycles_done, cur_path, paths_total, pending_total, pending_favs, map_size, unique_crashes, unique_hangs, max_depth, execs_per_sec
1639513339, 0, 0, 1, 1, 1, 0.12%, 0, 0, 1, 1600.00
1639513344, 0, 0, 87, 87, 1, 0.46%, 3, 0, 2, 1411.19
1639513350, 0, 8, 118, 115, 41, 0.48%, 4, 0, 3, 1330.99
1639513355, 0, 18, 127, 121, 39, 0.50%, 5, 0, 3, 1335.88
1639513360, 0, 28, 139, 130, 37, 0.51%, 6, 0, 3, 1332.46
1639513365, 0, 32, 145, 135, 37, 0.51%, 6, 0, 3, 1331.61
1639513370, 0, 46, 152, 135, 32, 0.52%, 8, 0, 3, 1330.02
1639513375, 0, 48, 164, 146, 31, 0.52%, 8, 0, 3, 1377.44
1639513380, 0, 66, 173, 144, 24, 0.54%, 8, 0, 3, 1427.69
1639513385, 0, 101, 177, 140, 17, 0.54%, 8, 0, 3, 1444.16
1639513390, 0, 129, 181, 136, 12, 0.54%, 8, 0, 4, 1448.17
1639513395, 0, 166, 183, 130, 6, 0.55%, 8, 0, 4, 1449.41
1639513400, 0, 181, 192, 134, 3, 0.56%, 8, 0, 5, 1446.29
1639513406, 0, 181, 198, 140, 3, 0.57%, 8, 0, 5, 1407.91
1639513411, 0, 192, 199, 137, 5, 0.57%, 10, 0, 6, 1366.14
1639513416, 0, 195, 204, 141, 4, 0.57%, 10, 0, 6, 1347.07
1639513421, 0, 204, 206, 139, 2, 0.58%, 10, 0, 6, 1341.32
1639513426, 1, 48, 206, 135, 0, 0.58%, 10, 0, 6, 1236.29
1639513431, 1, 66, 206, 135, 0, 0.58%, 11, 0, 6, 1178.01
1639513436, 1, 83, 207, 133, 0, 0.58%, 11, 0, 6, 1161.94
1639513441, 1, 120, 207, 129, 0, 0.58%, 12, 0, 6, 1169.54
1639513446, 1, 130, 208, 127, 0, 0.58%, 12, 0, 6, 1202.53
1639513452, 1, 208, 214, 132, 1, 0.62%, 12, 0, 6, 1321.90
1639513457, 1, 209, 224, 141, 6, 0.63%, 12, 0, 6, 1374.33
1639513462, 1, 209, 229, 146, 6, 0.63%, 12, 0, 6, 1383.27
1639513467, 1, 212, 233, 148, 7, 0.63%, 12, 0, 6, 1372.30
1639513472, 1, 216, 241, 154, 6, 0.64%, 13, 0, 6, 1322.26
1639513477, 1, 223, 244, 156, 9, 0.65%, 13, 0, 6, 1342.18
1639513482, 1, 223, 248, 160, 9, 0.65%, 13, 0, 7, 1345.53
1639513487, 1, 224, 255, 166, 9, 0.66%, 13, 0, 7, 1386.26
1639513492, 1, 227, 257, 167, 8, 0.66%, 13, 0, 7, 1390.65
1639513497, 1, 229, 263, 172, 7, 0.66%, 13, 0, 7, 1896.32
1639513502, 1, 241, 266, 174, 6, 0.66%, 13, 0, 7, 1673.15
1639513508, 1, 242, 273, 180, 6, 0.66%, 14, 0, 7, 1411.89
1639513513, 1, 249, 276, 181, 7, 0.66%, 14, 0, 8, 1410.45
1639513518, 1, 249, 280, 185, 7, 0.66%, 14, 0, 8, 1404.60
1639513523, 1, 251, 283, 187, 6, 0.66%, 14, 0, 8, 1370.49
1639513528, 1, 253, 287, 190, 5, 0.66%, 14, 0, 8, 1387.05
1639513533, 1, 263, 289, 191, 5, 0.66%, 14, 0, 8, 1369.30
1639513538, 1, 269, 289, 190, 4, 0.66%, 14, 0, 8, 1229.53
1639513543, 1, 273, 291, 191, 3, 0.66%, 14, 0, 8, 1056.13
1639513548, 1, 273, 292, 192, 3, 0.66%, 14, 0, 9, 1078.41
1639513553, 1, 274, 292, 191, 2, 0.66%, 14, 0, 9, 1058.52
1639513558, 1, 285, 295, 192, 0, 0.67%, 14, 0, 9, 1040.89
1639513563, 1, 285, 296, 193, 0, 0.67%, 14, 0, 9, 1058.59
1639513568, 1, 294, 298, 194, 1, 0.67%, 14, 0, 10, 1159.00
1639513578, 1, 296, 299, 193, 1, 0.67%, 14, 0, 10, 1402.58
1639513583, 1, 298, 302, 195, 0, 0.67%, 14, 0, 11, 1416.76
1639513588, 1, 301, 303, 195, 1, 0.67%, 14, 0, 12, 1435.32
1639513594, 2, 24, 303, 192, 0, 0.67%, 14, 0, 12, 1439.93
1639513599, 2, 46, 303, 190, 0, 0.67%, 14, 0, 12, 1453.99
1639513604, 2, 65, 303, 187, 0, 0.67%, 14, 0, 12, 1446.79
1639513609, 2, 287, 307, 191, 1, 0.67%, 14, 0, 12, 1436.59
1639513614, 2, 288, 308, 191, 2, 0.68%, 14, 0, 12, 1466.58
1639513619, 3, 8, 309, 189, 0, 0.68%, 14, 0, 12, 1475.24
1639513624, 3, 32, 309, 184, 0, 0.68%, 14, 0, 12, 1459.16
1639513629, 3, 55, 309, 183, 0, 0.68%, 14, 0, 12, 1441.18
1639513634, 3, 81, 309, 180, 0, 0.68%, 14, 0, 12, 1457.75
1639513639, 3, 111, 309, 176, 0, 0.68%, 14, 0, 12, 1439.74
