# unix_time, cycles_done, cur_path, paths_total, pending_total, pending_favs, map_size, unique_crashes, unique_hangs, max_depth, execs_per_sec
1639511544, 0, 0, 537, 537, 88, 0.90%, 0, 0, 1, 952.13
1639511550, 0, 85, 537, 529, 80, 0.90%, 2, 0, 1, 1293.33
1639511555, 0, 155, 537, 520, 71, 0.90%, 3, 0, 1, 1418.11
1639511560, 0, 203, 537, 507, 58, 0.90%, 4, 0, 1, 1415.85
1639511565, 0, 257, 537, 497, 50, 0.90%, 4, 0, 1, 1394.24
1639511570, 0, 289, 537, 489, 42, 0.90%, 5, 0, 1, 1366.11
1639511575, 0, 328, 537, 481, 34, 0.90%, 5, 0, 1, 1356.85
1639511580, 0, 369, 537, 471, 25, 0.90%, 5, 0, 1, 1367.53
1639511585, 0, 418, 537, 462, 17, 0.90%, 6, 0, 1, 1328.13
1639511590, 0, 484, 537, 455, 10, 0.90%, 6, 0, 1, 1352.33
1639511595, 0, 531, 537, 446, 1, 0.90%, 7, 0, 1, 1358.70
1639511600, 1, 30, 537, 440, 0, 0.90%, 7, 0, 1, 1352.49
1639511605, 1, 64, 537, 435, 0, 0.90%, 7, 0, 1, 1356.70
1639511610, 1, 86, 537, 430, 0, 0.90%, 7, 0, 1, 1380.17
1639511616, 1, 107, 537, 424, 0, 0.90%, 7, 0, 1, 1407.86
1639511621, 1, 130, 537, 418, 0, 0.90%, 7, 0, 1, 1420.55
1639511626, 1, 163, 537, 412, 0, 0.90%, 7, 0, 1, 1436.91
1639511631, 1, 192, 537, 407, 0, 0.90%, 7, 0, 1, 1441.30
1639511636, 1, 208, 537, 403, 0, 0.90%, 7, 0, 1, 1420.72
1639511641, 1, 233, 537, 399, 0, 0.90%, 7, 0, 1, 1436.41
1639511646, 1, 266, 537, 394, 0, 0.90%, 8, 0, 1, 1401.53
1639511651, 1, 281, 537, 392, 0, 0.90%, 8, 0, 1, 1385.35
1639511657, 1, 298, 537, 386, 0, 0.90%, 8, 0, 1, 1356.03
1639511662, 1, 316, 537, 382, 0, 0.90%, 8, 0, 1, 1337.16
1639511667, 1, 333, 537, 377, 0, 0.90%, 8, 0, 1, 1310.51
1639511672, 1, 356, 537, 371, 0, 0.90%, 8, 0, 1, 1305.33
1639511677, 1, 372, 537, 368, 0, 0.90%, 8, 0, 1, 1296.22
1639511682, 1, 387, 537, 365, 0, 0.90%, 8, 0, 1, 1276.88
1639511687, 1, 431, 537, 360, 0, 0.90%, 9, 0, 1, 1242.52
1639511692, 1, 454, 537, 355, 0, 0.90%, 9, 0, 1, 1232.53
1639511697, 1, 467, 537, 351, 0, 0.90%, 9, 0, 1, 1226.90
1639511702, 1, 501, 537, 344, 0, 0.90%, 9, 0, 1, 1249.77
1639511707, 1, 523, 537, 339, 0, 0.90%, 11, 0, 1, 1297.58
1639511712, 1, 535, 537, 335, 0, 0.90%, 11, 0, 1, 1344.99
1639511717, 2, 26, 537, 329, 0, 0.90%, 11, 0, 1, 1366.47
1639511722, 2, 53, 537, 323, 0, 0.90%, 11, 0, 1, 1331.56
1639511727, 2, 78, 537, 316, 0, 0.90%, 11, 0, 1, 1322.32
1639511732, 2, 107, 537, 315, 0, 0.90%, 11, 0, 1, 1316.93
1639511738, 2, 127, 537, 309, 0, 0.90%, 11, 0, 1, 1328.19
1639511743, 2, 148, 537, 304, 0, 0.90%, 11, 0, 1, 1318.83
1639511748, 2, 178, 537, 301, 0, 0.90%, 11, 0, 1, 1347.71
1639511753, 2, 201, 537, 297, 0, 0.90%, 11, 0, 1, 1400.11
1639511758, 2, 235, 537, 293, 0, 0.90%, 11, 0, 1, 1423.03
1639511763, 2, 271, 537, 289, 0, 0.90%, 11, 0, 1, 1446.87
1639511768, 2, 300, 537, 287, 0, 0.90%, 12, 0, 1, 1446.40
1639511773, 2, 317, 537, 284, 0, 0.90%, 12, 0, 1, 1455.90
1639511779, 2, 345, 537, 280, 0, 0.90%, 12, 0, 1, 1437.40
1639511784, 2, 373, 537, 275, 0, 0.90%, 12, 0, 1, 1423.16
1639511789, 2, 394, 537, 272, 0, 0.90%, 13, 0, 1, 1411.69
1639511794, 2, 420, 537, 267, 0, 0.90%, 13, 0, 1, 1409.11
1639511799, 2, 448, 537, 259, 0, 0.90%, 13, 0, 1, 1373.20
1639511804, 2, 466, 537, 256, 0, 0.90%, 13, 0, 1, 1354.69
1639511809, 2, 499, 537, 249, 0, 0.90%, 13, 0, 1, 1330.02
1639511814, 2, 532, 538, 249, 0, 0.90%, 13, 0, 2, 1326.80
1639511820, 3, 34, 538, 246, 0, 0.90%, 13, 0, 2, 1324.77
1639511825, 3, 52, 538, 240, 0, 0.90%, 13, 0, 2, 1337.16
1639511830, 3, 88, 538, 236, 0, 0.90%, 13, 0, 2, 1322.55
1639511835, 3, 138, 538, 232, 0, 0.90%, 13, 0, 2, 1484.56
