# unix_time, cycles_done, cur_path, paths_total, pending_total, pending_favs, map_size, unique_crashes, unique_hangs, max_depth, execs_per_sec
1639481508, 0, 0, 819, 819, 96, 0.91%, 0, 0, 1, 1244.68
1639481513, 0, 91, 819, 810, 89, 0.91%, 3, 0, 1, 1369.30
1639481518, 0, 173, 819, 796, 75, 0.91%, 3, 0, 1, 1416.07
1639481523, 0, 277, 819, 786, 65, 0.91%, 4, 0, 1, 1419.18
1639481528, 0, 357, 819, 777, 57, 0.91%, 4, 0, 1, 1403.64
1639481533, 0, 436, 819, 769, 49, 0.91%, 5, 0, 1, 1426.07
1639481538, 0, 509, 819, 761, 41, 0.91%, 5, 0, 1, 1422.56
1639481543, 0, 577, 819, 753, 33, 0.91%, 5, 0, 1, 1419.24
1639481549, 0, 662, 819, 743, 23, 0.91%, 5, 0, 1, 1422.38
1639481554, 0, 703, 819, 737, 18, 0.91%, 6, 0, 1, 1397.16
1639481559, 0, 767, 819, 728, 11, 0.91%, 6, 0, 1, 1672.37
1639481564, 1, 11, 819, 714, 0, 0.91%, 6, 0, 1, 1515.35
1639481569, 1, 30, 819, 708, 0, 0.91%, 6, 0, 1, 1418.23
1639481574, 1, 63, 819, 701, 0, 0.91%, 6, 0, 1, 1424.09
1639481579, 1, 101, 819, 695, 0, 0.91%, 6, 0, 1, 1409.59
1639481584, 1, 118, 819, 687, 0, 0.91%, 6, 0, 1, 1389.78
1639481589, 1, 148, 819, 682, 0, 0.91%, 6, 0, 1, 1400.80
1639481594, 1, 175, 819, 677, 0, 0.91%, 6, 0, 1, 1406.01
1639481599, 1, 199, 819, 671, 0, 0.91%, 7, 0, 1, 1365.88
1639481604, 1, 228, 819, 666, 0, 0.91%, 8, 0, 1, 1392.46
1639481610, 1, 259, 819, 660, 0, 0.91%, 8, 0, 1, 1403.16
1639481615, 1, 281, 819, 652, 0, 0.91%, 8, 0, 1, 1395.56
1639481620, 1, 310, 819, 646, 0, 0.91%, 8, 0, 1, 1394.20
1639481625, 1, 328, 819, 641, 0, 0.91%, 8, 0, 1, 1387.63
1639481630, 1, 353, 819, 634, 0, 0.91%, 8, 0, 1, 1405.82
1639481635, 1, 369, 819, 629, 0, 0.91%, 8, 0, 1, 1419.52
1639481640, 1, 406, 819, 623, 0, 0.91%, 8, 0, 1, 1422.71
1639481646, 1, 432, 819, 615, 0, 0.91%, 8, 0, 1, 1427.64
1639481651, 1, 455, 819, 609, 0, 0.91%, 10, 0, 1, 1419.31
1639481656, 1, 485, 819, 604, 0, 0.91%, 10, 0, 1, 1401.26
1639481661, 1, 509, 819, 595, 0, 0.91%, 12, 0, 1, 1393.46
1639481666, 1, 550, 819, 591, 0, 0.91%, 12, 0, 1, 1411.64
1639481671, 1, 567, 819, 584, 0, 0.91%, 12, 0, 1, 1290.45
1639481676, 1, 583, 819, 580, 0, 0.91%, 12, 0, 1, 1261.07
1639481681, 1, 604, 819, 574, 0, 0.91%, 12, 0, 1, 1332.72
1639481686, 1, 633, 819, 567, 0, 0.91%, 12, 0, 1, 1378.93
1639481691, 1, 657, 819, 561, 0, 0.91%, 12, 0, 1, 1384.49
1639481696, 1, 688, 819, 556, 0, 0.91%, 12, 0, 1, 1400.21
1639481701, 2, 54, 819, 551, 1, 0.91%, 12, 0, 1, 1396.14
1639481706, 2, 249, 819, 546, 0, 0.91%, 12, 0, 1, 1388.31
1639481711, 2, 277, 819, 540, 0, 0.91%, 12, 0, 1, 1401.16
1639481716, 2, 309, 819, 534, 0, 0.91%, 12, 0, 1, 1418.89
1639481721, 2, 333, 819, 531, 0, 0.91%, 12, 0, 1, 1405.48
1639481726, 2, 374, 819, 527, 0, 0.91%, 12, 0, 1, 1428.59
1639481732, 2, 400, 819, 521, 0, 0.91%, 12, 0, 1, 1425.82
1639481737, 2, 449, 819, 516, 0, 0.91%, 12, 0, 1, 1427.82
1639481742, 2, 481, 819, 513, 0, 0.91%, 12, 0, 1, 1417.14
1639481747, 2, 515, 819, 507, 0, 0.91%, 13, 0, 1, 1420.07
1639481752, 2, 539, 819, 501, 0, 0.91%, 13, 0, 1, 1410.80
1639481757, 2, 575, 819, 498, 0, 0.91%, 13, 0, 1, 1400.26
1639481763, 2, 599, 819, 492, 0, 0.91%, 13, 0, 1, 1384.91
1639481768, 2, 642, 819, 488, 0, 0.91%, 13, 0, 1, 1404.10
1639481773, 2, 662, 819, 482, 0, 0.91%, 13, 0, 1, 1409.73
1639481778, 2, 684, 819, 477, 0, 0.91%, 14, 0, 1, 1395.08
1639481783, 2, 709, 819, 471, 0, 0.91%, 15, 0, 1, 1372.94
1639481788, 2, 729, 819, 467, 0, 0.91%, 15, 0, 1, 1385.01
1639481793, 2, 768, 819, 461, 0, 0.91%, 15, 0, 1, 1400.54
1639481798, 2, 786, 819, 454, 0, 0.91%, 15, 0, 1, 1372.64
