# unix_time, cycles_done, cur_path, paths_total, pending_total, pending_favs, map_size, unique_crashes, unique_hangs, max_depth, execs_per_sec
1639513808, 0, 0, 657, 657, 97, 0.92%, 0, 0, 1, 1210.78
1639513813, 0, 67, 657, 648, 88, 0.92%, 1, 0, 1, 1312.73
1639513818, 0, 129, 657, 640, 81, 0.92%, 6, 0, 1, 1319.74
1639513823, 0, 194, 658, 633, 73, 0.92%, 6, 0, 2, 1357.00
1639513828, 0, 253, 658, 625, 66, 0.92%, 6, 0, 2, 1331.20
1639513833, 0, 291, 658, 616, 57, 0.92%, 7, 0, 2, 1282.71
1639513838, 0, 363, 658, 607, 48, 0.92%, 7, 0, 2, 1245.62
1639513843, 0, 405, 658, 597, 38, 0.92%, 7, 0, 2, 1297.90
1639513848, 0, 425, 658, 591, 32, 0.92%, 8, 0, 2, 1327.78
1639513853, 0, 491, 658, 582, 23, 0.92%, 8, 0, 2, 1351.38
1639513858, 0, 544, 658, 573, 17, 0.92%, 8, 0, 2, 1362.88
1639513864, 0, 593, 658, 565, 10, 0.92%, 8, 0, 2, 1316.64
1639513869, 0, 644, 658, 555, 2, 0.92%, 8, 0, 2, 1325.02
1639513874, 1, 16, 658, 547, 0, 0.92%, 8, 0, 2, 1318.27
1639513879, 1, 34, 658, 544, 0, 0.92%, 8, 0, 2, 1312.45
1639513884, 1, 65, 658, 538, 0, 0.92%, 8, 0, 2, 1309.06
1639513889, 1, 97, 658, 532, 0, 0.92%, 8, 0, 2, 1313.87
1639513894, 1, 112, 658, 527, 0, 0.92%, 9, 0, 2, 1347.96
1639513899, 1, 143, 659, 522, 0, 0.92%, 9, 0, 2, 1407.02
1639513905, 1, 168, 659, 517, 0, 0.92%, 9, 0, 2, 1429.56
1639513910, 1, 207, 659, 509, 0, 0.92%, 9, 0, 2, 1220.40
1639513915, 1, 229, 659, 504, 0, 0.92%, 9, 0, 2, 1362.24
1639513920, 1, 252, 659, 500, 0, 0.92%, 9, 0, 2, 1406.78
1639513925, 1, 279, 659, 496, 0, 0.92%, 9, 0, 2, 1401.18
1639513930, 1, 293, 659, 492, 0, 0.92%, 9, 0, 2, 1417.54
1639513935, 1, 338, 659, 486, 0, 0.92%, 9, 0, 2, 1427.95
1639513940, 1, 363, 659, 481, 0, 0.92%, 10, 0, 2, 1420.84
1639513945, 1, 389, 659, 477, 0, 0.92%, 10, 0, 2, 1529.18
1639513951, 1, 411, 659, 473, 0, 0.92%, 10, 0, 2, 1420.13
1639513956, 1, 428, 659, 469, 0, 0.92%, 10, 0, 2, 1356.83
1639513961, 1, 440, 659, 463, 0, 0.92%, 10, 0, 2, 1344.37
1639513966, 1, 459, 659, 454, 0, 0.92%, 10, 0, 2, 1306.02
1639513971, 1, 489, 659, 449, 0, 0.92%, 10, 0, 2, 1194.61
1639513976, 1, 506, 659, 448, 0, 0.92%, 10, 0, 2, 1103.26
1639513981, 2, 280, 659, 442, 1, 0.92%, 10, 0, 2, 988.45
1639513986, 2, 332, 659, 438, 0, 0.92%, 10, 0, 2, 958.12
1639513991, 2, 355, 659, 434, 0, 0.92%, 11, 0, 2, 980.51
1639513996, 2, 383, 659, 432, 0, 0.92%, 11, 0, 2, 1069.18
1639514001, 2, 405, 659, 430, 0, 0.92%, 11, 0, 2, 1224.52
1639514007, 2, 429, 659, 429, 0, 0.92%, 12, 0, 2, 1326.54
1639514012, 2, 478, 659, 426, 0, 0.92%, 12, 0, 2, 1407.28
1639514017, 2, 495, 661, 424, 0, 0.92%, 12, 0, 2, 1412.90
1639514022, 2, 530, 662, 420, 0, 0.92%, 13, 0, 2, 1407.16
1639514027, 2, 663, 664, 416, 1, 0.92%, 14, 0, 2, 1392.78
1639514032, 3, 22, 664, 411, 0, 0.92%, 14, 0, 2, 1360.78
1639514037, 3, 62, 664, 406, 0, 0.92%, 15, 0, 2, 1355.84
1639514043, 3, 99, 664, 401, 0, 0.92%, 15, 0, 2, 1319.62
1639514048, 3, 122, 664, 396, 0, 0.92%, 15, 0, 2, 1345.51
1639514053, 3, 144, 664, 391, 0, 0.92%, 15, 0, 2, 1381.92
1639514058, 3, 177, 664, 385, 0, 0.92%, 15, 0, 2, 1345.64
1639514063, 3, 219, 664, 378, 0, 0.92%, 16, 0, 2, 1293.46
1639514068, 3, 239, 664, 374, 0, 0.92%, 16, 0, 2, 1283.07
1639514073, 3, 264, 664, 371, 0, 0.92%, 18, 0, 2, 1252.66
1639514078, 3, 287, 664, 368, 0, 0.92%, 18, 0, 2, 1189.55
1639514083, 3, 307, 664, 365, 0, 0.92%, 18, 0, 2, 1179.07
1639514088, 3, 326, 664, 360, 0, 0.92%, 18, 0, 2, 1196.36
1639514093, 3, 345, 664, 355, 0, 0.92%, 18, 0, 2, 1243.03
1639514099, 3, 367, 664, 351, 0, 0.92%, 18, 0, 2, 1290.83
