# unix_time, cycles_done, cur_path, paths_total, pending_total, pending_favs, map_size, unique_crashes, unique_hangs, max_depth, execs_per_sec
1639598402, 0, 0, 977, 977, 86, 0.75%, 0, 0, 1, 1106.46
1639598407, 0, 109, 977, 969, 80, 0.75%, 4, 0, 1, 1293.78
1639598412, 0, 177, 978, 962, 72, 0.75%, 4, 0, 2, 1392.82
1639598417, 0, 292, 978, 955, 65, 0.75%, 4, 0, 2, 1400.98
1639598422, 0, 431, 978, 943, 54, 0.75%, 5, 0, 2, 1429.90
1639598427, 0, 518, 978, 934, 45, 0.75%, 5, 0, 2, 1443.88
1639598433, 0, 617, 978, 924, 37, 0.75%, 7, 0, 2, 1436.96
1639598438, 0, 753, 978, 913, 25, 0.75%, 8, 0, 2, 1448.97
1639598443, 0, 830, 978, 905, 19, 0.75%, 8, 0, 2, 1456.29
1639598448, 0, 910, 978, 896, 10, 0.75%, 8, 0, 2, 1444.65
1639598453, 1, 1, 978, 885, 0, 0.75%, 8, 0, 2, 1448.81
1639598458, 1, 23, 978, 876, 0, 0.75%, 8, 0, 2, 1453.79
1639598463, 1, 51, 978, 867, 0, 0.75%, 8, 0, 2, 1446.30
1639598468, 1, 106, 978, 858, 0, 0.75%, 8, 0, 2, 1460.20
1639598473, 1, 141, 978, 852, 0, 0.75%, 8, 0, 2, 1645.93
1639598478, 1, 168, 978, 846, 0, 0.75%, 8, 0, 2, 1480.63
1639598483, 1, 194, 978, 840, 0, 0.75%, 8, 0, 2, 1447.53
1639598489, 1, 243, 978, 831, 0, 0.75%, 8, 0, 2, 1451.67
1639598494, 1, 264, 978, 824, 0, 0.75%, 8, 0, 2, 1461.75
1639598499, 1, 294, 978, 819, 0, 0.75%, 9, 0, 2, 1440.47
1639598504, 1, 333, 978, 811, 0, 0.75%, 9, 0, 2, 1438.98
1639598509, 1, 370, 978, 803, 0, 0.75%, 9, 0, 2, 1420.49
1639598514, 1, 388, 978, 796, 0, 0.75%, 9, 0, 2, 1436.92
1639598519, 1, 407, 978, 790, 0, 0.75%, 10, 0, 2, 1441.71
1639598524, 1, 455, 978, 782, 0, 0.75%, 10, 0, 2, 1440.64
1639598530, 1, 487, 978, 775, 0, 0.75%, 10, 0, 2, 1445.53
1639598535, 1, 522, 978, 772, 0, 0.75%, 10, 0, 2, 1458.72
1639598540, 1, 549, 978, 768, 0, 0.75%, 10, 0, 2, 1412.25
1639598545, 1, 566, 978, 760, 0, 0.75%, 10, 0, 2, 1400.26
1639598550, 1, 592, 978, 752, 0, 0.75%, 10, 0, 2, 1413.36
1639598555, 1, 623, 978, 746, 0, 0.75%, 10, 0, 2, 1433.55
1639598560, 1, 639, 978, 741, 0, 0.75%, 10, 0, 2, 1444.92
1639598565, 1, 664, 978, 734, 0, 0.75%, 10, 0, 2, 1449.48
1639598570, 1, 697, 978, 727, 0, 0.75%, 10, 0, 2, 1411.86
1639598575, 1, 734, 978, 717, 0, 0.75%, 10, 0, 2, 1378.99
1639598580, 1, 763, 978, 708, 0, 0.75%, 10, 0, 2, 1368.63
1639598585, 1, 795, 978, 702, 0, 0.75%, 10, 0, 2, 1369.26
1639598591, 1, 830, 978, 695, 0, 0.75%, 10, 0, 2, 1372.35
1639598596, 1, 852, 978, 693, 0, 0.75%, 10, 0, 2, 1370.71
1639598601, 1, 913, 978, 688, 0, 0.75%, 10, 0, 2, 1373.24
1639598606, 1, 939, 978, 683, 0, 0.75%, 10, 0, 2, 1404.47
1639598611, 1, 974, 978, 676, 0, 0.75%, 10, 0, 2, 1421.71
1639598616, 2, 34, 978, 672, 0, 0.75%, 11, 0, 2, 1437.12
1639598621, 2, 98, 978, 664, 0, 0.75%, 11, 0, 2, 1448.43
1639598626, 2, 119, 978, 660, 0, 0.75%, 11, 0, 2, 1455.55
1639598631, 2, 155, 978, 655, 0, 0.75%, 11, 0, 2, 1439.68
1639598636, 2, 194, 978, 650, 0, 0.75%, 11, 0, 2, 1443.64
1639598642, 2, 224, 978, 642, 0, 0.75%, 12, 0, 2, 1454.65
1639598647, 2, 262, 978, 634, 0, 0.75%, 12, 0, 2, 1460.60
1639598652, 2, 299, 978, 629, 0, 0.75%, 12, 0, 2, 1453.08
1639598657, 2, 334, 978, 621, 0, 0.75%, 13, 0, 2, 1453.17
1639598662, 2, 363, 978, 615, 0, 0.75%, 13, 0, 2, 1423.73
1639598667, 2, 383, 978, 608, 0, 0.75%, 13, 0, 2, 1444.98
1639598672, 2, 410, 978, 605, 0, 0.75%, 13, 0, 2, 1437.06
1639598677, 2, 466, 978, 598, 0, 0.75%, 13, 0, 2, 1444.66
1639598682, 2, 494, 978, 593, 0, 0.75%, 13, 0, 2, 1435.36
1639598687, 2, 522, 978, 588, 0, 0.75%, 13, 0, 2, 1447.38
1639598693, 2, 558, 978, 583, 0, 0.75%, 13, 0, 2, 1384.83
