# unix_time, cycles_done, cur_path, paths_total, pending_total, pending_favs, map_size, unique_crashes, unique_hangs, max_depth, execs_per_sec
1639597265, 0, 0, 1, 1, 1, 0.12%, 0, 0, 1, 1333.33
1639597270, 0, 0, 75, 75, 1, 0.43%, 2, 0, 2, 1423.98
1639597276, 0, 3, 103, 102, 40, 0.46%, 3, 0, 3, 1414.73
1639597281, 0, 15, 136, 130, 41, 0.49%, 3, 0, 3, 1432.09
1639597286, 0, 34, 148, 132, 30, 0.50%, 4, 0, 3, 1436.82
1639597291, 0, 43, 168, 147, 29, 0.52%, 4, 0, 3, 1425.01
1639597296, 0, 73, 176, 147, 21, 0.52%, 5, 0, 3, 1425.77
1639597301, 0, 127, 184, 146, 14, 0.53%, 5, 0, 4, 1440.80
1639597306, 0, 154, 189, 145, 11, 0.54%, 5, 0, 4, 1438.56
1639597311, 0, 179, 193, 142, 6, 0.55%, 5, 0, 4, 1445.94
1639597316, 0, 187, 201, 147, 8, 0.57%, 5, 0, 5, 1455.74
1639597321, 0, 192, 209, 153, 6, 0.57%, 5, 0, 5, 1455.06
1639597326, 0, 199, 216, 155, 6, 0.58%, 5, 0, 6, 1434.28
1639597331, 0, 203, 224, 161, 9, 0.62%, 5, 0, 6, 1421.32
1639597336, 0, 203, 227, 164, 9, 0.63%, 5, 0, 6, 1439.85
1639597341, 0, 217, 232, 166, 9, 0.63%, 6, 0, 7, 1400.78
1639597346, 0, 219, 233, 165, 9, 0.63%, 6, 0, 7, 1447.36
1639597351, 0, 223, 237, 166, 6, 0.63%, 7, 0, 7, 1437.59
1639597357, 0, 224, 241, 169, 6, 0.63%, 7, 0, 7, 1440.64
1639597362, 0, 228, 243, 169, 4, 0.63%, 7, 0, 8, 1446.62
1639597367, 0, 231, 246, 171, 3, 0.63%, 7, 0, 8, 1457.85
1639597372, 1, 48, 247, 169, 1, 0.63%, 8, 0, 8, 1437.56
1639597377, 1, 69, 250, 167, 0, 0.63%, 8, 0, 8, 1451.67
1639597382, 1, 81, 250, 164, 0, 0.63%, 8, 0, 8, 1460.18
1639597387, 1, 202, 251, 157, 1, 0.63%, 8, 0, 8, 1461.06
1639597392, 1, 250, 252, 158, 1, 0.63%, 11, 0, 8, 1472.19
1639597397, 2, 12, 253, 156, 0, 0.63%, 11, 0, 8, 1483.69
1639597402, 2, 35, 254, 152, 0, 0.63%, 11, 0, 8, 1458.60
1639597407, 2, 63, 255, 150, 0, 0.63%, 11, 0, 8, 1468.71
1639597412, 2, 100, 255, 146, 0, 0.63%, 11, 0, 8, 1466.54
1639597417, 2, 118, 255, 140, 0, 0.63%, 11, 0, 8, 1465.43
1639597422, 2, 137, 256, 137, 0, 0.63%, 11, 0, 8, 1454.64
1639597427, 2, 157, 256, 132, 0, 0.63%, 11, 0, 8, 1461.59
1639597433, 2, 179, 256, 128, 0, 0.63%, 11, 0, 8, 1456.25
1639597438, 2, 190, 256, 126, 0, 0.63%, 11, 0, 8, 1464.76
1639597443, 2, 199, 256, 125, 0, 0.63%, 12, 0, 8, 1466.75
1639597448, 2, 203, 256, 124, 0, 0.63%, 12, 0, 8, 1426.77
1639597453, 2, 216, 257, 124, 0, 0.63%, 12, 0, 8, 1459.12
1639597458, 2, 221, 258, 125, 0, 0.63%, 12, 0, 8, 1473.70
1639597463, 2, 262, 263, 129, 1, 0.64%, 12, 0, 8, 1459.75
1639597468, 3, 12, 263, 125, 0, 0.64%, 12, 0, 8, 1418.45
1639597473, 3, 266, 271, 130, 1, 0.65%, 12, 0, 8, 1415.82
1639597478, 3, 270, 276, 134, 1, 0.65%, 12, 0, 8, 2156.12
1639597483, 3, 275, 280, 136, 0, 0.65%, 12, 0, 8, 1673.52
1639597489, 3, 279, 282, 136, 0, 0.65%, 12, 0, 8, 1320.47
1639597494, 3, 283, 284, 137, 0, 0.65%, 12, 0, 8, 1425.55
1639597499, 4, 26, 286, 137, 0, 0.65%, 12, 0, 8, 1456.83
1639597504, 4, 55, 287, 134, 0, 0.65%, 12, 0, 8, 1467.65
1639597509, 4, 82, 288, 134, 0, 0.65%, 12, 0, 8, 1457.58
1639597514, 4, 132, 288, 130, 0, 0.65%, 12, 0, 8, 1458.86
1639597519, 4, 159, 288, 128, 0, 0.65%, 12, 0, 8, 1464.16
1639597524, 4, 180, 288, 125, 0, 0.65%, 12, 0, 8, 1456.45
1639597529, 4, 190, 288, 123, 0, 0.65%, 12, 0, 8, 1471.88
1639597534, 4, 199, 289, 124, 0, 0.65%, 12, 0, 8, 1480.77
1639597539, 4, 207, 289, 124, 0, 0.65%, 12, 0, 8, 1462.69
1639597544, 4, 215, 289, 120, 0, 0.65%, 12, 0, 8, 1457.30
1639597549, 4, 223, 289, 120, 0, 0.65%, 12, 0, 8, 1468.11
1639597554, 4, 225, 291, 122, 0, 0.65%, 12, 0, 8, 1453.79
1639597560, 4, 238, 291, 122, 0, 0.65%, 14, 0, 8, 1438.21
1639597565, 4, 245, 292, 122, 0, 0.65%, 14, 0, 8, 1443.54
