# unix_time, cycles_done, cur_path, paths_total, pending_total, pending_favs, map_size, unique_crashes, unique_hangs, max_depth, execs_per_sec
1639549732, 0, 0, 603, 603, 99, 0.94%, 0, 0, 1, 1077.99
1639549737, 0, 55, 603, 591, 88, 0.94%, 3, 0, 1, 1353.26
1639549742, 0, 140, 603, 578, 76, 0.94%, 3, 0, 1, 1355.18
1639549747, 0, 202, 603, 569, 67, 0.94%, 4, 0, 1, 1412.81
1639549752, 0, 298, 604, 559, 56, 0.94%, 4, 0, 2, 1392.16
1639549757, 0, 355, 605, 550, 46, 0.94%, 4, 0, 2, 1403.51
1639549762, 0, 390, 605, 542, 38, 0.94%, 4, 0, 2, 1411.24
1639549767, 0, 446, 605, 532, 28, 0.94%, 4, 0, 2, 1438.90
1639549772, 0, 462, 605, 525, 22, 0.94%, 6, 0, 2, 1430.13
1639549777, 0, 496, 605, 519, 18, 0.94%, 6, 0, 2, 1441.02
1639549782, 0, 566, 605, 511, 10, 0.94%, 7, 0, 2, 1420.44
1639549787, 0, 589, 605, 504, 3, 0.94%, 8, 0, 2, 1373.50
1639549792, 1, 21, 606, 499, 0, 0.94%, 9, 0, 2, 1415.08
1639549798, 1, 56, 606, 495, 0, 0.94%, 9, 0, 2, 1442.65
1639549803, 1, 96, 606, 486, 0, 0.94%, 9, 0, 2, 1443.30
1639549808, 1, 115, 606, 480, 0, 0.94%, 9, 0, 2, 1445.14
1639549813, 1, 147, 606, 476, 0, 0.94%, 9, 0, 2, 1428.27
1639549818, 1, 181, 606, 469, 0, 0.94%, 9, 0, 2, 1428.53
1639549823, 1, 202, 606, 461, 0, 0.94%, 9, 0, 2, 1437.61
1639549828, 1, 245, 606, 455, 0, 0.94%, 9, 0, 2, 1439.17
1639549834, 1, 279, 607, 449, 0, 0.94%, 10, 0, 2, 1653.90
1639549839, 1, 307, 607, 445, 0, 0.94%, 10, 0, 2, 1541.58
1639549844, 1, 323, 607, 439, 0, 0.94%, 10, 0, 2, 1412.02
1639549849, 1, 336, 608, 436, 0, 0.94%, 10, 0, 2, 1398.20
1639549854, 1, 363, 608, 432, 0, 0.94%, 10, 0, 2, 1416.85
1639549859, 1, 608, 609, 428, 1, 0.95%, 10, 0, 2, 1434.02
1639549864, 2, 31, 609, 421, 0, 0.95%, 10, 0, 2, 1443.43
1639549870, 2, 54, 609, 416, 0, 0.95%, 10, 0, 2, 1443.13
1639549875, 2, 96, 609, 409, 0, 0.95%, 10, 0, 2, 1433.33
1639549880, 2, 126, 609, 405, 0, 0.95%, 10, 0, 2, 1420.22
1639549885, 3, 4, 610, 402, 0, 0.95%, 10, 0, 2, 1433.55
1639549890, 3, 19, 610, 397, 0, 0.95%, 10, 0, 2, 1400.71
1639549895, 3, 59, 610, 395, 0, 0.95%, 10, 0, 2, 1416.01
1639549900, 3, 98, 612, 391, 0, 0.95%, 10, 0, 2, 1397.25
1639549906, 3, 141, 612, 388, 0, 0.95%, 10, 0, 2, 1422.57
1639549911, 3, 170, 612, 385, 0, 0.95%, 10, 0, 2, 1428.38
1639549916, 3, 216, 612, 379, 0, 0.95%, 10, 0, 2, 1442.00
1639549921, 3, 267, 612, 370, 0, 0.95%, 10, 0, 2, 1441.33
1639549926, 3, 283, 612, 366, 0, 0.95%, 10, 0, 2, 1429.49
1639549931, 3, 323, 612, 361, 0, 0.95%, 11, 0, 2, 1445.42
1639549936, 3, 335, 612, 358, 0, 0.95%, 11, 0, 2, 1433.90
1639549941, 3, 358, 612, 353, 0, 0.95%, 11, 0, 2, 1421.91
1639549946, 3, 380, 612, 350, 0, 0.95%, 11, 0, 2, 1436.70
1639549951, 3, 395, 612, 346, 0, 0.95%, 11, 0, 2, 1372.80
1639549957, 3, 413, 612, 341, 0, 0.95%, 11, 0, 2, 1421.69
1639549962, 3, 437, 612, 335, 0, 0.95%, 11, 0, 2, 1423.73
1639549967, 3, 459, 612, 330, 0, 0.95%, 12, 0, 2, 1398.83
1639549972, 3, 474, 613, 328, 0, 0.95%, 12, 0, 2, 1386.07
1639549977, 3, 500, 613, 324, 0, 0.95%, 12, 0, 2, 1417.71
1639549982, 3, 533, 613, 317, 0, 0.95%, 12, 0, 2, 1426.59
1639549987, 3, 550, 614, 312, 0, 0.95%, 12, 0, 2, 1439.29
1639549992, 3, 572, 614, 305, 0, 0.95%, 12, 0, 2, 1430.05
1639549997, 3, 589, 614, 301, 0, 0.95%, 13, 0, 2, 1438.27
1639550002, 4, 5, 614, 296, 0, 0.95%, 14, 0, 2, 1418.28
1639550007, 4, 50, 614, 291, 0, 0.95%, 14, 0, 2, 1430.95
1639550012, 4, 109, 614, 288, 0, 0.95%, 15, 0, 2, 1427.76
1639550018, 4, 144, 614, 283, 0, 0.95%, 15, 0, 2, 1440.41
1639550023, 4, 174, 614, 278, 0, 0.95%, 15, 0, 2, 1419.23
