# unix_time, cycles_done, cur_path, paths_total, pending_total, pending_favs, map_size, unique_crashes, unique_hangs, max_depth, execs_per_sec
1639596662, 0, 0, 1, 1, 1, 0.11%, 0, 0, 1, 1600.00
1639596668, 0, 0, 75, 75, 1, 0.43%, 4, 0, 2, 1325.19
1639596673, 0, 2, 102, 100, 40, 0.47%, 6, 0, 3, 1294.13
1639596678, 0, 9, 123, 118, 41, 0.50%, 6, 0, 3, 1338.72
1639596683, 0, 27, 136, 119, 31, 0.51%, 7, 0, 3, 1372.83
1639596688, 0, 49, 153, 129, 24, 0.51%, 7, 0, 3, 1403.27
1639596693, 0, 82, 163, 129, 18, 0.52%, 7, 0, 3, 1420.86
1639596698, 0, 104, 170, 132, 16, 0.53%, 8, 0, 4, 1435.21
1639596703, 0, 127, 175, 131, 12, 0.54%, 8, 0, 4, 1462.93
1639596708, 0, 160, 182, 133, 7, 0.55%, 8, 0, 4, 1477.92
1639596713, 0, 168, 187, 136, 10, 0.56%, 9, 0, 5, 1481.05
1639596719, 0, 171, 190, 137, 10, 0.56%, 9, 0, 5, 1471.77
1639596724, 0, 177, 194, 138, 8, 0.56%, 10, 0, 5, 1491.50
1639596729, 0, 186, 203, 143, 5, 0.57%, 10, 0, 6, 1509.30
1639596734, 0, 190, 208, 146, 7, 0.58%, 10, 0, 6, 1475.78
1639596739, 0, 201, 218, 154, 7, 0.60%, 10, 0, 7, 1465.17
1639596744, 0, 202, 222, 157, 9, 0.62%, 10, 0, 7, 1473.27
1639596749, 0, 206, 226, 159, 11, 0.63%, 10, 0, 7, 1478.38
1639596754, 0, 210, 229, 161, 11, 0.63%, 10, 0, 7, 1456.59
1639596759, 0, 212, 232, 163, 10, 0.63%, 11, 0, 7, 1400.55
1639596764, 0, 214, 236, 166, 9, 0.63%, 11, 0, 8, 1391.29
1639596769, 0, 218, 240, 167, 6, 0.63%, 12, 0, 8, 1430.08
1639596775, 0, 221, 244, 168, 7, 0.64%, 12, 0, 8, 1405.70
1639596780, 0, 239, 247, 169, 7, 0.67%, 12, 0, 8, 1422.63
1639596785, 0, 240, 254, 175, 6, 0.67%, 12, 0, 9, 1440.10
1639596790, 0, 244, 267, 185, 5, 0.69%, 14, 0, 9, 1418.69
1639596795, 0, 245, 272, 189, 11, 0.69%, 14, 0, 9, 1406.77
1639596800, 0, 261, 274, 187, 7, 0.70%, 14, 0, 10, 1398.64
1639596805, 0, 264, 275, 186, 7, 0.70%, 14, 0, 10, 1370.17
1639596810, 0, 270, 278, 186, 4, 0.70%, 14, 0, 10, 1352.08
1639596815, 0, 270, 280, 188, 4, 0.70%, 14, 0, 10, 1344.54
1639596820, 0, 279, 285, 190, 4, 0.71%, 14, 0, 10, 1347.09
1639596825, 0, 280, 288, 192, 4, 0.71%, 14, 0, 11, 1343.76
1639596830, 0, 284, 291, 194, 4, 0.72%, 14, 0, 11, 1368.98
1639596836, 0, 285, 297, 199, 4, 0.72%, 14, 0, 12, 1363.71
1639596841, 0, 285, 299, 201, 4, 0.72%, 14, 0, 12, 1327.69
1639596846, 0, 289, 301, 202, 4, 0.72%, 14, 0, 12, 1314.61
1639596851, 0, 298, 302, 201, 2, 0.72%, 14, 0, 13, 1301.67
1639596856, 0, 298, 303, 202, 2, 0.72%, 14, 0, 13, 1341.12
1639596861, 1, 55, 303, 197, 0, 0.72%, 14, 0, 13, 1384.49
1639596866, 1, 202, 305, 196, 1, 0.72%, 14, 0, 13, 1431.81
1639596871, 2, 208, 306, 193, 1, 0.72%, 14, 0, 13, 2113.21
1639596876, 3, 10, 306, 189, 0, 0.72%, 14, 0, 13, 1462.27
1639596882, 3, 49, 307, 188, 0, 0.72%, 14, 0, 13, 1346.15
1639596887, 3, 73, 311, 188, 0, 0.72%, 15, 0, 13, 1433.69
1639596892, 3, 106, 314, 185, 0, 0.72%, 15, 0, 13, 1462.05
1639596897, 3, 137, 314, 182, 0, 0.72%, 15, 0, 13, 1486.47
1639596902, 3, 153, 315, 177, 0, 0.72%, 15, 0, 13, 1487.12
1639596907, 3, 167, 319, 178, 0, 0.72%, 15, 0, 13, 1476.85
1639596912, 3, 171, 319, 177, 0, 0.72%, 15, 0, 13, 1473.23
1639596917, 3, 319, 320, 177, 1, 0.73%, 15, 0, 13, 1483.50
1639596922, 4, 35, 321, 176, 0, 0.73%, 15, 0, 13, 1479.56
1639596927, 4, 82, 322, 174, 0, 0.73%, 15, 0, 13, 1480.16
1639596932, 4, 106, 323, 171, 0, 0.73%, 15, 0, 13, 1473.94
1639596937, 4, 138, 327, 172, 0, 0.73%, 15, 0, 13, 1408.66
1639596943, 4, 165, 327, 169, 0, 0.73%, 15, 0, 13, 1431.35
1639596948, 4, 171, 327, 169, 0, 0.73%, 15, 0, 13, 1447.39
1639596953, 4, 183, 327, 168, 0, 0.73%, 15, 0, 13, 1348.98
1639596958, 4, 192, 328, 169, 0, 0.73%, 15, 0, 13, 1411.92
