# unix_time, cycles_done, cur_path, paths_total, pending_total, pending_favs, map_size, unique_crashes, unique_hangs, max_depth, execs_per_sec
1639515149, 0, 0, 1, 1, 1, 0.12%, 0, 0, 1, 2000.00
1639515154, 0, 0, 76, 76, 1, 0.44%, 3, 0, 2, 1398.73
1639515159, 0, 7, 109, 106, 39, 0.48%, 3, 0, 3, 1382.52
1639515164, 0, 25, 129, 121, 36, 0.51%, 4, 0, 3, 1401.89
1639515169, 0, 37, 142, 125, 30, 0.52%, 4, 0, 3, 1396.94
1639515174, 0, 45, 151, 129, 25, 0.54%, 5, 0, 3, 1416.85
1639515179, 0, 68, 155, 126, 23, 0.54%, 5, 0, 3, 1425.98
1639515185, 0, 112, 164, 128, 21, 0.56%, 5, 0, 4, 1410.63
1639515190, 0, 136, 170, 126, 14, 0.56%, 6, 0, 4, 1393.12
1639515195, 0, 146, 175, 127, 13, 0.58%, 6, 0, 4, 1417.36
1639515200, 0, 156, 181, 128, 10, 0.58%, 6, 0, 4, 1410.60
1639515205, 0, 172, 188, 129, 7, 0.60%, 7, 0, 5, 1377.05
1639515210, 0, 177, 196, 134, 6, 0.60%, 7, 0, 5, 1374.32
1639515215, 0, 183, 203, 139, 4, 0.60%, 7, 0, 6, 1376.64
1639515220, 0, 187, 204, 137, 4, 0.61%, 8, 0, 6, 1372.50
1639515225, 0, 201, 217, 148, 7, 0.64%, 8, 0, 7, 1362.47
1639515230, 0, 205, 218, 147, 8, 0.65%, 8, 0, 7, 1241.66
1639515235, 0, 209, 223, 149, 8, 0.65%, 8, 0, 7, 1575.12
1639515241, 0, 216, 231, 155, 9, 0.66%, 8, 0, 8, 1787.24
1639515246, 0, 218, 234, 156, 7, 0.66%, 8, 0, 8, 1262.48
1639515251, 0, 221, 235, 154, 4, 0.66%, 8, 0, 8, 1168.76
1639515256, 0, 224, 241, 159, 5, 0.67%, 8, 0, 9, 1185.44
1639515261, 0, 229, 243, 159, 3, 0.67%, 8, 0, 9, 1258.15
1639515266, 0, 232, 247, 162, 2, 0.67%, 9, 0, 9, 1287.82
1639515271, 0, 235, 251, 165, 2, 0.67%, 9, 0, 9, 1265.98
1639515276, 0, 240, 255, 168, 2, 0.67%, 9, 0, 10, 1328.42
1639515281, 0, 248, 260, 172, 1, 0.67%, 9, 0, 10, 1381.14
1639515286, 1, 7, 261, 171, 0, 0.67%, 9, 0, 10, 1429.04
1639515292, 2, 8, 265, 172, 0, 0.67%, 10, 0, 10, 1460.52
1639515297, 2, 33, 268, 171, 0, 0.67%, 10, 0, 10, 1450.55
1639515302, 2, 63, 271, 170, 0, 0.67%, 10, 0, 10, 1469.90
1639515307, 2, 85, 273, 168, 0, 0.67%, 10, 0, 10, 1457.85
1639515312, 2, 102, 273, 162, 0, 0.67%, 10, 0, 10, 1462.05
1639515317, 2, 159, 276, 161, 1, 0.67%, 10, 0, 10, 1456.16
1639515322, 2, 275, 281, 164, 1, 0.67%, 10, 0, 10, 2157.03
1639515327, 2, 279, 283, 165, 1, 0.67%, 10, 0, 10, 1667.25
1639515332, 2, 282, 284, 165, 0, 0.67%, 10, 0, 10, 1394.84
1639515337, 3, 285, 286, 165, 1, 0.68%, 10, 0, 10, 1396.18
1639515342, 3, 285, 294, 173, 1, 0.68%, 10, 0, 10, 1411.51
1639515348, 3, 286, 297, 175, 1, 0.68%, 10, 0, 10, 1433.02
1639515353, 3, 289, 299, 175, 0, 0.68%, 10, 0, 10, 1374.64
1639515358, 3, 297, 299, 174, 0, 0.68%, 10, 0, 10, 1345.28
1639515363, 4, 31, 299, 171, 0, 0.68%, 10, 0, 10, 1361.78
1639515368, 4, 225, 300, 170, 1, 0.68%, 10, 0, 10, 1340.50
1639515373, 5, 5, 300, 167, 0, 0.68%, 10, 0, 10, 1342.92
1639515378, 5, 37, 302, 168, 0, 0.68%, 10, 0, 10, 1331.55
1639515383, 5, 73, 302, 165, 0, 0.68%, 11, 0, 10, 1305.11
1639515388, 5, 95, 302, 160, 0, 0.68%, 11, 0, 10, 1305.51
1639515393, 5, 136, 302, 157, 0, 0.68%, 11, 0, 10, 1361.63
1639515398, 5, 156, 302, 156, 0, 0.68%, 11, 0, 10, 1309.10
1639515403, 5, 169, 302, 155, 0, 0.68%, 11, 0, 10, 1322.61
1639515409, 5, 176, 302, 153, 0, 0.68%, 11, 0, 10, 1366.10
1639515414, 5, 187, 302, 152, 0, 0.68%, 11, 0, 10, 1414.80
1639515419, 5, 196, 302, 149, 0, 0.68%, 11, 0, 10, 1430.20
1639515424, 5, 207, 303, 147, 0, 0.68%, 11, 0, 10, 1419.88
1639515429, 5, 217, 306, 148, 0, 0.68%, 11, 0, 10, 1342.79
1639515434, 5, 220, 306, 148, 0, 0.68%, 11, 0, 10, 1325.86
1639515439, 5, 229, 308, 148, 0, 0.68%, 11, 0, 10, 1340.16
1639515444, 5, 241, 308, 148, 0, 0.68%, 11, 0, 10, 1352.05
