# unix_time, cycles_done, cur_path, paths_total, pending_total, pending_favs, map_size, unique_crashes, unique_hangs, max_depth, execs_per_sec
1639602993, 0, 0, 1, 1, 1, 0.12%, 0, 0, 1, 1142.86
1639602999, 0, 0, 81, 81, 1, 0.46%, 4, 0, 2, 1781.48
1639603004, 0, 11, 119, 114, 36, 0.51%, 8, 0, 3, 2093.96
1639603009, 0, 29, 143, 130, 36, 0.53%, 8, 0, 3, 1457.87
1639603014, 0, 53, 155, 133, 28, 0.54%, 8, 0, 3, 1394.08
1639603019, 0, 76, 164, 134, 19, 0.54%, 8, 0, 3, 1428.56
1639603024, 0, 107, 178, 142, 16, 0.56%, 8, 0, 4, 1434.64
1639603029, 0, 135, 189, 149, 13, 0.57%, 8, 0, 4, 1467.21
1639603034, 0, 138, 193, 152, 13, 0.59%, 8, 0, 4, 1465.49
1639603039, 0, 169, 203, 156, 11, 0.59%, 8, 0, 4, 1442.52
1639603044, 0, 179, 207, 157, 11, 0.59%, 8, 0, 5, 1438.62
1639603049, 0, 182, 211, 160, 10, 0.60%, 10, 0, 5, 1405.05
1639603054, 0, 187, 218, 166, 12, 0.60%, 10, 0, 5, 1398.16
1639603059, 0, 190, 224, 171, 11, 0.62%, 10, 0, 5, 1308.66
1639603064, 0, 192, 226, 171, 14, 0.63%, 10, 0, 5, 1305.85
1639603069, 0, 196, 228, 171, 12, 0.64%, 10, 0, 5, 1294.93
1639603074, 0, 203, 232, 173, 11, 0.64%, 10, 0, 6, 1318.48
1639603079, 0, 206, 234, 174, 12, 0.64%, 10, 0, 6, 1365.47
1639603084, 0, 209, 242, 180, 13, 0.64%, 11, 0, 6, 1391.87
1639603089, 0, 220, 243, 179, 11, 0.64%, 11, 0, 6, 1426.24
1639603094, 0, 224, 247, 180, 8, 0.65%, 11, 0, 6, 1361.77
1639603099, 0, 227, 248, 180, 10, 0.65%, 11, 0, 6, 1243.19
1639603104, 0, 235, 252, 180, 7, 0.65%, 11, 0, 7, 1303.33
1639603110, 0, 245, 255, 180, 5, 0.65%, 11, 0, 7, 1257.52
1639603115, 0, 253, 259, 182, 3, 0.66%, 11, 0, 8, 1258.14
1639603120, 0, 258, 260, 182, 3, 0.66%, 11, 0, 9, 1292.10
1639603125, 0, 260, 266, 186, 3, 0.66%, 11, 0, 11, 1317.82
1639603130, 0, 265, 272, 190, 3, 0.67%, 11, 0, 12, 1330.01
1639603135, 0, 267, 275, 192, 5, 0.67%, 11, 0, 13, 1324.55
1639603140, 0, 269, 277, 193, 5, 0.67%, 11, 0, 13, 1353.90
1639603145, 0, 274, 278, 192, 4, 0.67%, 12, 0, 13, 1406.02
1639603150, 1, 154, 281, 189, 0, 0.67%, 12, 0, 14, 1425.39
1639603155, 1, 172, 285, 189, 0, 0.68%, 12, 0, 14, 1416.12
1639603160, 1, 286, 289, 190, 1, 0.68%, 12, 0, 14, 1366.82
1639603165, 1, 287, 289, 189, 0, 0.68%, 12, 0, 14, 1319.06
1639603170, 2, 28, 289, 185, 0, 0.68%, 12, 0, 14, 1203.63
1639603175, 2, 47, 290, 184, 0, 0.68%, 12, 0, 14, 1123.39
1639603181, 2, 64, 290, 181, 0, 0.68%, 12, 0, 14, 1057.84
1639603186, 2, 84, 290, 178, 0, 0.68%, 12, 0, 14, 1016.16
1639603191, 2, 107, 291, 175, 0, 0.68%, 12, 0, 14, 997.15
1639603196, 2, 129, 292, 173, 0, 0.68%, 12, 0, 14, 819.17
1639603201, 2, 153, 293, 170, 0, 0.68%, 12, 0, 14, 1000.90
1639603206, 2, 175, 295, 169, 0, 0.68%, 12, 0, 14, 1172.33
1639603211, 2, 182, 296, 168, 0, 0.68%, 12, 0, 14, 1268.88
1639603216, 2, 194, 296, 167, 0, 0.68%, 12, 0, 14, 1332.37
1639603221, 2, 201, 297, 167, 0, 0.68%, 12, 0, 14, 1346.28
1639603226, 2, 211, 297, 166, 0, 0.68%, 12, 0, 14, 1304.94
1639603232, 2, 219, 298, 164, 0, 0.68%, 12, 0, 14, 1233.09
1639603237, 2, 222, 298, 163, 0, 0.68%, 12, 0, 14, 980.26
1639603242, 2, 233, 298, 162, 0, 0.68%, 12, 0, 14, 1055.88
1639603247, 2, 238, 298, 162, 0, 0.68%, 12, 0, 14, 1061.97
1639603252, 2, 252, 298, 160, 0, 0.68%, 12, 0, 14, 1046.27
1639603257, 2, 262, 298, 159, 0, 0.68%, 12, 0, 14, 966.08
1639603262, 2, 265, 299, 159, 0, 0.68%, 12, 0, 14, 1011.34
1639603267, 2, 269, 301, 160, 0, 0.68%, 12, 0, 14, 1029.09
1639603272, 2, 301, 302, 161, 1, 0.68%, 12, 0, 14, 1007.70
1639603277, 2, 301, 303, 162, 1, 0.71%, 12, 0, 14, 103.46
1639603282, 2, 302, 307, 165, 1, 0.71%, 12, 0, 15, 332.58
1639603287, 2, 302, 314, 172, 1, 0.73%, 12, 0, 15, 631.90
1639603293, 2, 302, 316, 174, 1, 0.73%, 12, 0, 15, 702.97
