# unix_time, cycles_done, cur_path, paths_total, pending_total, pending_favs, map_size, unique_crashes, unique_hangs, max_depth, execs_per_sec
1639488495, 0, 0, 1, 1, 1, 0.12%, 0, 0, 1, 2000.00
1639488500, 0, 0, 81, 81, 1, 0.47%, 4, 0, 2, 1544.93
1639488505, 0, 18, 121, 115, 39, 0.51%, 4, 0, 3, 1482.46
1639488510, 0, 24, 129, 120, 36, 0.51%, 6, 0, 3, 1431.07
1639488515, 0, 58, 139, 117, 23, 0.52%, 7, 0, 3, 1449.32
1639488520, 0, 76, 157, 127, 17, 0.53%, 7, 0, 3, 1461.77
1639488526, 0, 102, 166, 128, 11, 0.54%, 8, 0, 4, 2183.86
1639488531, 0, 145, 172, 127, 10, 0.55%, 8, 0, 4, 1719.52
1639488536, 0, 153, 180, 131, 7, 0.56%, 9, 0, 4, 1507.66
1639488541, 0, 159, 186, 136, 12, 0.58%, 9, 0, 5, 1479.82
1639488546, 0, 169, 189, 135, 9, 0.58%, 9, 0, 5, 1440.61
1639488551, 0, 173, 193, 137, 7, 0.58%, 9, 0, 5, 1458.96
1639488556, 0, 175, 200, 142, 8, 0.58%, 9, 0, 5, 1453.56
1639488561, 0, 181, 205, 145, 7, 0.59%, 9, 0, 5, 1446.89
1639488566, 0, 194, 214, 150, 8, 0.60%, 9, 0, 6, 1446.57
1639488571, 0, 204, 217, 150, 6, 0.60%, 9, 0, 6, 1439.72
1639488576, 0, 205, 222, 154, 5, 0.61%, 9, 0, 7, 1449.87
1639488581, 0, 216, 228, 156, 5, 0.62%, 9, 0, 7, 1445.75
1639488591, 0, 220, 233, 158, 4, 0.62%, 9, 0, 8, 1452.60
1639488596, 0, 229, 242, 164, 1, 0.63%, 9, 0, 9, 1463.43
1639488601, 0, 239, 249, 170, 4, 0.64%, 9, 0, 10, 1434.07
1639488606, 0, 240, 257, 177, 5, 0.64%, 9, 0, 10, 1433.14
1639488611, 0, 240, 260, 180, 5, 0.64%, 10, 0, 10, 1450.66
1639488616, 0, 245, 265, 183, 4, 0.64%, 10, 0, 11, 1400.09
1639488621, 0, 245, 270, 188, 4, 0.64%, 11, 0, 11, 1429.45
1639488626, 0, 249, 278, 195, 4, 0.64%, 11, 0, 11, 1458.98
1639488631, 0, 255, 279, 195, 3, 0.64%, 11, 0, 11, 1454.47
1639488637, 0, 259, 282, 197, 2, 0.65%, 11, 0, 11, 1457.28
1639488642, 0, 279, 282, 195, 3, 0.65%, 11, 0, 11, 1436.00
1639488647, 0, 280, 285, 197, 2, 0.65%, 12, 0, 12, 1452.07
1639488652, 0, 281, 286, 197, 1, 0.65%, 12, 0, 12, 1439.62
1639488657, 0, 285, 287, 197, 1, 0.65%, 12, 0, 13, 1441.47
1639488662, 1, 287, 289, 196, 1, 0.65%, 12, 0, 13, 1464.41
1639488667, 1, 290, 295, 200, 0, 0.65%, 12, 0, 13, 1471.31
1639488672, 2, 8, 296, 200, 0, 0.65%, 12, 0, 13, 1465.00
1639488677, 2, 41, 296, 196, 0, 0.65%, 12, 0, 13, 1469.33
1639488682, 2, 68, 296, 193, 0, 0.65%, 12, 0, 13, 1447.20
1639488687, 2, 99, 297, 191, 0, 0.65%, 12, 0, 13, 1447.53
1639488692, 2, 118, 297, 182, 0, 0.65%, 12, 0, 13, 1466.71
1639488697, 2, 145, 297, 177, 0, 0.65%, 12, 0, 13, 1463.92
1639488702, 2, 163, 297, 174, 0, 0.65%, 13, 0, 13, 1463.06
1639488707, 2, 169, 297, 173, 0, 0.65%, 13, 0, 13, 1450.14
1639488713, 2, 180, 298, 174, 0, 0.65%, 13, 0, 13, 1456.72
1639488718, 2, 196, 303, 178, 0, 0.65%, 13, 0, 13, 1449.98
1639488723, 2, 209, 303, 176, 0, 0.65%, 13, 0, 13, 1467.71
1639488728, 2, 213, 303, 174, 0, 0.65%, 13, 0, 13, 1457.36
1639488733, 2, 218, 303, 172, 0, 0.65%, 13, 0, 13, 1461.96
1639488738, 2, 226, 303, 170, 0, 0.65%, 13, 0, 13, 1460.17
1639488743, 2, 238, 305, 170, 0, 0.65%, 13, 0, 13, 1437.71
1639488748, 2, 243, 305, 169, 0, 0.65%, 14, 0, 13, 1462.12
1639488753, 2, 305, 307, 169, 1, 0.66%, 14, 0, 13, 1467.28
1639488758, 3, 134, 308, 164, 1, 0.66%, 15, 0, 13, 1461.41
1639488763, 3, 307, 312, 165, 1, 0.66%, 15, 0, 13, 1466.97
1639488768, 3, 311, 315, 167, 3, 0.66%, 15, 0, 13, 1446.45
1639488773, 3, 314, 315, 165, 1, 0.66%, 15, 0, 13, 1452.93
1639488779, 4, 30, 315, 161, 0, 0.66%, 15, 0, 13, 1451.90
1639488784, 4, 58, 315, 157, 0, 0.66%, 15, 0, 13, 1467.69
1639488789, 4, 82, 319, 158, 0, 0.66%, 15, 0, 13, 1447.21
1639488794, 4, 121, 319, 154, 0, 0.66%, 15, 0, 13, 1447.77
