# unix_time, cycles_done, cur_path, paths_total, pending_total, pending_favs, map_size, unique_crashes, unique_hangs, max_depth, execs_per_sec
1639518379, 0, 0, 870, 870, 105, 0.93%, 0, 0, 1, 1098.48
1639518384, 0, 71, 870, 862, 98, 0.93%, 4, 0, 1, 1364.05
1639518389, 0, 130, 870, 854, 91, 0.93%, 4, 0, 1, 1435.50
1639518394, 0, 204, 870, 845, 82, 0.93%, 4, 0, 1, 1454.43
1639518399, 0, 326, 870, 835, 73, 0.93%, 4, 0, 1, 1452.72
1639518405, 0, 393, 870, 826, 66, 0.93%, 5, 0, 1, 1448.10
1639518410, 0, 438, 870, 819, 59, 0.93%, 5, 0, 1, 1403.92
1639518415, 0, 510, 870, 809, 49, 0.93%, 5, 0, 1, 1413.96
1639518420, 0, 593, 870, 799, 39, 0.93%, 5, 0, 1, 1437.96
1639518425, 0, 687, 870, 787, 27, 0.93%, 5, 0, 1, 1452.80
1639518430, 0, 779, 870, 776, 17, 0.93%, 6, 0, 1, 1455.74
1639518435, 0, 814, 870, 767, 8, 0.93%, 7, 0, 1, 1444.08
1639518440, 0, 865, 870, 761, 3, 0.93%, 10, 0, 1, 1426.06
1639518445, 1, 27, 870, 752, 0, 0.93%, 10, 0, 1, 1447.27
1639518450, 1, 41, 870, 747, 0, 0.93%, 11, 0, 1, 1461.90
1639518456, 1, 79, 870, 740, 0, 0.93%, 11, 0, 1, 1437.57
1639518461, 1, 113, 870, 736, 0, 0.93%, 12, 0, 1, 1436.04
1639518466, 1, 144, 870, 729, 0, 0.93%, 13, 0, 1, 1442.63
1639518471, 1, 190, 870, 723, 0, 0.93%, 13, 0, 1, 1483.87
1639518476, 1, 213, 870, 719, 0, 0.93%, 13, 0, 1, 1332.71
1639518481, 1, 256, 870, 709, 0, 0.93%, 13, 0, 1, 1047.09
1639518486, 1, 277, 870, 704, 0, 0.93%, 14, 0, 1, 1412.41
1639518491, 1, 313, 870, 698, 0, 0.93%, 14, 0, 1, 1456.36
1639518497, 1, 350, 870, 692, 0, 0.93%, 14, 0, 1, 1446.39
1639518502, 1, 373, 870, 685, 0, 0.93%, 14, 0, 1, 1446.45
1639518507, 1, 399, 870, 678, 0, 0.93%, 14, 0, 1, 1464.20
1639518512, 1, 432, 870, 673, 0, 0.93%, 14, 0, 1, 1449.74
1639518517, 1, 443, 870, 671, 0, 0.93%, 14, 0, 1, 1459.15
1639518522, 1, 464, 870, 663, 0, 0.93%, 15, 0, 1, 1458.17
1639518527, 1, 485, 871, 659, 0, 0.93%, 15, 0, 2, 1431.86
1639518532, 1, 516, 871, 655, 0, 0.93%, 15, 0, 2, 1402.72
1639518537, 1, 543, 871, 648, 0, 0.93%, 15, 0, 2, 1422.03
1639518542, 1, 568, 871, 643, 0, 0.93%, 15, 0, 2, 1444.78
1639518547, 1, 597, 871, 637, 0, 0.93%, 15, 0, 2, 1438.45
1639518552, 1, 626, 871, 632, 0, 0.93%, 15, 0, 2, 1428.63
1639518557, 1, 648, 871, 626, 0, 0.93%, 15, 0, 2, 1422.12
1639518562, 1, 699, 871, 619, 0, 0.93%, 15, 0, 2, 1429.73
1639518567, 1, 727, 871, 612, 0, 0.93%, 15, 0, 2, 1448.43
1639518573, 1, 763, 871, 607, 0, 0.93%, 15, 0, 2, 1431.99
1639518578, 1, 802, 871, 599, 0, 0.93%, 15, 0, 2, 1449.18
1639518583, 1, 829, 871, 595, 0, 0.93%, 15, 0, 2, 1438.12
1639518588, 1, 846, 871, 590, 0, 0.93%, 15, 0, 2, 1413.19
1639518593, 1, 870, 871, 586, 0, 0.93%, 15, 0, 2, 1391.61
1639518598, 2, 35, 871, 582, 0, 0.93%, 16, 0, 2, 1434.22
1639518603, 2, 54, 871, 576, 0, 0.93%, 16, 0, 2, 1436.49
1639518608, 2, 85, 871, 569, 0, 0.93%, 16, 0, 2, 1403.21
1639518613, 2, 122, 871, 563, 0, 0.93%, 16, 0, 2, 1369.25
1639518619, 2, 156, 871, 559, 1, 0.93%, 16, 0, 2, 1378.56
1639518624, 3, 4, 871, 555, 0, 0.93%, 16, 0, 2, 1422.98
1639518629, 3, 60, 871, 551, 0, 0.93%, 17, 0, 2, 1446.18
1639518634, 3, 97, 871, 546, 0, 0.93%, 17, 0, 2, 1427.91
1639518639, 3, 130, 871, 544, 0, 0.93%, 17, 0, 2, 1415.47
1639518644, 3, 168, 871, 540, 0, 0.93%, 17, 0, 2, 1444.18
1639518649, 3, 189, 871, 533, 0, 0.93%, 17, 0, 2, 1439.71
1639518654, 3, 214, 871, 528, 0, 0.93%, 17, 0, 2, 1436.90
1639518660, 3, 263, 871, 520, 0, 0.93%, 17, 0, 2, 1447.28
1639518665, 3, 291, 871, 514, 0, 0.93%, 17, 0, 2, 1451.03
1639518670, 3, 311, 871, 510, 0, 0.93%, 17, 0, 2, 1452.75
