# unix_time, cycles_done, cur_path, paths_total, pending_total, pending_favs, map_size, unique_crashes, unique_hangs, max_depth, execs_per_sec
1639517865, 0, 0, 1, 1, 1, 0.12%, 0, 0, 1, 421.05
1639517870, 0, 0, 81, 81, 1, 0.47%, 4, 0, 2, 1200.43
1639517875, 0, 8, 103, 101, 39, 0.50%, 4, 0, 3, 1406.80
1639517881, 0, 10, 125, 122, 43, 0.52%, 4, 0, 3, 1442.45
1639517886, 0, 32, 152, 143, 42, 0.53%, 5, 0, 3, 1412.12
1639517891, 0, 50, 167, 148, 35, 0.56%, 7, 0, 3, 1445.84
1639517896, 0, 73, 181, 154, 27, 0.56%, 7, 0, 3, 1457.27
1639517901, 0, 87, 195, 162, 21, 0.57%, 8, 0, 3, 1451.49
1639517906, 0, 122, 203, 161, 13, 0.57%, 8, 0, 4, 1455.68
1639517911, 0, 161, 208, 158, 7, 0.58%, 8, 0, 4, 1474.16
1639517916, 0, 195, 214, 160, 3, 0.58%, 9, 0, 4, 1460.93
1639517921, 0, 207, 221, 165, 4, 0.61%, 9, 0, 5, 1409.47
1639517926, 0, 207, 224, 168, 4, 0.62%, 9, 0, 5, 1424.09
1639517931, 0, 214, 228, 170, 7, 0.66%, 9, 0, 5, 1371.27
1639517936, 0, 220, 234, 173, 5, 0.67%, 10, 0, 6, 1358.45
1639517941, 0, 220, 235, 174, 5, 0.67%, 10, 0, 6, 1371.72
1639517946, 0, 227, 238, 173, 4, 0.67%, 10, 0, 6, 1409.37
1639517952, 0, 227, 242, 177, 4, 0.68%, 10, 0, 6, 1441.76
1639517957, 0, 236, 245, 176, 7, 0.71%, 10, 0, 7, 1462.34
1639517962, 0, 238, 246, 175, 5, 0.71%, 11, 0, 7, 1458.26
1639517967, 0, 241, 247, 173, 2, 0.71%, 11, 0, 7, 1468.75
1639517972, 0, 244, 261, 186, 1, 0.74%, 11, 0, 8, 1462.77
1639517977, 0, 251, 261, 182, 8, 0.74%, 11, 0, 8, 1483.47
1639517982, 0, 253, 261, 180, 6, 0.74%, 11, 0, 8, 1468.14
1639517987, 0, 256, 266, 182, 3, 0.74%, 11, 0, 9, 1444.75
1639517992, 0, 257, 267, 182, 3, 0.74%, 11, 0, 9, 1403.64
1639517997, 0, 265, 270, 183, 1, 0.74%, 11, 0, 10, 1379.57
1639518002, 1, 26, 270, 177, 0, 0.74%, 11, 0, 10, 1370.58
1639518007, 1, 272, 273, 176, 1, 0.74%, 11, 0, 10, 1354.48
1639518012, 2, 31, 273, 171, 0, 0.74%, 11, 0, 10, 1377.33
1639518017, 2, 54, 273, 168, 0, 0.74%, 11, 0, 10, 1372.30
1639518022, 2, 71, 273, 164, 0, 0.74%, 11, 0, 10, 1392.37
1639518028, 2, 83, 273, 161, 0, 0.74%, 11, 0, 10, 1389.83
1639518033, 2, 108, 273, 158, 0, 0.74%, 11, 0, 10, 1371.09
1639518038, 2, 125, 273, 153, 0, 0.74%, 11, 0, 10, 1364.22
1639518043, 2, 273, 275, 153, 1, 0.74%, 11, 0, 10, 1386.00
1639518048, 3, 40, 275, 150, 0, 0.74%, 11, 0, 10, 1413.10
1639518053, 3, 69, 275, 150, 0, 0.74%, 11, 0, 10, 1437.66
1639518058, 3, 84, 276, 150, 0, 0.74%, 11, 0, 10, 1476.40
1639518063, 3, 110, 279, 149, 0, 0.74%, 11, 0, 10, 1470.92
1639518068, 3, 152, 279, 137, 0, 0.74%, 11, 0, 10, 2197.36
1639518073, 3, 164, 279, 135, 0, 0.74%, 11, 0, 10, 1568.71
1639518078, 3, 178, 279, 129, 0, 0.74%, 11, 0, 10, 1442.81
1639518083, 3, 206, 280, 126, 0, 0.74%, 11, 0, 10, 1474.21
1639518088, 3, 216, 280, 123, 0, 0.74%, 11, 0, 10, 1496.76
1639518094, 3, 223, 280, 123, 0, 0.74%, 11, 0, 10, 1487.22
1639518099, 3, 231, 280, 122, 0, 0.74%, 11, 0, 10, 1438.22
1639518104, 3, 238, 280, 120, 0, 0.74%, 11, 0, 10, 1409.16
1639518109, 3, 280, 281, 121, 1, 0.75%, 11, 0, 10, 1419.15
1639518114, 3, 280, 288, 128, 1, 0.75%, 11, 0, 10, 1456.77
1639518119, 3, 286, 289, 128, 1, 0.76%, 11, 0, 10, 1486.46
1639518129, 3, 288, 293, 131, 1, 0.78%, 11, 0, 10, 1477.40
1639518134, 3, 290, 297, 134, 3, 0.78%, 11, 0, 11, 1476.74
1639518139, 3, 290, 303, 140, 3, 0.79%, 11, 0, 11, 1455.07
1639518144, 3, 291, 305, 141, 7, 0.79%, 11, 0, 11, 1466.15
1639518149, 3, 291, 312, 148, 7, 0.79%, 11, 0, 11, 1473.37
1639518154, 3, 293, 315, 150, 8, 0.79%, 11, 0, 11, 1436.97
1639518165, 3, 295, 316, 150, 8, 0.79%, 11, 0, 12, 1397.93
