# unix_time, cycles_done, cur_path, paths_total, pending_total, pending_favs, map_size, unique_crashes, unique_hangs, max_depth, execs_per_sec
1639474923, 0, 0, 1, 1, 1, 0.12%, 0, 0, 1, 2000.00
1639474928, 0, 0, 74, 74, 1, 0.43%, 2, 0, 2, 1466.84
1639474933, 0, 5, 89, 88, 36, 0.47%, 6, 0, 3, 1366.04
1639474939, 0, 10, 110, 106, 41, 0.51%, 6, 0, 3, 1380.07
1639474944, 0, 23, 116, 108, 37, 0.51%, 6, 0, 3, 1390.27
1639474949, 0, 37, 133, 117, 29, 0.51%, 7, 0, 3, 1376.21
1639474954, 0, 58, 146, 122, 24, 0.54%, 7, 0, 3, 1372.19
1639474959, 0, 65, 148, 121, 23, 0.54%, 7, 0, 3, 1358.01
1639474964, 0, 92, 164, 130, 16, 0.54%, 7, 0, 4, 1328.69
1639474969, 0, 124, 185, 147, 14, 0.56%, 9, 0, 4, 2223.58
1639474974, 0, 145, 199, 153, 13, 0.58%, 10, 0, 4, 2359.55
1639474979, 0, 164, 212, 163, 17, 0.59%, 12, 0, 4, 2359.42
1639474984, 0, 179, 220, 168, 15, 0.60%, 12, 0, 5, 2398.27
1639474989, 0, 181, 227, 173, 16, 0.63%, 13, 0, 5, 2402.77
1639474995, 0, 196, 234, 175, 17, 0.64%, 13, 0, 5, 2365.46
1639475000, 0, 202, 238, 176, 14, 0.64%, 13, 0, 5, 2343.01
1639475005, 0, 222, 245, 177, 10, 0.64%, 14, 0, 6, 2335.61
1639475010, 0, 235, 255, 180, 7, 0.65%, 14, 0, 6, 2373.87
1639475015, 0, 250, 261, 183, 5, 0.68%, 14, 0, 7, 2409.15
1639475020, 0, 260, 273, 191, 3, 0.70%, 14, 0, 8, 2366.32
1639475025, 0, 261, 282, 199, 11, 0.70%, 14, 0, 8, 2356.51
1639475030, 0, 267, 287, 199, 8, 0.71%, 14, 0, 9, 2339.87
1639475035, 0, 280, 289, 196, 3, 0.71%, 14, 0, 9, 2370.93
1639475040, 0, 288, 292, 197, 2, 0.71%, 14, 0, 10, 2405.65
1639475046, 1, 48, 298, 196, 0, 0.71%, 14, 0, 10, 2396.76
1639475051, 1, 94, 299, 188, 0, 0.71%, 14, 0, 10, 2367.96
1639475056, 1, 226, 304, 184, 1, 0.72%, 14, 0, 10, 2334.26
1639475061, 2, 47, 304, 177, 0, 0.72%, 14, 0, 10, 2339.14
1639475066, 2, 307, 310, 179, 1, 0.72%, 14, 0, 10, 2376.64
1639475071, 2, 309, 313, 181, 0, 0.72%, 14, 0, 10, 2350.44
1639475076, 2, 314, 315, 181, 1, 0.76%, 15, 0, 10, 2429.00
1639475081, 4, 30, 316, 175, 0, 0.76%, 15, 0, 10, 2399.51
1639475086, 4, 91, 316, 167, 0, 0.76%, 15, 0, 10, 2404.87
1639475092, 4, 164, 318, 159, 0, 0.76%, 15, 0, 10, 2316.64
1639475097, 4, 171, 318, 155, 0, 0.76%, 15, 0, 10, 2369.98
1639475102, 4, 187, 318, 151, 0, 0.76%, 16, 0, 10, 2418.79
1639475107, 4, 199, 318, 149, 0, 0.76%, 16, 0, 10, 2409.33
1639475112, 4, 210, 318, 145, 0, 0.76%, 16, 0, 10, 2337.67
1639475117, 4, 224, 318, 142, 0, 0.76%, 16, 0, 10, 1705.12
1639475122, 4, 230, 318, 141, 0, 0.76%, 16, 0, 10, 1404.67
1639475127, 4, 243, 319, 140, 0, 0.76%, 16, 0, 10, 1348.94
1639475132, 4, 251, 319, 138, 0, 0.76%, 16, 0, 10, 1323.51
1639475137, 4, 317, 319, 137, 1, 0.76%, 16, 0, 10, 1311.97
1639475142, 5, 128, 319, 135, 0, 0.76%, 16, 0, 10, 1331.29
1639475147, 5, 164, 320, 131, 0, 0.76%, 16, 0, 10, 1330.65
1639475152, 5, 181, 320, 131, 0, 0.76%, 16, 0, 10, 1325.42
1639475158, 5, 194, 320, 130, 0, 0.76%, 16, 0, 10, 1344.78
1639475163, 5, 197, 321, 130, 0, 0.76%, 16, 0, 10, 1378.24
1639475168, 5, 205, 321, 130, 0, 0.76%, 16, 0, 10, 1352.99
1639475173, 5, 225, 321, 130, 0, 0.76%, 16, 0, 10, 1337.64
1639475178, 5, 230, 321, 129, 0, 0.76%, 16, 0, 10, 1355.73
1639475183, 5, 250, 322, 129, 0, 0.76%, 16, 0, 10, 1305.81
1639475188, 5, 258, 322, 129, 0, 0.76%, 16, 0, 10, 1306.14
1639475193, 5, 265, 322, 128, 0, 0.76%, 16, 0, 10, 1326.52
1639475198, 5, 269, 322, 128, 0, 0.76%, 16, 0, 10, 1312.33
1639475203, 5, 272, 323, 128, 0, 0.76%, 16, 0, 10, 1318.38
1639475209, 5, 280, 323, 127, 0, 0.76%, 16, 0, 10, 1320.05
1639475214, 5, 283, 325, 128, 0, 0.76%, 16, 0, 10, 1299.67
1639475219, 5, 288, 325, 127, 0, 0.76%, 16, 0, 10, 1352.51
