# unix_time, cycles_done, cur_path, paths_total, pending_total, pending_favs, map_size, unique_crashes, unique_hangs, max_depth, execs_per_sec
1639515752, 0, 0, 1, 1, 1, 0.12%, 0, 0, 1, 2000.00
1639515757, 0, 0, 73, 73, 1, 0.41%, 3, 0, 2, 1521.59
1639515762, 0, 12, 105, 100, 37, 0.48%, 4, 0, 3, 1384.62
1639515767, 0, 19, 125, 115, 34, 0.48%, 4, 0, 3, 1368.99
1639515772, 0, 25, 129, 117, 32, 0.49%, 6, 0, 3, 1400.17
1639515777, 0, 43, 137, 116, 26, 0.51%, 6, 0, 3, 1431.01
1639515782, 0, 50, 148, 123, 22, 0.52%, 6, 0, 3, 1413.97
1639515787, 0, 57, 154, 126, 22, 0.52%, 6, 0, 3, 1358.46
1639515792, 0, 91, 160, 125, 16, 0.53%, 6, 0, 3, 1379.30
1639515797, 0, 125, 169, 127, 10, 0.53%, 7, 0, 4, 1404.75
1639515802, 0, 154, 178, 128, 5, 0.54%, 7, 0, 4, 1427.24
1639515807, 0, 163, 186, 134, 4, 0.56%, 8, 0, 5, 1449.23
1639515812, 0, 176, 191, 137, 7, 0.56%, 9, 0, 5, 1450.59
1639515817, 0, 178, 195, 139, 8, 0.57%, 9, 0, 5, 1387.25
1639515822, 0, 179, 201, 144, 8, 0.57%, 9, 0, 6, 1422.02
1639515828, 0, 182, 206, 148, 8, 0.57%, 9, 0, 6, 1428.58
1639515833, 0, 184, 213, 154, 8, 0.59%, 9, 0, 6, 1429.97
1639515838, 0, 185, 213, 153, 11, 0.59%, 9, 0, 6, 1437.31
1639515843, 0, 194, 215, 153, 9, 0.59%, 9, 0, 6, 1409.65
1639515848, 0, 195, 218, 155, 8, 0.59%, 9, 0, 6, 1340.78
1639515853, 0, 204, 220, 155, 8, 0.59%, 9, 0, 7, 1403.58
1639515858, 0, 208, 226, 160, 8, 0.60%, 9, 0, 7, 1401.64
1639515863, 0, 210, 229, 161, 7, 0.60%, 9, 0, 7, 1400.93
1639515868, 0, 216, 234, 162, 4, 0.60%, 9, 0, 7, 1380.41
1639515873, 0, 235, 240, 164, 1, 0.62%, 10, 0, 9, 1384.66
1639515878, 0, 236, 245, 168, 4, 0.64%, 10, 0, 10, 1313.28
1639515883, 0, 240, 248, 168, 3, 0.64%, 10, 0, 10, 1308.73
1639515888, 0, 245, 249, 167, 2, 0.64%, 11, 0, 11, 1301.49
1639515893, 0, 250, 254, 170, 4, 0.68%, 11, 0, 11, 1372.71
1639515899, 0, 252, 271, 185, 2, 0.70%, 11, 0, 12, 1376.09
1639515904, 0, 253, 274, 187, 10, 0.71%, 12, 0, 12, 1427.85
1639515909, 0, 257, 277, 189, 10, 0.71%, 12, 0, 12, 1413.50
1639515914, 0, 261, 277, 186, 7, 0.71%, 12, 0, 12, 1428.50
1639515919, 0, 271, 280, 185, 3, 0.71%, 12, 0, 13, 1415.43
1639515924, 0, 281, 286, 190, 2, 0.71%, 12, 0, 14, 1415.40
1639515929, 0, 281, 293, 197, 2, 0.72%, 12, 0, 14, 1854.03
1639515934, 0, 292, 302, 204, 3, 0.72%, 12, 0, 15, 1859.41
1639515939, 0, 294, 305, 206, 2, 0.72%, 12, 0, 16, 1470.07
1639515944, 0, 294, 306, 207, 2, 0.72%, 12, 0, 16, 1367.66
1639515949, 1, 256, 309, 206, 3, 0.73%, 12, 0, 16, 1325.45
1639515955, 2, 147, 311, 203, 1, 0.73%, 12, 0, 16, 1320.29
1639515960, 2, 168, 311, 199, 0, 0.73%, 12, 0, 16, 1350.46
1639515965, 2, 183, 312, 198, 0, 0.73%, 12, 0, 16, 1384.64
1639515970, 2, 194, 312, 196, 0, 0.73%, 12, 0, 16, 1423.14
1639515975, 2, 199, 317, 200, 0, 0.73%, 12, 0, 16, 1425.33
1639515980, 2, 212, 318, 201, 0, 0.73%, 12, 0, 16, 1427.43
1639515985, 2, 220, 318, 199, 0, 0.73%, 12, 0, 16, 1438.46
1639515990, 2, 292, 320, 201, 1, 0.73%, 12, 0, 16, 1434.75
1639515995, 2, 318, 326, 207, 1, 0.73%, 12, 0, 16, 1435.73
1639516000, 2, 323, 330, 210, 1, 0.78%, 12, 0, 16, 1428.07
1639516005, 2, 327, 336, 215, 3, 0.79%, 12, 0, 16, 1421.64
1639516015, 2, 331, 340, 218, 3, 0.80%, 12, 0, 16, 1436.38
1639516020, 2, 331, 341, 219, 3, 0.80%, 12, 0, 16, 1447.12
1639516025, 2, 332, 341, 218, 3, 0.80%, 12, 0, 16, 1445.65
1639516030, 2, 336, 347, 223, 2, 0.83%, 12, 0, 16, 1428.49
1639516035, 2, 336, 351, 227, 2, 0.83%, 12, 0, 16, 1439.85
1639516040, 2, 337, 351, 226, 6, 0.83%, 12, 0, 16, 1443.57
1639516046, 2, 342, 354, 228, 5, 0.83%, 13, 0, 16, 1440.71
1639516051, 2, 344, 357, 230, 8, 0.83%, 13, 0, 16, 1448.02
