# unix_time, cycles_done, cur_path, paths_total, pending_total, pending_favs, map_size, unique_crashes, unique_hangs, max_depth, execs_per_sec
1639522957, 0, 0, 908, 908, 118, 1.01%, 0, 0, 1, 1152.83
1639522962, 0, 27, 909, 901, 110, 1.01%, 4, 0, 2, 1239.02
1639522967, 0, 77, 910, 892, 101, 1.01%, 6, 0, 2, 1281.09
1639522972, 0, 124, 910, 883, 92, 1.01%, 6, 0, 2, 1310.38
1639522977, 0, 239, 910, 872, 81, 1.01%, 6, 0, 2, 1312.20
1639522982, 0, 276, 910, 864, 73, 1.01%, 6, 0, 2, 1332.16
1639522987, 0, 321, 910, 854, 64, 1.01%, 6, 0, 2, 1397.09
1639522992, 0, 415, 910, 842, 54, 1.01%, 6, 0, 2, 1555.82
1639522997, 0, 506, 910, 833, 46, 1.01%, 7, 0, 2, 1440.87
1639523003, 0, 589, 910, 824, 38, 1.01%, 9, 0, 2, 1448.61
1639523008, 0, 662, 910, 812, 27, 1.01%, 10, 0, 2, 1418.19
1639523013, 0, 763, 910, 800, 16, 1.01%, 10, 0, 2, 1438.63
1639523018, 0, 861, 910, 790, 7, 1.01%, 10, 0, 2, 1410.64
1639523023, 1, 8, 910, 781, 0, 1.01%, 11, 0, 2, 1322.74
1639523028, 1, 27, 910, 779, 0, 1.01%, 13, 0, 2, 1301.44
1639523033, 1, 51, 910, 775, 0, 1.01%, 13, 0, 2, 1327.82
1639523038, 1, 83, 910, 772, 0, 1.01%, 13, 0, 2, 1308.35
1639523043, 1, 113, 910, 767, 0, 1.01%, 14, 0, 2, 1333.15
1639523048, 1, 136, 910, 762, 0, 1.01%, 14, 0, 2, 1334.54
1639523053, 1, 171, 910, 755, 0, 1.01%, 14, 0, 2, 1320.34
1639523058, 1, 193, 910, 748, 0, 1.01%, 15, 0, 2, 1332.71
1639523063, 1, 223, 910, 742, 0, 1.01%, 16, 0, 2, 1355.61
1639523069, 1, 242, 910, 737, 0, 1.01%, 16, 0, 2, 1255.74
1639523074, 1, 519, 910, 730, 2, 1.01%, 16, 0, 2, 1341.32
1639523079, 2, 175, 910, 722, 0, 1.01%, 16, 0, 2, 1349.85
1639523084, 2, 211, 910, 716, 0, 1.01%, 17, 0, 2, 1376.61
1639523089, 2, 245, 910, 713, 0, 1.01%, 17, 0, 2, 1399.17
1639523094, 2, 267, 910, 710, 0, 1.01%, 17, 0, 2, 1439.97
1639523099, 2, 297, 910, 704, 0, 1.01%, 17, 0, 2, 1427.70
1639523104, 2, 317, 910, 701, 0, 1.01%, 17, 0, 2, 1385.56
1639523109, 2, 346, 910, 694, 0, 1.01%, 18, 0, 2, 1377.10
1639523114, 2, 377, 910, 689, 0, 1.01%, 18, 0, 2, 1374.71
1639523119, 2, 401, 910, 681, 0, 1.01%, 18, 0, 2, 1346.67
1639523124, 2, 434, 910, 676, 0, 1.01%, 18, 0, 2, 1343.57
1639523129, 2, 463, 910, 667, 0, 1.01%, 18, 0, 2, 1328.67
1639523134, 2, 490, 910, 661, 0, 1.01%, 18, 0, 2, 1350.31
1639523139, 2, 517, 910, 657, 0, 1.01%, 18, 0, 2, 1373.47
1639523144, 2, 545, 910, 650, 0, 1.01%, 18, 0, 2, 1373.17
1639523150, 2, 570, 910, 646, 0, 1.01%, 18, 0, 2, 1329.34
1639523155, 2, 589, 910, 639, 0, 1.01%, 20, 0, 2, 1330.32
1639523160, 2, 610, 910, 636, 0, 1.01%, 20, 0, 2, 1350.09
1639523165, 2, 632, 910, 629, 0, 1.01%, 20, 0, 2, 1353.30
1639523170, 2, 659, 910, 624, 0, 1.01%, 20, 0, 2, 1364.24
1639523175, 2, 677, 910, 618, 0, 1.01%, 20, 0, 2, 1353.86
1639523180, 2, 696, 910, 610, 0, 1.01%, 20, 0, 2, 1329.59
1639523185, 2, 728, 911, 604, 0, 1.01%, 20, 0, 2, 1300.68
1639523190, 2, 748, 911, 597, 0, 1.01%, 21, 0, 2, 1287.32
1639523195, 2, 774, 911, 593, 0, 1.01%, 21, 0, 2, 1309.09
1639523200, 2, 809, 911, 587, 0, 1.01%, 22, 0, 2, 1316.21
1639523206, 2, 844, 911, 581, 0, 1.01%, 22, 0, 2, 1298.99
1639523211, 2, 861, 911, 575, 0, 1.01%, 22, 0, 2, 1288.90
1639523216, 2, 895, 911, 569, 0, 1.01%, 22, 0, 2, 1352.92
1639523221, 3, 8, 911, 563, 0, 1.01%, 22, 0, 2, 1376.15
1639523226, 3, 29, 911, 562, 0, 1.01%, 22, 0, 2, 1390.97
1639523231, 3, 60, 911, 558, 0, 1.01%, 22, 0, 2, 1388.97
1639523236, 3, 84, 911, 554, 0, 1.01%, 22, 0, 2, 1416.09
1639523241, 3, 120, 911, 549, 0, 1.01%, 22, 0, 2, 1415.53
1639523246, 3, 159, 911, 542, 0, 1.01%, 22, 0, 2, 1419.67
