# unix_time, cycles_done, cur_path, paths_total, pending_total, pending_favs, map_size, unique_crashes, unique_hangs, max_depth, execs_per_sec
1639489098, 0, 0, 1, 1, 1, 0.12%, 0, 0, 1, 2000.00
1639489103, 0, 0, 78, 78, 1, 0.44%, 4, 0, 2, 1555.95
1639489108, 0, 20, 106, 98, 36, 0.50%, 5, 0, 3, 1465.52
1639489113, 0, 33, 123, 109, 31, 0.50%, 6, 0, 3, 1456.85
1639489118, 0, 43, 137, 119, 28, 0.51%, 6, 0, 3, 1472.72
1639489123, 0, 73, 147, 118, 18, 0.51%, 7, 0, 3, 1447.65
1639489128, 0, 89, 157, 120, 12, 0.51%, 7, 0, 4, 1445.18
1639489133, 0, 92, 169, 131, 10, 0.53%, 7, 0, 4, 1564.44
1639489138, 0, 166, 178, 128, 5, 0.54%, 7, 0, 5, 2266.91
1639489144, 0, 175, 180, 126, 3, 0.54%, 7, 0, 6, 1608.00
1639489149, 0, 175, 186, 132, 3, 0.56%, 8, 0, 6, 1495.21
1639489154, 0, 185, 194, 137, 1, 0.56%, 8, 0, 7, 1469.93
1639489159, 0, 194, 195, 137, 1, 0.56%, 8, 0, 7, 1467.84
1639489164, 1, 195, 200, 139, 1, 0.57%, 8, 0, 7, 1451.30
1639489169, 1, 199, 201, 138, 1, 0.57%, 8, 0, 7, 1454.90
1639489174, 2, 19, 201, 131, 0, 0.57%, 8, 0, 7, 1462.80
1639489179, 2, 46, 201, 130, 0, 0.57%, 8, 0, 7, 1454.05
1639489184, 2, 77, 204, 129, 0, 0.57%, 8, 0, 7, 1456.35
1639489189, 2, 121, 213, 138, 7, 0.60%, 9, 0, 7, 1448.04
1639489194, 2, 205, 215, 137, 6, 0.60%, 10, 0, 7, 1454.91
1639489200, 2, 206, 223, 144, 6, 0.63%, 10, 0, 7, 1475.83
1639489205, 2, 211, 228, 146, 12, 0.64%, 10, 0, 7, 1463.20
1639489210, 2, 214, 230, 146, 10, 0.64%, 10, 0, 7, 1468.36
1639489215, 2, 216, 232, 146, 9, 0.64%, 10, 0, 7, 1454.02
1639489220, 2, 219, 234, 146, 7, 0.65%, 10, 0, 7, 1436.82
1639489225, 2, 220, 238, 149, 7, 0.65%, 10, 0, 7, 1463.38
1639489230, 2, 222, 239, 148, 6, 0.65%, 10, 0, 7, 1471.82
1639489235, 2, 230, 242, 149, 4, 0.65%, 10, 0, 7, 1464.18
1639489240, 2, 232, 243, 149, 3, 0.65%, 10, 0, 7, 1464.99
1639489245, 2, 235, 245, 149, 1, 0.65%, 10, 0, 7, 1468.53
1639489250, 3, 24, 245, 145, 0, 0.65%, 10, 0, 7, 1440.74
1639489255, 3, 46, 246, 142, 0, 0.65%, 10, 0, 7, 1461.65
1639489260, 3, 63, 248, 139, 0, 0.65%, 10, 0, 7, 1463.76
1639489265, 3, 91, 248, 136, 0, 0.65%, 10, 0, 7, 1451.35
1639489270, 3, 126, 248, 128, 0, 0.65%, 10, 0, 7, 1455.39
1639489275, 3, 156, 248, 124, 0, 0.65%, 10, 0, 7, 1459.66
1639489280, 3, 166, 249, 123, 0, 0.65%, 10, 0, 7, 1424.93
1639489285, 3, 170, 250, 123, 0, 0.65%, 10, 0, 7, 1449.06
1639489290, 3, 250, 252, 124, 1, 0.65%, 11, 0, 7, 1451.62
1639489295, 4, 37, 253, 123, 0, 0.65%, 11, 0, 7, 1458.86
1639489300, 4, 62, 254, 121, 0, 0.65%, 11, 0, 7, 1456.14
1639489305, 4, 254, 261, 128, 1, 0.66%, 11, 0, 7, 1454.18
1639489310, 4, 259, 268, 134, 3, 0.67%, 11, 0, 7, 1420.78
1639489315, 4, 259, 271, 137, 3, 0.67%, 11, 0, 7, 1447.10
1639489320, 4, 260, 271, 136, 6, 0.67%, 11, 0, 7, 1464.06
1639489325, 4, 261, 272, 136, 6, 0.67%, 11, 0, 7, 1451.90
1639489330, 4, 261, 275, 139, 6, 0.67%, 11, 0, 7, 1460.34
1639489335, 4, 262, 275, 138, 5, 0.67%, 11, 0, 7, 1459.19
1639489341, 4, 262, 277, 140, 5, 0.67%, 11, 0, 7, 1402.55
1639489346, 4, 265, 278, 140, 4, 0.67%, 11, 0, 7, 1448.90
1639489356, 4, 265, 279, 141, 4, 0.67%, 11, 0, 7, 1448.30
1639489361, 4, 266, 280, 141, 4, 0.67%, 11, 0, 7, 1461.19
1639489366, 4, 269, 281, 141, 3, 0.67%, 11, 0, 7, 1471.78
1639489376, 4, 270, 282, 141, 2, 0.67%, 11, 0, 7, 1461.27
1639489381, 4, 270, 284, 143, 2, 0.67%, 11, 0, 7, 1440.53
1639489386, 4, 273, 285, 143, 1, 0.67%, 11, 0, 7, 1451.77
1639489391, 4, 273, 286, 144, 1, 0.67%, 11, 0, 7, 1469.14
1639489396, 4, 277, 288, 145, 1, 0.67%, 12, 0, 7, 1447.88
