# unix_time, cycles_done, cur_path, paths_total, pending_total, pending_favs, map_size, unique_crashes, unique_hangs, max_depth, execs_per_sec
1639595454, 0, 0, 1, 1, 1, 0.12%, 0, 0, 1, 1142.86
1639595459, 0, 0, 77, 77, 1, 0.40%, 4, 0, 2, 1254.06
1639595464, 0, 1, 100, 99, 34, 0.44%, 6, 0, 3, 1300.24
1639595469, 0, 12, 112, 108, 38, 0.48%, 6, 0, 3, 1325.48
1639595474, 0, 15, 130, 125, 37, 0.50%, 6, 0, 3, 1364.46
1639595479, 0, 40, 138, 122, 27, 0.50%, 6, 0, 3, 1412.70
1639595484, 0, 70, 144, 119, 19, 0.50%, 6, 0, 3, 1432.13
1639595489, 0, 77, 155, 128, 19, 0.51%, 6, 0, 3, 1417.67
1639595494, 0, 82, 164, 136, 21, 0.52%, 7, 0, 3, 1406.55
1639595499, 0, 98, 173, 141, 20, 0.52%, 7, 0, 4, 1328.58
1639595505, 0, 114, 177, 140, 15, 0.53%, 7, 0, 4, 1149.72
1639595510, 0, 142, 178, 137, 11, 0.53%, 7, 0, 4, 1180.32
1639595515, 0, 152, 190, 146, 8, 0.55%, 7, 0, 4, 1196.29
1639595520, 0, 153, 197, 152, 15, 0.56%, 7, 0, 4, 1228.51
1639595525, 0, 169, 203, 155, 13, 0.56%, 10, 0, 4, 1309.14
1639595530, 0, 169, 210, 162, 13, 0.56%, 12, 0, 4, 1372.94
1639595535, 0, 179, 215, 165, 15, 0.61%, 12, 0, 5, 1408.92
1639595540, 0, 187, 222, 167, 13, 0.62%, 12, 0, 5, 1414.22
1639595545, 0, 191, 225, 167, 13, 0.64%, 12, 0, 5, 1444.33
1639595550, 0, 195, 232, 173, 13, 0.65%, 12, 0, 5, 1434.99
1639595555, 0, 214, 240, 178, 13, 0.66%, 13, 0, 6, 1439.69
1639595560, 0, 222, 243, 178, 10, 0.67%, 13, 0, 6, 1435.04
1639595565, 0, 229, 250, 182, 9, 0.67%, 14, 0, 6, 1443.62
1639595570, 0, 231, 253, 183, 9, 0.67%, 14, 0, 6, 1423.06
1639595575, 0, 232, 255, 184, 9, 0.67%, 14, 0, 6, 1433.33
1639595580, 0, 244, 265, 189, 7, 0.68%, 14, 0, 7, 1456.27
1639595586, 0, 245, 267, 190, 6, 0.68%, 14, 0, 7, 1461.60
1639595591, 0, 250, 272, 193, 4, 0.68%, 14, 0, 7, 1425.23
1639595596, 0, 268, 278, 196, 2, 0.69%, 15, 0, 8, 1421.38
1639595601, 0, 274, 281, 198, 3, 0.71%, 16, 0, 9, 1393.99
1639595606, 0, 277, 285, 201, 3, 0.71%, 16, 0, 9, 1403.74
1639595611, 0, 278, 298, 213, 2, 0.75%, 16, 0, 9, 1413.93
1639595616, 0, 278, 305, 220, 2, 0.75%, 16, 0, 9, 1419.60
1639595621, 0, 288, 307, 219, 9, 0.75%, 16, 0, 10, 1398.17
1639595626, 0, 293, 308, 217, 6, 0.75%, 16, 0, 10, 1414.13
1639595631, 0, 296, 309, 215, 3, 0.75%, 16, 0, 10, 1444.14
1639595636, 0, 299, 314, 219, 2, 0.75%, 16, 0, 10, 1455.20
1639595641, 0, 303, 317, 221, 3, 0.75%, 16, 0, 10, 1451.08
1639595646, 1, 16, 320, 221, 0, 0.75%, 16, 0, 11, 2362.51
1639595651, 1, 163, 321, 215, 1, 0.75%, 16, 0, 11, 2049.53
1639595656, 1, 321, 323, 215, 1, 0.76%, 16, 0, 11, 1389.80
1639595661, 2, 113, 323, 211, 1, 0.76%, 16, 0, 11, 1299.53
1639595667, 2, 123, 325, 209, 0, 0.76%, 16, 0, 11, 1290.53
1639595672, 2, 138, 325, 204, 0, 0.76%, 17, 0, 11, 1287.89
1639595677, 2, 156, 326, 202, 0, 0.76%, 17, 0, 11, 1366.75
1639595682, 2, 175, 326, 197, 0, 0.76%, 17, 0, 11, 1378.44
1639595687, 3, 9, 327, 193, 0, 0.76%, 17, 0, 11, 1416.94
1639595692, 3, 42, 327, 189, 0, 0.76%, 17, 0, 11, 1448.03
1639595698, 3, 87, 328, 183, 0, 0.76%, 17, 0, 11, 1457.51
1639595703, 3, 115, 328, 182, 0, 0.76%, 17, 0, 11, 1464.75
1639595708, 3, 133, 328, 180, 0, 0.76%, 17, 0, 11, 1464.45
1639595713, 3, 154, 329, 177, 0, 0.76%, 17, 0, 11, 1289.82
1639595718, 3, 179, 331, 176, 0, 0.76%, 17, 0, 11, 1270.98
1639595723, 3, 197, 331, 176, 0, 0.76%, 17, 0, 11, 1256.77
1639595728, 3, 205, 331, 173, 0, 0.76%, 17, 0, 11, 1152.11
1639595733, 3, 210, 332, 171, 0, 0.76%, 17, 0, 11, 1083.21
1639595738, 3, 218, 333, 172, 0, 0.76%, 17, 0, 11, 1056.12
1639595744, 3, 223, 333, 172, 0, 0.76%, 17, 0, 11, 962.76
1639595749, 3, 229, 333, 171, 0, 0.76%, 17, 0, 11, 800.52
1639595754, 3, 234, 334, 172, 0, 0.76%, 17, 0, 11, 839.66
