# unix_time, cycles_done, cur_path, paths_total, pending_total, pending_favs, map_size, unique_crashes, unique_hangs, max_depth, execs_per_sec
1639561935, 0, 0, 937, 937, 98, 0.97%, 0, 0, 1, 1186.64
1639561940, 0, 101, 937, 925, 87, 0.97%, 4, 0, 1, 1321.99
1639561945, 0, 166, 937, 918, 80, 0.97%, 4, 0, 1, 1358.01
1639561950, 0, 235, 937, 910, 73, 0.97%, 4, 0, 1, 1352.39
1639561955, 0, 344, 937, 901, 66, 0.97%, 4, 0, 1, 1338.21
1639561960, 0, 412, 937, 892, 57, 0.97%, 4, 0, 1, 1375.23
1639561965, 0, 495, 937, 882, 47, 0.97%, 5, 0, 1, 1369.49
1639561970, 0, 556, 937, 872, 38, 0.97%, 5, 0, 1, 1354.57
1639561976, 0, 624, 937, 862, 29, 0.97%, 5, 0, 1, 1349.38
1639561981, 0, 686, 937, 856, 25, 0.97%, 6, 0, 1, 1358.22
1639561986, 0, 785, 937, 845, 14, 0.97%, 6, 0, 1, 1366.24
1639561991, 0, 855, 937, 836, 5, 0.97%, 6, 0, 1, 1372.00
1639561996, 1, 8, 937, 827, 0, 0.97%, 6, 0, 1, 1297.06
1639562001, 1, 38, 937, 820, 0, 0.97%, 6, 0, 1, 1211.52
1639562006, 1, 62, 937, 814, 0, 0.97%, 6, 0, 1, 1199.82
1639562011, 1, 88, 937, 807, 0, 0.97%, 6, 0, 1, 1268.28
1639562016, 1, 113, 937, 803, 0, 0.97%, 6, 0, 1, 1337.11
1639562022, 1, 135, 937, 797, 0, 0.97%, 7, 0, 1, 1345.73
1639562027, 1, 156, 937, 790, 0, 0.97%, 7, 0, 1, 1367.48
1639562032, 1, 193, 937, 785, 0, 0.97%, 7, 0, 1, 1317.31
1639562037, 1, 208, 937, 782, 0, 0.97%, 8, 0, 1, 1340.33
1639562042, 1, 222, 937, 776, 0, 0.97%, 8, 0, 1, 1366.73
1639562047, 1, 237, 937, 771, 0, 0.97%, 9, 0, 1, 1357.09
1639562052, 1, 257, 937, 766, 0, 0.97%, 9, 0, 1, 1347.24
1639562057, 1, 293, 937, 760, 0, 0.97%, 9, 0, 1, 1376.87
1639562062, 1, 344, 937, 753, 0, 0.97%, 9, 0, 1, 1300.42
1639562067, 1, 367, 937, 749, 0, 0.97%, 9, 0, 1, 1348.36
1639562072, 1, 390, 937, 743, 0, 0.97%, 9, 0, 1, 1287.34
1639562077, 1, 419, 937, 738, 0, 0.97%, 9, 0, 1, 1355.73
1639562083, 1, 478, 937, 733, 0, 0.97%, 10, 0, 1, 1335.39
1639562088, 1, 497, 937, 728, 0, 0.97%, 10, 0, 1, 1341.74
1639562093, 1, 541, 937, 724, 0, 0.97%, 10, 0, 1, 1360.53
1639562098, 1, 554, 937, 718, 0, 0.97%, 10, 0, 1, 1377.51
1639562103, 1, 584, 937, 711, 0, 0.97%, 10, 0, 1, 1385.91
1639562108, 1, 604, 937, 705, 0, 0.97%, 11, 0, 1, 1374.46
1639562113, 1, 624, 937, 701, 0, 0.97%, 11, 0, 1, 1360.75
1639562118, 1, 667, 938, 697, 0, 0.97%, 11, 0, 2, 1351.98
1639562123, 1, 687, 939, 693, 0, 0.97%, 11, 0, 2, 1362.33
1639562128, 1, 702, 939, 688, 0, 0.97%, 11, 0, 2, 1369.75
1639562133, 1, 736, 939, 681, 0, 0.97%, 12, 0, 2, 1338.96
1639562138, 1, 756, 939, 675, 0, 0.97%, 12, 0, 2, 1324.03
1639562144, 1, 798, 939, 666, 0, 0.97%, 12, 0, 2, 1322.96
1639562149, 1, 813, 939, 660, 0, 0.97%, 12, 0, 2, 1349.85
1639562154, 1, 851, 939, 654, 0, 0.97%, 12, 0, 2, 1414.86
1639562159, 1, 867, 939, 650, 0, 0.97%, 12, 0, 2, 1350.39
1639562164, 1, 895, 939, 642, 0, 0.97%, 12, 0, 2, 1368.86
1639562169, 1, 907, 939, 637, 0, 0.97%, 12, 0, 2, 1360.92
1639562174, 1, 937, 939, 630, 0, 0.97%, 12, 0, 2, 1360.35
1639562179, 2, 44, 939, 625, 0, 0.97%, 12, 0, 2, 1366.50
1639562184, 2, 70, 939, 618, 0, 0.97%, 12, 0, 2, 1367.26
1639562189, 2, 99, 939, 612, 0, 0.97%, 13, 0, 2, 1370.53
1639562194, 2, 118, 939, 608, 0, 0.97%, 13, 0, 2, 1381.76
1639562199, 2, 156, 939, 603, 0, 0.97%, 14, 0, 2, 1355.62
1639562204, 2, 201, 939, 597, 0, 0.97%, 14, 0, 2, 1498.40
1639562209, 2, 229, 939, 591, 0, 0.97%, 14, 0, 2, 1385.05
1639562214, 2, 250, 939, 587, 0, 0.97%, 14, 0, 2, 1312.73
1639562219, 2, 280, 939, 583, 0, 0.97%, 14, 0, 2, 1322.77
1639562225, 2, 303, 940, 579, 0, 0.97%, 14, 0, 2, 1352.67
