# unix_time, cycles_done, cur_path, paths_total, pending_total, pending_favs, map_size, unique_crashes, unique_hangs, max_depth, execs_per_sec
1639484875, 0, 0, 1, 1, 1, 0.12%, 0, 0, 1, 2000.00
1639484881, 0, 0, 74, 74, 1, 0.37%, 12, 0, 2, 1280.14
1639484886, 0, 2, 93, 92, 39, 0.40%, 13, 0, 3, 1177.35
1639484891, 0, 13, 100, 95, 36, 0.40%, 14, 0, 3, 1062.44
1639484896, 0, 25, 117, 105, 31, 0.40%, 15, 0, 3, 917.80
1639484901, 0, 26, 124, 111, 32, 0.45%, 15, 0, 3, 1041.24
1639484906, 0, 45, 129, 108, 24, 0.45%, 15, 0, 3, 1039.08
1639484911, 0, 53, 138, 112, 19, 0.45%, 17, 0, 3, 1062.12
1639484916, 0, 84, 142, 109, 14, 0.45%, 18, 0, 3, 538.31
1639484921, 0, 84, 146, 113, 14, 0.45%, 19, 0, 3, 894.98
1639484927, 0, 88, 154, 119, 14, 0.45%, 22, 0, 3, 707.11
1639484932, 0, 99, 159, 121, 12, 0.46%, 22, 0, 4, 1022.98
1639484937, 0, 102, 160, 120, 13, 0.46%, 23, 0, 4, 210.72
1639484942, 0, 111, 162, 120, 12, 0.47%, 24, 0, 4, 299.95
1639484947, 0, 128, 163, 118, 9, 0.47%, 24, 0, 4, 631.84
1639484952, 0, 146, 173, 125, 10, 0.51%, 25, 0, 4, 784.50
1639484957, 0, 156, 184, 134, 8, 0.51%, 25, 0, 5, 1031.23
1639484962, 0, 156, 188, 138, 8, 0.52%, 25, 0, 5, 1078.45
1639484967, 0, 164, 190, 137, 9, 0.52%, 25, 0, 5, 1111.58
1639484973, 0, 172, 193, 138, 7, 0.52%, 26, 0, 5, 788.64
1639484988, 0, 182, 196, 140, 7, 0.52%, 26, 0, 6, 579.19
1639484993, 0, 182, 198, 142, 7, 0.52%, 26, 0, 6, 1028.41
1639484998, 0, 188, 202, 143, 6, 0.53%, 26, 0, 6, 1060.20
1639485003, 0, 190, 203, 143, 5, 0.53%, 26, 0, 6, 566.95
1639485008, 0, 192, 203, 142, 5, 0.53%, 26, 0, 6, 391.43
1639485013, 0, 203, 206, 142, 4, 0.54%, 26, 0, 7, 914.27
1639485019, 0, 204, 213, 148, 3, 0.57%, 26, 0, 8, 1005.30
1639485024, 0, 206, 214, 148, 8, 0.57%, 26, 0, 8, 1042.61
1639485029, 0, 208, 218, 150, 6, 0.58%, 26, 0, 9, 1165.30
1639485034, 0, 209, 219, 150, 8, 0.58%, 26, 0, 9, 1123.47
1639485039, 0, 212, 220, 149, 7, 0.58%, 26, 0, 9, 1150.96
1639485044, 0, 217, 222, 149, 6, 0.58%, 26, 0, 10, 1135.40
1639485049, 0, 219, 226, 151, 5, 0.58%, 26, 0, 10, 1115.05
1639485054, 0, 220, 230, 154, 4, 0.58%, 26, 0, 11, 1210.78
1639485059, 0, 221, 230, 153, 3, 0.58%, 26, 0, 11, 1185.38
1639485064, 0, 230, 233, 155, 3, 0.59%, 26, 0, 12, 1104.86
1639485069, 1, 84, 234, 153, 0, 0.59%, 26, 0, 12, 310.97
1639485074, 1, 102, 234, 150, 0, 0.59%, 26, 0, 12, 504.95
1639485080, 1, 110, 234, 148, 0, 0.59%, 26, 0, 12, 413.31
1639485085, 1, 114, 234, 147, 0, 0.59%, 26, 0, 12, 409.14
1639485090, 1, 129, 234, 144, 0, 0.59%, 27, 0, 12, 780.04
1639485095, 1, 142, 234, 140, 0, 0.59%, 27, 0, 12, 975.46
1639485100, 1, 156, 239, 141, 0, 0.59%, 27, 0, 12, 1036.95
1639485105, 1, 163, 239, 141, 0, 0.59%, 27, 0, 12, 933.13
1639485110, 1, 164, 240, 141, 0, 0.59%, 27, 0, 12, 559.22
1639485115, 1, 239, 241, 142, 1, 0.59%, 27, 0, 12, 1026.07
1639485120, 1, 239, 244, 145, 1, 0.59%, 27, 0, 12, 1070.13
1639485125, 1, 241, 247, 147, 3, 0.60%, 28, 0, 12, 1149.78
1639485130, 1, 241, 251, 151, 3, 0.60%, 29, 0, 12, 1126.19
1639485135, 1, 242, 254, 153, 6, 0.61%, 29, 0, 12, 1136.63
1639485146, 1, 243, 257, 155, 6, 0.61%, 30, 0, 12, 987.30
1639485156, 1, 244, 260, 157, 5, 0.61%, 30, 0, 12, 1661.57
1639485161, 1, 246, 261, 157, 5, 0.61%, 30, 0, 12, 1166.71
1639485166, 1, 246, 262, 158, 5, 0.61%, 30, 0, 12, 1069.23
1639485171, 1, 248, 263, 158, 4, 0.61%, 30, 0, 12, 1111.30
