# unix_time, cycles_done, cur_path, paths_total, pending_total, pending_favs, map_size, unique_crashes, unique_hangs, max_depth, execs_per_sec
1639478542, 0, 0, 1, 1, 1, 0.12%, 0, 0, 1, 1600.00
1639478547, 0, 0, 68, 68, 1, 0.43%, 3, 0, 2, 1407.41
1639478552, 0, 18, 99, 92, 34, 0.47%, 5, 0, 3, 1428.95
1639478557, 0, 33, 114, 99, 30, 0.50%, 5, 0, 3, 1426.84
1639478562, 0, 54, 127, 103, 22, 0.50%, 5, 0, 3, 1418.32
1639478568, 0, 73, 142, 111, 15, 0.51%, 5, 0, 3, 1430.64
1639478573, 0, 99, 146, 110, 13, 0.52%, 5, 0, 4, 1407.87
1639478578, 0, 100, 154, 117, 12, 0.53%, 5, 0, 4, 1419.32
1639478583, 0, 117, 162, 119, 12, 0.54%, 6, 0, 4, 1416.05
1639478588, 0, 145, 175, 128, 12, 0.55%, 7, 0, 5, 1403.50
1639478593, 0, 147, 184, 136, 11, 0.57%, 7, 0, 5, 1425.49
1639478598, 0, 153, 188, 138, 15, 0.58%, 7, 0, 5, 1428.44
1639478603, 0, 171, 192, 138, 11, 0.58%, 7, 0, 6, 1440.34
1639478608, 0, 177, 197, 140, 9, 0.59%, 7, 0, 6, 1430.30
1639478613, 0, 180, 200, 141, 8, 0.59%, 7, 0, 6, 1423.29
1639478618, 0, 181, 218, 158, 9, 0.60%, 8, 0, 6, 1422.89
1639478623, 0, 203, 221, 157, 7, 0.61%, 9, 0, 7, 1400.71
1639478628, 0, 210, 227, 162, 6, 0.61%, 9, 0, 7, 1429.86
1639478633, 0, 216, 236, 170, 6, 0.61%, 9, 0, 7, 1416.53
1639478638, 0, 219, 242, 174, 5, 0.63%, 9, 0, 8, 1433.95
1639478643, 0, 223, 247, 178, 6, 0.63%, 9, 0, 8, 1439.87
1639478648, 0, 236, 249, 177, 5, 0.63%, 9, 0, 8, 1422.21
1639478654, 0, 241, 251, 176, 3, 0.64%, 9, 0, 9, 1428.66
1639478659, 0, 250, 253, 175, 1, 0.64%, 9, 0, 10, 1425.90
1639478664, 0, 254, 259, 180, 1, 0.64%, 9, 0, 11, 1429.63
1639478669, 0, 255, 261, 181, 1, 0.64%, 10, 0, 11, 1372.22
1639478674, 1, 16, 262, 178, 0, 0.64%, 10, 0, 12, 1390.56
1639478679, 1, 260, 263, 174, 1, 0.65%, 10, 0, 12, 1412.65
1639478684, 2, 35, 265, 171, 0, 0.65%, 10, 0, 12, 1426.76
1639478689, 2, 55, 268, 169, 0, 0.65%, 10, 0, 12, 1411.69
1639478694, 2, 74, 268, 167, 0, 0.65%, 11, 0, 12, 1405.48
1639478699, 2, 106, 269, 163, 0, 0.65%, 11, 0, 12, 1420.52
1639478705, 2, 124, 271, 162, 0, 0.65%, 11, 0, 12, 1397.59
1639478710, 2, 145, 272, 157, 0, 0.65%, 11, 0, 12, 1424.22
1639478715, 2, 271, 275, 160, 1, 0.66%, 11, 0, 12, 1429.32
1639478720, 2, 274, 275, 158, 1, 0.66%, 11, 0, 12, 1403.90
1639478725, 3, 23, 276, 156, 0, 0.66%, 11, 0, 12, 1428.07
1639478730, 3, 61, 276, 153, 0, 0.66%, 11, 0, 12, 1448.96
1639478735, 3, 92, 277, 149, 0, 0.66%, 12, 0, 12, 1413.13
1639478740, 3, 113, 278, 147, 0, 0.66%, 12, 0, 12, 1430.62
1639478745, 3, 148, 279, 148, 0, 0.66%, 12, 0, 12, 1435.99
1639478750, 3, 191, 280, 149, 1, 0.72%, 12, 0, 12, 1408.83
1639478755, 3, 279, 288, 156, 1, 0.74%, 13, 0, 12, 1555.65
1639478760, 3, 285, 289, 155, 3, 0.74%, 14, 0, 12, 1878.36
1639478765, 3, 286, 289, 154, 2, 0.74%, 14, 0, 12, 1496.86
1639478771, 3, 287, 296, 160, 1, 0.75%, 14, 0, 12, 1450.69
1639478776, 3, 289, 298, 161, 5, 0.76%, 14, 0, 12, 1443.92
1639478781, 3, 292, 298, 160, 5, 0.76%, 14, 0, 12, 1423.85
1639478786, 3, 293, 298, 159, 4, 0.76%, 14, 0, 12, 1399.39
1639478791, 3, 295, 299, 159, 3, 0.76%, 14, 0, 12, 1403.17
1639478796, 3, 296, 302, 161, 2, 0.76%, 14, 0, 12, 1406.54
1639478801, 3, 297, 304, 162, 2, 0.76%, 14, 0, 12, 1433.22
1639478806, 3, 297, 306, 164, 2, 0.76%, 14, 0, 12, 1399.66
1639478811, 3, 300, 306, 163, 3, 0.76%, 14, 0, 12, 1413.69
1639478816, 3, 303, 307, 163, 2, 0.77%, 14, 0, 12, 1417.97
1639478821, 3, 304, 307, 162, 2, 0.77%, 14, 0, 12, 1418.85
1639478826, 4, 30, 307, 160, 0, 0.77%, 14, 0, 12, 1386.32
1639478831, 4, 67, 308, 159, 0, 0.77%, 14, 0, 12, 1406.23
1639478836, 4, 104, 309, 154, 0, 0.77%, 14, 0, 12, 1390.85
1639478841, 4, 141, 310, 152, 0, 0.77%, 14, 0, 12, 1404.42
