# unix_time, cycles_done, cur_path, paths_total, pending_total, pending_favs, map_size, unique_crashes, unique_hangs, max_depth, execs_per_sec
1639478241, 0, 0, 1, 1, 1, 0.12%, 0, 0, 1, 1600.00
1639478246, 0, 0, 79, 79, 1, 0.46%, 3, 0, 2, 1438.83
1639478251, 0, 15, 114, 109, 42, 0.50%, 5, 0, 3, 1435.49
1639478256, 0, 44, 131, 114, 29, 0.52%, 6, 0, 3, 1417.42
1639478261, 0, 57, 142, 118, 26, 0.53%, 6, 0, 3, 1398.38
1639478266, 0, 73, 149, 116, 18, 0.53%, 6, 0, 3, 1418.63
1639478271, 0, 75, 156, 122, 17, 0.53%, 6, 0, 3, 1421.33
1639478277, 0, 76, 170, 135, 21, 0.54%, 6, 0, 3, 1414.72
1639478282, 0, 114, 177, 136, 17, 0.55%, 8, 0, 4, 1429.78
1639478287, 0, 122, 180, 136, 16, 0.55%, 8, 0, 4, 1402.93
1639478292, 0, 140, 185, 136, 11, 0.56%, 8, 0, 4, 1414.90
1639478297, 0, 162, 190, 135, 7, 0.56%, 8, 0, 4, 1428.38
1639478302, 0, 182, 194, 134, 5, 0.59%, 8, 0, 5, 1422.62
1639478307, 0, 189, 199, 137, 3, 0.60%, 8, 0, 5, 1434.26
1639478312, 0, 194, 205, 140, 3, 0.60%, 8, 0, 6, 1358.57
1639478317, 0, 197, 209, 143, 3, 0.62%, 8, 0, 6, 1420.77
1639478322, 0, 207, 211, 142, 3, 0.62%, 8, 0, 7, 1409.11
1639478327, 0, 208, 231, 161, 4, 0.64%, 9, 0, 7, 1352.49
1639478332, 0, 210, 237, 165, 12, 0.66%, 10, 0, 7, 1395.16
1639478337, 0, 222, 240, 165, 10, 0.66%, 10, 0, 8, 1400.10
1639478342, 0, 225, 242, 166, 9, 0.66%, 10, 0, 8, 1402.54
1639478348, 0, 227, 244, 166, 7, 0.66%, 10, 0, 8, 1409.89
1639478353, 0, 243, 249, 167, 4, 0.67%, 12, 0, 9, 1389.15
1639478358, 0, 244, 250, 167, 4, 0.67%, 12, 0, 9, 1421.30
1639478363, 0, 247, 252, 167, 2, 0.67%, 12, 0, 9, 1413.67
1639478368, 0, 253, 255, 168, 1, 0.67%, 13, 0, 11, 1405.96
1639478373, 1, 44, 256, 164, 0, 0.67%, 13, 0, 11, 1391.08
1639478378, 1, 65, 256, 162, 0, 0.67%, 13, 0, 11, 1412.55
1639478383, 1, 94, 256, 159, 0, 0.67%, 13, 0, 11, 1411.10
1639478389, 1, 109, 260, 160, 0, 0.67%, 13, 0, 11, 1419.06
1639478394, 1, 121, 260, 155, 0, 0.67%, 14, 0, 11, 1429.63
1639478399, 1, 142, 260, 151, 0, 0.67%, 14, 0, 11, 1420.29
1639478404, 1, 176, 260, 146, 0, 0.67%, 14, 0, 11, 1414.27
1639478409, 1, 191, 261, 147, 0, 0.67%, 14, 0, 11, 1415.69
1639478414, 1, 198, 261, 146, 0, 0.67%, 15, 0, 11, 1436.09
1639478419, 1, 209, 262, 146, 0, 0.67%, 15, 0, 11, 1418.25
1639478424, 1, 219, 266, 150, 0, 0.67%, 15, 0, 11, 1414.90
1639478429, 1, 225, 268, 150, 0, 0.67%, 15, 0, 11, 1424.39
1639478434, 1, 232, 268, 150, 0, 0.67%, 15, 0, 11, 1381.95
1639478440, 1, 237, 268, 148, 0, 0.67%, 15, 0, 11, 1410.72
1639478445, 1, 239, 270, 149, 0, 0.67%, 15, 0, 11, 1413.61
1639478450, 1, 242, 270, 147, 0, 0.67%, 15, 0, 11, 1400.49
1639478455, 1, 256, 270, 145, 0, 0.67%, 16, 0, 11, 2129.33
1639478460, 1, 260, 272, 145, 0, 0.67%, 16, 0, 11, 1553.29
1639478465, 1, 267, 273, 145, 1, 0.67%, 16, 0, 11, 1433.73
1639478470, 1, 270, 273, 144, 1, 0.67%, 16, 0, 11, 1424.34
1639478475, 2, 30, 274, 140, 0, 0.67%, 16, 0, 11, 1426.12
1639478480, 3, 212, 276, 137, 1, 0.68%, 16, 0, 11, 1432.00
1639478485, 4, 43, 276, 134, 0, 0.68%, 16, 0, 11, 1430.16
1639478490, 4, 65, 276, 131, 0, 0.68%, 16, 0, 11, 1421.67
1639478495, 4, 85, 277, 130, 0, 0.68%, 16, 0, 11, 1414.56
1639478501, 4, 277, 284, 135, 1, 0.73%, 16, 0, 11, 1400.77
1639478511, 4, 278, 284, 134, 5, 0.73%, 16, 0, 11, 1413.18
1639478521, 4, 279, 284, 133, 4, 0.73%, 16, 0, 11, 1425.31
1639478526, 4, 281, 285, 133, 3, 0.73%, 16, 0, 11, 1410.30
1639478536, 4, 282, 286, 133, 2, 0.73%, 16, 0, 11, 1427.10
