# unix_time, cycles_done, cur_path, paths_total, pending_total, pending_favs, map_size, unique_crashes, unique_hangs, max_depth, execs_per_sec
1639590051, 0, 0, 508, 508, 94, 0.89%, 0, 0, 1, 1053.67
1639590056, 0, 53, 508, 498, 84, 0.89%, 5, 0, 1, 1328.41
1639590061, 0, 69, 508, 492, 77, 0.89%, 9, 0, 1, 1379.86
1639590066, 0, 126, 508, 485, 70, 0.89%, 12, 0, 1, 1377.90
1639590071, 0, 182, 508, 474, 59, 0.89%, 16, 0, 1, 1379.22
1639590076, 0, 276, 508, 462, 48, 0.89%, 18, 0, 1, 1402.40
1639590081, 0, 308, 509, 453, 38, 0.89%, 20, 0, 2, 1376.79
1639590086, 0, 375, 509, 442, 27, 0.89%, 20, 0, 2, 1339.98
1639590091, 0, 424, 509, 431, 16, 0.89%, 22, 0, 2, 1260.14
1639590096, 0, 444, 509, 424, 9, 0.89%, 25, 0, 2, 1245.08
1639590101, 0, 505, 509, 415, 0, 0.89%, 25, 0, 2, 1263.80
1639590106, 1, 17, 509, 411, 0, 0.89%, 25, 0, 2, 1305.94
1639590111, 1, 35, 509, 402, 0, 0.89%, 25, 0, 2, 1341.65
1639590117, 1, 56, 509, 399, 0, 0.89%, 25, 0, 2, 1354.19
1639590122, 1, 73, 509, 397, 0, 0.89%, 25, 0, 2, 1395.22
1639590127, 1, 93, 509, 393, 0, 0.89%, 25, 0, 2, 1391.70
1639590132, 1, 121, 509, 388, 0, 0.89%, 25, 0, 2, 1425.95
1639590137, 1, 139, 510, 384, 0, 0.89%, 26, 0, 2, 1394.03
1639590142, 2, 110, 510, 379, 0, 0.89%, 26, 0, 2, 1395.18
1639590147, 2, 152, 510, 376, 0, 0.89%, 26, 0, 2, 1376.57
1639590152, 2, 169, 510, 371, 0, 0.89%, 28, 0, 2, 1404.85
1639590157, 2, 201, 511, 367, 0, 0.89%, 29, 0, 2, 1384.92
1639590162, 2, 233, 511, 360, 0, 0.89%, 29, 0, 2, 1352.90
1639590167, 2, 259, 511, 353, 0, 0.89%, 29, 0, 2, 1358.69
1639590172, 2, 276, 511, 348, 0, 0.89%, 29, 0, 2, 1347.32
1639590177, 2, 298, 511, 344, 0, 0.89%, 29, 0, 2, 1319.34
1639590182, 2, 320, 511, 342, 0, 0.89%, 29, 0, 2, 1298.52
1639590187, 2, 336, 511, 335, 0, 0.89%, 29, 0, 2, 1359.30
1639590192, 2, 357, 511, 332, 0, 0.89%, 29, 0, 2, 1241.14
1639590198, 2, 375, 511, 325, 0, 0.89%, 29, 0, 2, 1134.60
1639590203, 2, 407, 511, 321, 0, 0.89%, 29, 0, 2, 1177.68
1639590208, 2, 430, 511, 318, 0, 0.89%, 29, 0, 2, 1203.38
1639590213, 2, 443, 511, 317, 0, 0.89%, 29, 0, 2, 1208.54
1639590218, 2, 457, 511, 310, 0, 0.89%, 30, 0, 2, 1286.81
1639590223, 2, 474, 511, 306, 0, 0.89%, 30, 0, 2, 1367.38
1639590228, 2, 499, 511, 299, 0, 0.89%, 30, 0, 2, 1421.21
1639590233, 3, 8, 511, 294, 0, 0.89%, 30, 0, 2, 1404.92
1639590238, 3, 41, 511, 289, 0, 0.89%, 30, 0, 2, 1392.33
1639590243, 3, 57, 511, 287, 0, 0.89%, 30, 0, 2, 1389.60
1639590248, 3, 86, 511, 286, 0, 0.89%, 30, 0, 2, 1346.17
1639590254, 3, 105, 511, 283, 0, 0.89%, 30, 0, 2, 1356.35
1639590259, 3, 131, 511, 279, 0, 0.89%, 30, 0, 2, 1365.67
1639590264, 3, 148, 511, 274, 0, 0.89%, 30, 0, 2, 1357.42
1639590269, 3, 181, 511, 271, 0, 0.89%, 30, 0, 2, 1364.86
1639590274, 3, 229, 511, 265, 0, 0.89%, 30, 0, 2, 1372.48
1639590279, 3, 256, 511, 260, 0, 0.89%, 30, 0, 2, 1386.81
1639590284, 3, 279, 512, 259, 0, 0.89%, 30, 0, 2, 1225.47
1639590289, 3, 300, 514, 258, 0, 0.89%, 30, 0, 2, 1139.96
1639590294, 3, 338, 514, 258, 0, 0.89%, 30, 0, 2, 1166.79
1639590299, 3, 356, 514, 255, 0, 0.89%, 30, 0, 2, 1097.44
1639590304, 3, 386, 514, 251, 0, 0.89%, 30, 0, 2, 1044.75
1639590309, 3, 418, 514, 247, 0, 0.89%, 30, 0, 2, 1029.51
1639590315, 3, 435, 514, 244, 0, 0.89%, 30, 0, 2, 960.44
1639590320, 3, 441, 514, 243, 0, 0.89%, 30, 0, 2, 915.17
1639590325, 3, 465, 514, 241, 0, 0.89%, 31, 0, 2, 928.74
1639590330, 3, 483, 514, 239, 0, 0.89%, 31, 0, 2, 1022.62
1639590335, 4, 2, 514, 237, 0, 0.89%, 31, 0, 2, 1007.85
1639590340, 4, 45, 514, 235, 0, 0.89%, 31, 0, 2, 1034.34
1639590345, 4, 56, 514, 232, 0, 0.89%, 31, 0, 2, 1102.00
