# unix_time, cycles_done, cur_path, paths_total, pending_total, pending_favs, map_size, unique_crashes, unique_hangs, max_depth, execs_per_sec
1639486695, 0, 0, 648, 648, 91, 0.82%, 0, 0, 1, 1217.76
1639486700, 0, 90, 648, 638, 82, 0.82%, 4, 0, 1, 1335.46
1639486705, 0, 147, 648, 628, 72, 0.82%, 6, 0, 1, 1376.54
1639486710, 0, 200, 648, 619, 63, 0.82%, 8, 0, 1, 1399.06
1639486715, 0, 251, 648, 607, 52, 0.82%, 8, 0, 1, 1358.00
1639486720, 0, 306, 648, 598, 44, 0.82%, 9, 0, 1, 1420.11
1639486725, 0, 351, 648, 592, 38, 0.82%, 10, 0, 1, 1428.15
1639486730, 0, 470, 648, 580, 26, 0.82%, 11, 0, 1, 1416.07
1639486735, 0, 498, 648, 574, 21, 0.82%, 11, 0, 1, 1426.94
1639486740, 0, 549, 648, 566, 13, 0.82%, 12, 0, 1, 1373.94
1639486745, 0, 627, 648, 556, 6, 0.82%, 13, 0, 1, 1405.50
1639486750, 1, 2, 648, 549, 0, 0.82%, 13, 0, 1, 1422.37
1639486755, 1, 50, 648, 540, 0, 0.82%, 13, 0, 1, 1416.92
1639486760, 1, 78, 648, 534, 0, 0.82%, 13, 0, 1, 1375.01
1639486765, 1, 98, 648, 527, 0, 0.82%, 13, 0, 1, 1400.06
1639486770, 1, 124, 648, 521, 0, 0.82%, 13, 0, 1, 1407.05
1639486775, 1, 147, 648, 517, 0, 0.82%, 13, 0, 1, 1395.11
1639486780, 1, 167, 648, 512, 0, 0.82%, 13, 0, 1, 1419.99
1639486786, 1, 182, 648, 507, 0, 0.82%, 13, 0, 1, 1435.33
1639486791, 1, 210, 648, 500, 0, 0.82%, 13, 0, 1, 1395.08
1639486796, 1, 231, 648, 497, 0, 0.82%, 13, 0, 1, 1405.93
1639486801, 1, 248, 648, 492, 0, 0.82%, 13, 0, 1, 1403.80
1639486806, 1, 275, 648, 486, 0, 0.82%, 16, 0, 1, 1440.44
1639486811, 1, 300, 648, 479, 0, 0.82%, 16, 0, 1, 1434.10
1639486816, 1, 311, 648, 476, 0, 0.82%, 16, 0, 1, 1403.64
1639486821, 1, 326, 648, 471, 0, 0.82%, 16, 0, 1, 1425.70
1639486826, 1, 357, 648, 465, 0, 0.82%, 16, 0, 1, 1403.70
1639486832, 1, 380, 648, 458, 0, 0.82%, 16, 0, 1, 1423.73
1639486837, 1, 407, 648, 451, 0, 0.82%, 16, 0, 1, 1399.71
1639486842, 1, 431, 648, 444, 0, 0.82%, 16, 0, 1, 1397.98
1639486847, 1, 465, 648, 438, 0, 0.82%, 16, 0, 1, 1417.85
1639486852, 1, 481, 648, 432, 0, 0.82%, 16, 0, 1, 1396.05
1639486857, 1, 511, 648, 430, 0, 0.82%, 16, 0, 1, 1417.91
1639486862, 1, 530, 648, 426, 0, 0.82%, 16, 0, 1, 1383.58
1639486867, 1, 563, 648, 421, 0, 0.82%, 17, 0, 1, 1424.83
1639486872, 1, 609, 648, 414, 0, 0.82%, 17, 0, 1, 1434.42
1639486877, 1, 639, 648, 409, 0, 0.82%, 17, 0, 1, 1420.38
1639486882, 2, 6, 648, 406, 0, 0.82%, 17, 0, 1, 1411.88
1639486887, 2, 50, 648, 399, 0, 0.82%, 17, 0, 1, 1410.72
1639486893, 2, 94, 648, 396, 0, 0.82%, 17, 0, 1, 1411.96
1639486898, 2, 115, 648, 389, 0, 0.82%, 17, 0, 1, 1421.06
1639486903, 2, 134, 648, 382, 0, 0.82%, 17, 0, 1, 1422.53
1639486908, 2, 154, 648, 378, 0, 0.82%, 17, 0, 1, 1373.96
1639486913, 2, 187, 649, 376, 0, 0.82%, 17, 0, 2, 1419.78
1639486918, 2, 213, 649, 371, 0, 0.82%, 18, 0, 2, 1399.44
1639486923, 2, 228, 649, 366, 0, 0.82%, 18, 0, 2, 1417.77
1639486928, 2, 256, 649, 362, 0, 0.82%, 18, 0, 2, 1411.42
1639486933, 2, 285, 649, 355, 0, 0.82%, 18, 0, 2, 1446.34
1639486939, 2, 307, 649, 351, 0, 0.82%, 18, 0, 2, 1421.74
1639486944, 2, 328, 649, 348, 0, 0.82%, 18, 0, 2, 1396.72
1639486949, 2, 352, 649, 344, 0, 0.82%, 18, 0, 2, 1436.82
1639486954, 2, 397, 649, 337, 0, 0.82%, 18, 0, 2, 1396.64
1639486959, 2, 433, 649, 332, 0, 0.82%, 18, 0, 2, 1409.61
1639486964, 2, 632, 649, 327, 1, 0.82%, 19, 0, 2, 1417.09
1639486969, 3, 209, 649, 322, 0, 0.82%, 19, 0, 2, 1394.41
1639486975, 3, 246, 649, 319, 0, 0.82%, 19, 0, 2, 1396.52
1639486980, 3, 272, 649, 315, 0, 0.82%, 19, 0, 2, 1404.66
1639486985, 3, 299, 649, 310, 0, 0.82%, 19, 0, 2, 1407.90
1639486990, 3, 322, 649, 309, 0, 0.82%, 19, 0, 2, 1611.38
