# unix_time, cycles_done, cur_path, paths_total, pending_total, pending_favs, map_size, unique_crashes, unique_hangs, max_depth, execs_per_sec
1639600232, 0, 0, 888, 888, 95, 0.93%, 0, 0, 1, 1098.33
1639600237, 0, 70, 888, 882, 90, 0.93%, 2, 0, 1, 2051.74
1639600242, 0, 194, 888, 872, 82, 0.93%, 3, 0, 1, 1535.33
1639600247, 0, 256, 888, 863, 74, 0.93%, 5, 0, 1, 1426.95
1639600252, 0, 385, 888, 853, 64, 0.93%, 5, 0, 1, 1370.42
1639600257, 0, 417, 888, 845, 57, 0.93%, 7, 0, 1, 1289.66
1639600262, 0, 464, 888, 839, 53, 0.93%, 7, 0, 1, 1316.57
1639600268, 0, 540, 888, 833, 47, 0.93%, 8, 0, 1, 1293.04
1639600273, 0, 605, 888, 824, 38, 0.93%, 8, 0, 1, 1257.29
1639600278, 0, 660, 888, 813, 27, 0.93%, 8, 0, 1, 1591.91
1639600283, 0, 740, 888, 806, 21, 0.93%, 9, 0, 1, 1494.72
1639600288, 0, 821, 888, 799, 14, 0.93%, 9, 0, 1, 1353.31
1639600293, 0, 857, 888, 792, 8, 0.93%, 9, 0, 1, 1327.62
1639600298, 1, 3, 888, 782, 0, 0.93%, 10, 0, 1, 1369.24
1639600303, 1, 46, 888, 776, 0, 0.93%, 11, 0, 1, 1376.64
1639600308, 1, 72, 888, 768, 0, 0.93%, 11, 0, 1, 1332.65
1639600314, 1, 104, 889, 760, 0, 0.93%, 11, 0, 2, 1342.31
1639600319, 1, 137, 889, 754, 0, 0.93%, 12, 0, 2, 1381.92
1639600324, 1, 169, 889, 749, 0, 0.93%, 12, 0, 2, 1368.99
1639600329, 1, 205, 889, 743, 0, 0.93%, 12, 0, 2, 1393.05
1639600334, 1, 229, 889, 736, 0, 0.93%, 12, 0, 2, 1379.82
1639600339, 1, 251, 889, 732, 0, 0.93%, 12, 0, 2, 1364.11
1639600344, 1, 266, 889, 727, 0, 0.93%, 12, 0, 2, 1360.49
1639600349, 1, 281, 890, 723, 0, 0.93%, 12, 0, 2, 1322.71
1639600354, 1, 295, 890, 715, 0, 0.93%, 12, 0, 2, 1310.25
1639600359, 1, 312, 890, 708, 0, 0.93%, 13, 0, 2, 1291.21
1639600364, 1, 339, 890, 704, 0, 0.93%, 13, 0, 2, 1294.99
1639600369, 1, 357, 890, 696, 0, 0.93%, 13, 0, 2, 1257.49
1639600375, 1, 373, 890, 692, 0, 0.93%, 13, 0, 2, 1215.69
1639600380, 1, 387, 890, 688, 0, 0.93%, 14, 0, 2, 1257.87
1639600385, 1, 400, 890, 683, 0, 0.93%, 14, 0, 2, 1297.54
1639600390, 1, 425, 890, 681, 0, 0.93%, 14, 0, 2, 1301.94
1639600395, 1, 462, 890, 675, 0, 0.93%, 14, 0, 2, 1288.75
1639600400, 1, 471, 890, 670, 0, 0.93%, 14, 0, 2, 1374.95
1639600405, 1, 494, 890, 664, 0, 0.93%, 14, 0, 2, 1411.75
1639600410, 1, 516, 890, 660, 0, 0.93%, 14, 0, 2, 1463.76
1639600415, 1, 540, 891, 656, 0, 0.93%, 14, 0, 2, 1461.47
1639600420, 1, 564, 891, 652, 0, 0.93%, 14, 0, 2, 1469.86
1639600425, 1, 586, 892, 647, 0, 0.93%, 14, 0, 2, 1466.18
1639600430, 1, 603, 892, 639, 0, 0.93%, 14, 0, 2, 1458.79
1639600435, 1, 619, 892, 637, 0, 0.93%, 14, 0, 2, 1405.30
1639600440, 1, 649, 892, 631, 0, 0.93%, 14, 0, 2, 1456.42
1639600445, 1, 675, 892, 626, 0, 0.93%, 14, 0, 2, 1464.21
1639600451, 1, 699, 892, 620, 0, 0.93%, 14, 0, 2, 1479.37
1639600456, 1, 731, 892, 616, 0, 0.93%, 15, 0, 2, 1416.12
1639600461, 1, 749, 892, 610, 0, 0.93%, 15, 0, 2, 1413.80
1639600466, 1, 764, 894, 606, 0, 0.93%, 15, 0, 2, 1403.58
1639600471, 1, 786, 894, 601, 0, 0.93%, 16, 0, 2, 1382.19
1639600476, 1, 821, 894, 596, 0, 0.93%, 16, 0, 2, 1395.79
1639600481, 1, 845, 894, 592, 0, 0.93%, 16, 0, 2, 1397.91
1639600486, 1, 859, 894, 588, 0, 0.93%, 16, 0, 2, 1404.58
1639600491, 1, 873, 894, 584, 0, 0.93%, 16, 0, 2, 1387.11
1639600497, 1, 889, 894, 580, 0, 0.93%, 16, 0, 2, 1330.34
1639600502, 2, 27, 894, 573, 0, 0.93%, 16, 0, 2, 1301.65
1639600507, 2, 50, 894, 568, 0, 0.93%, 16, 0, 2, 1286.65
1639600512, 2, 92, 894, 560, 0, 0.93%, 16, 0, 2, 1272.04
1639600517, 2, 122, 894, 554, 0, 0.93%, 16, 0, 2, 1260.83
1639600522, 2, 142, 894, 551, 0, 0.93%, 17, 0, 2, 1155.53
