# unix_time, cycles_done, cur_path, paths_total, pending_total, pending_favs, map_size, unique_crashes, unique_hangs, max_depth, execs_per_sec
1639551644, 0, 0, 1, 1, 1, 0.12%, 0, 0, 1, 1142.86
1639551650, 0, 0, 70, 70, 1, 0.42%, 3, 0, 2, 1335.77
1639551655, 0, 13, 107, 103, 40, 0.48%, 4, 0, 3, 1394.58
1639551660, 0, 20, 120, 114, 39, 0.51%, 4, 0, 3, 1437.69
1639551665, 0, 28, 130, 117, 32, 0.51%, 5, 0, 3, 1448.18
1639551670, 0, 30, 136, 121, 32, 0.51%, 6, 0, 3, 1438.50
1639551675, 0, 53, 148, 122, 27, 0.52%, 6, 0, 3, 1423.01
1639551680, 0, 67, 161, 129, 22, 0.53%, 6, 0, 3, 1372.92
1639551685, 0, 89, 174, 137, 17, 0.55%, 6, 0, 4, 1408.67
1639551690, 0, 144, 186, 142, 14, 0.58%, 7, 0, 4, 1418.65
1639551696, 0, 166, 206, 158, 14, 0.61%, 8, 0, 4, 1426.65
1639551701, 0, 170, 214, 165, 15, 0.62%, 8, 0, 5, 1419.34
1639551706, 0, 183, 222, 169, 16, 0.65%, 8, 0, 5, 1421.50
1639551711, 0, 183, 226, 173, 16, 0.65%, 9, 0, 5, 1405.00
1639551716, 0, 193, 232, 177, 20, 0.66%, 9, 0, 5, 1418.28
1639551721, 0, 194, 234, 178, 21, 0.66%, 11, 0, 5, 1451.14
1639551726, 0, 201, 240, 181, 18, 0.68%, 11, 0, 5, 1431.77
1639551731, 0, 205, 245, 185, 23, 0.68%, 11, 0, 5, 1446.45
1639551736, 0, 205, 249, 189, 23, 0.68%, 11, 0, 5, 1432.01
1639551741, 0, 208, 252, 189, 23, 0.69%, 11, 0, 6, 1416.75
1639551746, 0, 214, 254, 189, 22, 0.69%, 11, 0, 6, 1437.09
1639551751, 0, 220, 256, 188, 20, 0.69%, 11, 0, 6, 1435.79
1639551756, 0, 222, 258, 189, 19, 0.70%, 12, 0, 6, 1448.05
1639551761, 0, 228, 261, 190, 19, 0.70%, 13, 0, 6, 1420.37
1639551766, 0, 234, 269, 196, 17, 0.72%, 13, 0, 6, 1437.61
1639551771, 0, 239, 271, 194, 16, 0.72%, 13, 0, 6, 1418.10
1639551776, 0, 248, 278, 198, 13, 0.72%, 13, 0, 6, 1437.79
1639551781, 0, 255, 280, 196, 10, 0.72%, 13, 0, 7, 1449.47
1639551786, 0, 257, 282, 196, 9, 0.73%, 13, 0, 7, 1449.30
1639551791, 0, 264, 285, 196, 7, 0.73%, 13, 0, 7, 1435.22
1639551796, 0, 280, 286, 194, 5, 0.73%, 13, 0, 7, 1428.22
1639551802, 0, 285, 290, 196, 3, 0.74%, 13, 0, 8, 1399.38
1639551807, 0, 288, 295, 200, 4, 0.74%, 13, 0, 9, 1438.66
1639551812, 0, 293, 295, 198, 3, 0.74%, 13, 0, 9, 1453.49
1639551817, 0, 295, 299, 201, 3, 0.75%, 13, 0, 11, 1429.23
1639551822, 0, 296, 302, 203, 4, 0.75%, 13, 0, 12, 1438.86
1639551827, 0, 298, 303, 203, 3, 0.75%, 13, 0, 12, 1400.11
1639551832, 1, 77, 303, 196, 0, 0.75%, 13, 0, 12, 1422.68
1639551837, 1, 89, 304, 192, 0, 0.75%, 13, 0, 12, 1448.09
1639551842, 1, 144, 304, 184, 0, 0.75%, 13, 0, 12, 1451.63
1639551847, 1, 173, 305, 181, 0, 0.75%, 13, 0, 12, 1410.51
1639551853, 1, 191, 305, 177, 0, 0.75%, 14, 0, 12, 1870.76
1639551858, 1, 197, 305, 175, 0, 0.75%, 14, 0, 12, 1421.63
1639551863, 1, 207, 305, 175, 0, 0.75%, 14, 0, 12, 1394.81
1639551868, 1, 289, 308, 178, 1, 0.75%, 14, 0, 12, 1380.62
1639551873, 1, 307, 309, 178, 1, 0.76%, 14, 0, 12, 1397.41
1639551878, 1, 308, 310, 178, 1, 0.78%, 14, 0, 12, 1416.43
1639551883, 1, 309, 320, 187, 1, 0.81%, 14, 0, 12, 1427.93
1639551888, 1, 310, 321, 187, 9, 0.81%, 14, 0, 13, 1405.05
1639551893, 1, 313, 321, 185, 8, 0.81%, 14, 0, 13, 1417.85
1639551898, 1, 314, 321, 184, 7, 0.81%, 14, 0, 13, 1442.65
1639551903, 1, 315, 322, 184, 6, 0.81%, 14, 0, 13, 1466.78
1639551908, 1, 316, 325, 186, 5, 0.81%, 14, 0, 13, 1464.26
1639551913, 1, 319, 325, 184, 3, 0.81%, 15, 0, 13, 1466.49
1639551918, 1, 320, 325, 183, 2, 0.81%, 15, 0, 13, 1445.76
1639551923, 1, 323, 328, 185, 1, 0.81%, 15, 0, 14, 1460.78
1639551928, 1, 328, 332, 188, 1, 0.81%, 15, 0, 15, 1442.78
1639551939, 1, 331, 333, 188, 1, 0.81%, 15, 0, 16, 1424.84
