# unix_time, cycles_done, cur_path, paths_total, pending_total, pending_favs, map_size, unique_crashes, unique_hangs, max_depth, execs_per_sec
1639603010, 0, 0, 955, 955, 96, 0.93%, 0, 0, 1, 1082.00
1639603015, 0, 72, 955, 946, 89, 0.93%, 4, 0, 1, 1353.34
1639603020, 0, 171, 955, 934, 77, 0.93%, 4, 0, 1, 1425.42
1639603026, 0, 313, 955, 921, 67, 0.93%, 5, 0, 1, 1437.08
1639603031, 0, 402, 955, 912, 58, 0.93%, 5, 0, 1, 1459.19
1639603036, 0, 530, 955, 903, 51, 0.93%, 6, 0, 1, 1459.65
1639603041, 0, 600, 955, 893, 41, 0.93%, 8, 0, 1, 1430.28
1639603046, 0, 672, 955, 885, 34, 0.93%, 9, 0, 1, 1432.50
1639603051, 0, 742, 955, 875, 24, 0.93%, 9, 0, 1, 1412.21
1639603056, 0, 847, 955, 863, 13, 0.93%, 10, 0, 1, 1333.44
1639603061, 0, 902, 955, 855, 6, 0.93%, 10, 0, 1, 1298.74
1639603066, 0, 945, 955, 849, 1, 0.93%, 10, 0, 1, 1280.28
1639603072, 1, 29, 955, 844, 0, 0.93%, 11, 0, 1, 1287.36
1639603077, 1, 53, 955, 839, 0, 0.93%, 11, 0, 1, 1333.04
1639603082, 1, 102, 955, 832, 0, 0.93%, 12, 0, 1, 1375.19
1639603087, 1, 131, 955, 826, 0, 0.93%, 12, 0, 1, 1421.88
1639603092, 1, 151, 955, 820, 0, 0.93%, 12, 0, 1, 1443.77
1639603097, 1, 172, 955, 815, 0, 0.93%, 12, 0, 1, 1244.01
1639603102, 1, 208, 955, 807, 0, 0.93%, 12, 0, 1, 1241.99
1639603107, 1, 248, 955, 801, 0, 0.93%, 12, 0, 1, 1296.40
1639603113, 1, 294, 955, 792, 0, 0.93%, 13, 0, 1, 1241.98
1639603118, 1, 323, 955, 787, 0, 0.93%, 13, 0, 1, 1259.16
1639603123, 1, 340, 955, 783, 0, 0.93%, 13, 0, 1, 1285.36
1639603128, 1, 366, 955, 777, 0, 0.93%, 13, 0, 1, 1311.79
1639603133, 1, 394, 955, 771, 0, 0.93%, 13, 0, 1, 1323.00
1639603138, 1, 439, 955, 765, 0, 0.93%, 13, 0, 1, 1372.31
1639603143, 1, 462, 955, 757, 0, 0.93%, 13, 0, 1, 1384.72
1639603148, 1, 496, 955, 748, 0, 0.93%, 13, 0, 1, 1405.46
1639603153, 1, 528, 955, 740, 0, 0.93%, 13, 0, 1, 1420.82
1639603158, 1, 562, 955, 735, 0, 0.93%, 14, 0, 1, 1391.55
1639603163, 1, 585, 955, 730, 0, 0.93%, 14, 0, 1, 1334.53
1639603168, 1, 602, 955, 727, 0, 0.93%, 14, 0, 1, 1239.41
1639603173, 1, 623, 955, 722, 0, 0.93%, 14, 0, 1, 1153.12
1639603178, 1, 639, 955, 719, 0, 0.93%, 15, 0, 1, 1055.69
1639603183, 1, 655, 955, 713, 0, 0.93%, 15, 0, 1, 1005.43
1639603188, 1, 677, 955, 708, 0, 0.93%, 15, 0, 1, 986.17
1639603194, 1, 687, 955, 705, 0, 0.93%, 15, 0, 1, 819.95
1639603199, 1, 714, 955, 701, 0, 0.93%, 15, 0, 1, 972.95
1639603204, 1, 723, 955, 696, 0, 0.93%, 15, 0, 1, 1095.57
1639603209, 1, 739, 955, 692, 0, 0.93%, 15, 0, 1, 1219.01
1639603214, 1, 776, 955, 684, 0, 0.93%, 15, 0, 1, 1301.59
1639603219, 1, 819, 955, 678, 0, 0.93%, 15, 0, 1, 1335.08
1639603224, 1, 843, 955, 673, 0, 0.93%, 15, 0, 1, 1353.20
1639603229, 1, 871, 955, 668, 0, 0.93%, 15, 0, 1, 1218.09
1639603234, 1, 899, 955, 660, 0, 0.93%, 15, 0, 1, 1158.36
1639603239, 1, 916, 955, 656, 0, 0.93%, 15, 0, 1, 1004.74
1639603244, 1, 942, 955, 652, 0, 0.93%, 15, 0, 1, 1055.89
1639603249, 2, 19, 955, 648, 0, 0.93%, 15, 0, 1, 1064.34
1639603254, 2, 50, 955, 643, 0, 0.93%, 15, 0, 1, 968.57
1639603259, 2, 72, 955, 639, 0, 0.93%, 15, 0, 1, 1003.12
1639603265, 2, 100, 955, 635, 0, 0.93%, 15, 0, 1, 1024.37
1639603270, 2, 118, 955, 632, 0, 0.93%, 15, 0, 1, 1049.82
1639603275, 2, 138, 955, 629, 0, 0.93%, 15, 0, 1, 809.21
1639603280, 2, 148, 955, 628, 0, 0.93%, 15, 0, 1, 465.99
1639603285, 2, 156, 955, 627, 0, 0.93%, 15, 0, 1, 524.68
1639603290, 2, 178, 955, 621, 0, 0.93%, 15, 0, 1, 686.31
1639603295, 2, 199, 955, 616, 0, 0.93%, 15, 0, 1, 889.51
1639603300, 2, 434, 955, 612, 1, 0.93%, 15, 0, 1, 702.26
