# unix_time, cycles_done, cur_path, paths_total, pending_total, pending_favs, map_size, unique_crashes, unique_hangs, max_depth, execs_per_sec
1639477638, 0, 0, 1, 1, 1, 0.12%, 0, 0, 1, 1600.00
1639477643, 0, 0, 77, 77, 1, 0.43%, 5, 0, 2, 1453.65
1639477648, 0, 8, 111, 107, 39, 0.48%, 5, 0, 3, 1428.54
1639477653, 0, 29, 131, 116, 30, 0.50%, 6, 0, 3, 1438.42
1639477659, 0, 49, 147, 124, 21, 0.50%, 6, 0, 3, 1443.08
1639477664, 0, 53, 164, 139, 20, 0.55%, 7, 0, 3, 1418.90
1639477669, 0, 64, 177, 148, 23, 0.56%, 7, 0, 3, 1415.17
1639477674, 0, 96, 185, 151, 22, 0.56%, 8, 0, 4, 1418.51
1639477679, 0, 134, 192, 152, 17, 0.57%, 9, 0, 4, 1416.42
1639477684, 0, 160, 197, 152, 12, 0.57%, 10, 0, 4, 1430.98
1639477689, 0, 161, 207, 161, 13, 0.61%, 10, 0, 4, 1433.02
1639477694, 0, 177, 214, 162, 17, 0.62%, 10, 0, 4, 1424.94
1639477699, 0, 186, 222, 169, 17, 0.62%, 10, 0, 5, 1419.57
1639477704, 0, 198, 228, 172, 17, 0.63%, 10, 0, 5, 1442.08
1639477709, 0, 201, 232, 173, 14, 0.63%, 10, 0, 5, 1439.94
1639477714, 0, 205, 234, 172, 15, 0.64%, 10, 0, 5, 1444.70
1639477720, 0, 211, 236, 170, 12, 0.64%, 10, 0, 5, 1438.32
1639477725, 0, 219, 238, 169, 10, 0.64%, 10, 0, 6, 1441.69
1639477730, 0, 222, 241, 170, 8, 0.64%, 10, 0, 6, 1412.37
1639477735, 0, 232, 248, 174, 6, 0.64%, 10, 0, 6, 1444.22
1639477740, 0, 240, 251, 173, 2, 0.64%, 11, 0, 7, 1446.85
1639477745, 0, 243, 252, 173, 2, 0.64%, 11, 0, 7, 1430.29
1639477750, 1, 55, 255, 173, 0, 0.64%, 11, 0, 8, 1432.39
1639477755, 1, 71, 255, 167, 0, 0.64%, 11, 0, 8, 1447.64
1639477760, 1, 91, 258, 162, 0, 0.64%, 11, 0, 8, 1415.85
1639477765, 1, 116, 258, 156, 0, 0.64%, 11, 0, 8, 1447.43
1639477770, 1, 142, 258, 148, 0, 0.64%, 11, 0, 8, 1445.47
1639477776, 1, 166, 258, 143, 0, 0.64%, 11, 0, 8, 1423.37
1639477781, 1, 189, 258, 140, 0, 0.64%, 11, 0, 8, 1427.81
1639477786, 1, 197, 259, 138, 0, 0.64%, 11, 0, 8, 1428.07
1639477791, 1, 259, 266, 145, 1, 0.65%, 11, 0, 8, 1417.79
1639477796, 1, 261, 270, 148, 2, 0.65%, 11, 0, 8, 1429.16
1639477801, 1, 261, 271, 149, 2, 0.65%, 11, 0, 8, 1435.53
1639477806, 1, 264, 273, 150, 1, 0.65%, 11, 0, 8, 1436.01
1639477811, 2, 14, 273, 149, 0, 0.65%, 11, 0, 8, 1326.18
1639477816, 2, 220, 277, 152, 1, 0.65%, 11, 0, 8, 1419.86
1639477821, 2, 273, 282, 156, 1, 0.65%, 11, 0, 8, 1438.91
1639477826, 2, 280, 284, 157, 1, 0.65%, 11, 0, 8, 1456.71
1639477832, 3, 2, 284, 155, 0, 0.65%, 11, 0, 8, 1417.76
1639477837, 3, 25, 286, 152, 0, 0.65%, 11, 0, 8, 1445.90
1639477842, 3, 52, 286, 148, 0, 0.65%, 11, 0, 8, 1416.50
1639477847, 3, 115, 287, 145, 0, 0.65%, 11, 0, 8, 2186.34
1639477852, 3, 153, 288, 142, 0, 0.65%, 11, 0, 8, 1559.47
1639477857, 3, 175, 288, 138, 0, 0.65%, 11, 0, 8, 1475.58
1639477862, 3, 186, 289, 136, 0, 0.65%, 11, 0, 8, 1424.35
1639477867, 3, 196, 289, 134, 0, 0.65%, 11, 0, 8, 1441.29
1639477872, 3, 204, 291, 135, 0, 0.65%, 11, 0, 8, 1430.93
1639477878, 3, 208, 293, 137, 0, 0.65%, 11, 0, 8, 1420.58
1639477883, 3, 213, 294, 136, 0, 0.65%, 11, 0, 8, 1413.44
1639477888, 3, 221, 294, 135, 0, 0.65%, 12, 0, 8, 1393.74
1639477893, 3, 231, 296, 136, 0, 0.65%, 12, 0, 8, 1396.97
1639477898, 3, 235, 298, 137, 0, 0.65%, 12, 0, 8, 1442.87
1639477903, 3, 248, 298, 135, 0, 0.65%, 13, 0, 8, 1431.12
1639477908, 3, 255, 300, 135, 0, 0.65%, 13, 0, 8, 1413.71
1639477913, 3, 256, 304, 138, 0, 0.71%, 13, 0, 8, 1422.08
1639477918, 3, 303, 305, 137, 3, 0.71%, 13, 0, 8, 1442.05
1639477924, 4, 47, 305, 132, 0, 0.71%, 13, 0, 8, 1446.74
1639477929, 4, 75, 305, 131, 0, 0.71%, 13, 0, 8, 1456.42
1639477934, 4, 120, 306, 127, 0, 0.71%, 13, 0, 8, 1455.86
