# unix_time, cycles_done, cur_path, paths_total, pending_total, pending_favs, map_size, unique_crashes, unique_hangs, max_depth, execs_per_sec
1639603937, 0, 0, 1134, 1134, 94, 0.78%, 0, 0, 1, 1022.31
1639603942, 0, 90, 1134, 1125, 85, 0.78%, 2, 0, 1, 1272.12
1639603947, 0, 172, 1134, 1114, 76, 0.78%, 3, 0, 1, 1365.07
1639603952, 0, 375, 1134, 1101, 63, 0.78%, 4, 0, 1, 1403.23
1639603957, 0, 442, 1134, 1092, 54, 0.78%, 4, 0, 1, 1412.39
1639603963, 0, 597, 1134, 1083, 45, 0.78%, 4, 0, 1, 1407.41
1639603968, 0, 673, 1134, 1074, 35, 0.78%, 4, 0, 1, 1405.82
1639603973, 0, 780, 1134, 1065, 26, 0.78%, 4, 0, 1, 1398.76
1639603978, 0, 904, 1134, 1054, 16, 0.78%, 4, 0, 1, 1367.51
1639603983, 0, 1064, 1134, 1041, 5, 0.78%, 4, 0, 1, 1379.64
1639603988, 1, 17, 1134, 1033, 0, 0.78%, 5, 0, 1, 1399.44
1639603993, 1, 49, 1134, 1027, 0, 0.78%, 7, 0, 1, 1400.75
1639603999, 1, 63, 1134, 1017, 0, 0.78%, 8, 0, 1, 1389.75
1639604004, 1, 93, 1134, 1012, 0, 0.78%, 8, 0, 1, 1363.67
1639604009, 1, 116, 1134, 1005, 0, 0.78%, 8, 0, 1, 1385.88
1639604014, 1, 147, 1134, 999, 0, 0.78%, 8, 0, 1, 1367.90
1639604019, 1, 167, 1134, 991, 0, 0.78%, 8, 0, 1, 1380.59
1639604024, 1, 205, 1134, 983, 0, 0.78%, 8, 0, 1, 1381.35
1639604029, 1, 259, 1134, 975, 0, 0.78%, 8, 0, 1, 1405.75
1639604034, 1, 287, 1134, 967, 0, 0.78%, 8, 0, 1, 1419.12
1639604039, 1, 320, 1134, 960, 0, 0.78%, 8, 0, 1, 1448.71
1639604044, 1, 368, 1134, 954, 0, 0.78%, 8, 0, 1, 1467.46
1639604049, 1, 392, 1134, 949, 0, 0.78%, 8, 0, 1, 1474.42
1639604054, 1, 427, 1134, 943, 0, 0.78%, 8, 0, 1, 1471.64
1639604059, 1, 452, 1134, 937, 0, 0.78%, 8, 0, 1, 1466.46
1639604065, 1, 493, 1134, 929, 0, 0.78%, 8, 0, 1, 1446.74
1639604070, 1, 526, 1134, 920, 0, 0.78%, 8, 0, 1, 1445.68
1639604075, 1, 542, 1134, 913, 0, 0.78%, 8, 0, 1, 1445.02
1639604080, 1, 577, 1134, 904, 0, 0.78%, 8, 0, 1, 1476.39
1639604085, 1, 612, 1134, 896, 0, 0.78%, 9, 0, 1, 1431.58
1639604090, 1, 643, 1134, 890, 0, 0.78%, 10, 0, 1, 1427.77
1639604095, 1, 659, 1134, 883, 0, 0.78%, 10, 0, 1, 1390.55
1639604100, 1, 678, 1134, 877, 0, 0.78%, 10, 0, 1, 1416.07
1639604105, 1, 710, 1134, 871, 0, 0.78%, 10, 0, 1, 1425.18
1639604111, 1, 745, 1134, 864, 0, 0.78%, 10, 0, 1, 1425.17
1639604116, 1, 778, 1134, 856, 0, 0.78%, 10, 0, 1, 1431.38
1639604121, 1, 811, 1134, 849, 0, 0.78%, 10, 0, 1, 1390.78
1639604126, 1, 850, 1134, 843, 0, 0.78%, 10, 0, 1, 1393.52
1639604131, 1, 885, 1134, 835, 0, 0.78%, 10, 0, 1, 1344.75
1639604136, 1, 917, 1134, 831, 0, 0.78%, 10, 0, 1, 1352.22
1639604141, 1, 946, 1134, 824, 0, 0.78%, 10, 0, 1, 1377.57
1639604146, 1, 963, 1134, 819, 0, 0.78%, 10, 0, 1, 1373.10
1639604151, 1, 1004, 1134, 810, 0, 0.78%, 10, 0, 1, 1358.20
1639604156, 1, 1034, 1134, 802, 0, 0.78%, 10, 0, 1, 1357.99
1639604161, 1, 1064, 1134, 795, 0, 0.78%, 10, 0, 1, 1331.60
1639604166, 1, 1086, 1134, 788, 0, 0.78%, 10, 0, 1, 1336.26
1639604171, 1, 1108, 1134, 781, 0, 0.78%, 10, 0, 1, 1332.78
1639604176, 2, 7, 1134, 773, 0, 0.78%, 10, 0, 1, 1327.48
1639604182, 2, 36, 1134, 768, 0, 0.78%, 10, 0, 1, 1339.11
1639604187, 2, 80, 1134, 761, 0, 0.78%, 10, 0, 1, 1352.71
1639604192, 2, 104, 1134, 756, 0, 0.78%, 10, 0, 1, 1380.48
1639604197, 2, 146, 1134, 752, 0, 0.78%, 10, 0, 1, 1437.03
1639604202, 2, 186, 1134, 745, 0, 0.78%, 10, 0, 1, 1709.40
1639604207, 2, 232, 1134, 737, 0, 0.78%, 10, 0, 1, 1424.78
1639604212, 2, 271, 1134, 730, 0, 0.78%, 10, 0, 1, 1368.36
1639604217, 2, 308, 1134, 726, 0, 0.78%, 10, 0, 1, 1369.03
1639604223, 2, 355, 1134, 720, 0, 0.78%, 10, 0, 1, 1396.34
1639604228, 2, 388, 1134, 713, 0, 0.78%, 10, 0, 1, 1424.52
