# unix_time, cycles_done, cur_path, paths_total, pending_total, pending_favs, map_size, unique_crashes, unique_hangs, max_depth, execs_per_sec
1639560397, 0, 0, 428, 428, 75, 0.62%, 0, 0, 1, 1245.09
1639560402, 0, 66, 428, 418, 65, 0.62%, 9, 0, 1, 1184.43
1639560407, 0, 123, 428, 409, 57, 0.62%, 10, 0, 1, 1207.73
1639560412, 0, 154, 428, 401, 49, 0.62%, 12, 0, 1, 1173.44
1639560417, 0, 191, 428, 393, 41, 0.62%, 13, 0, 1, 1226.65
1639560422, 0, 229, 428, 386, 34, 0.62%, 13, 0, 1, 1137.32
1639560427, 0, 270, 428, 377, 25, 0.62%, 13, 0, 1, 1162.03
1639560432, 0, 319, 428, 370, 19, 0.62%, 13, 0, 1, 1157.42
1639560437, 0, 347, 429, 364, 12, 0.62%, 14, 0, 2, 1179.82
1639560442, 0, 386, 430, 359, 6, 0.62%, 14, 0, 2, 1177.20
1639560447, 1, 13, 430, 350, 0, 0.62%, 14, 0, 2, 1167.79
1639560452, 1, 36, 430, 343, 0, 0.62%, 15, 0, 2, 1117.65
1639560457, 1, 46, 430, 340, 0, 0.62%, 16, 0, 2, 1118.67
1639560462, 1, 73, 430, 338, 0, 0.62%, 16, 0, 2, 1145.02
1639560467, 1, 117, 430, 334, 0, 0.62%, 16, 0, 2, 1174.56
1639560472, 1, 130, 430, 329, 0, 0.62%, 17, 0, 2, 1136.84
1639560478, 1, 152, 430, 327, 0, 0.62%, 17, 0, 2, 1115.78
1639560483, 1, 177, 430, 325, 0, 0.62%, 17, 0, 2, 1146.91
1639560488, 1, 196, 430, 322, 0, 0.62%, 17, 0, 2, 1190.71
1639560493, 1, 214, 430, 318, 0, 0.62%, 18, 0, 2, 1690.00
1639560498, 1, 224, 431, 316, 0, 0.62%, 18, 0, 2, 360.31
1639560503, 1, 243, 431, 313, 0, 0.62%, 18, 0, 2, 154.51
1639560508, 1, 261, 431, 311, 0, 0.62%, 18, 0, 2, 1004.30
1639560513, 1, 273, 431, 308, 0, 0.62%, 18, 0, 2, 1072.13
1639560518, 1, 295, 431, 303, 0, 0.62%, 18, 0, 2, 1031.61
1639560523, 1, 372, 431, 297, 0, 0.62%, 18, 0, 2, 1099.11
1639560528, 1, 383, 431, 293, 0, 0.62%, 18, 0, 2, 1098.78
1639560533, 1, 402, 431, 288, 0, 0.62%, 19, 0, 2, 1095.67
1639560538, 2, 17, 432, 286, 0, 0.62%, 19, 0, 3, 1102.64
1639560543, 2, 45, 432, 283, 0, 0.62%, 19, 0, 3, 1096.89
1639560548, 2, 66, 432, 279, 0, 0.62%, 19, 0, 3, 1125.81
1639560553, 2, 77, 432, 277, 0, 0.62%, 19, 0, 3, 1068.86
1639560559, 2, 109, 432, 273, 0, 0.62%, 19, 0, 3, 1113.87
1639560564, 2, 134, 432, 269, 0, 0.62%, 19, 0, 3, 1036.47
1639560569, 2, 152, 432, 266, 0, 0.62%, 19, 0, 3, 947.31
1639560574, 2, 163, 432, 262, 0, 0.62%, 19, 0, 3, 1013.94
1639560579, 2, 187, 432, 258, 0, 0.62%, 19, 0, 3, 1074.98
1639560584, 2, 208, 432, 256, 0, 0.62%, 19, 0, 3, 1106.16
1639560589, 2, 222, 432, 252, 0, 0.62%, 19, 0, 3, 1085.56
1639560594, 2, 237, 432, 249, 0, 0.62%, 19, 0, 3, 1138.08
1639560599, 2, 262, 432, 247, 0, 0.62%, 19, 0, 3, 1051.88
1639560604, 2, 296, 432, 242, 0, 0.62%, 19, 0, 3, 1112.63
1639560609, 2, 306, 432, 238, 0, 0.62%, 19, 0, 3, 1092.40
1639560614, 2, 323, 432, 234, 0, 0.62%, 19, 0, 3, 1131.64
1639560619, 2, 338, 432, 228, 0, 0.62%, 20, 0, 3, 1106.03
1639560624, 2, 347, 432, 227, 0, 0.62%, 21, 0, 3, 1115.63
1639560629, 2, 372, 432, 223, 0, 0.62%, 21, 0, 3, 1145.07
1639560635, 2, 394, 432, 218, 0, 0.62%, 21, 0, 3, 1158.11
1639560640, 2, 414, 432, 214, 0, 0.62%, 21, 0, 3, 1134.84
1639560645, 3, 3, 432, 209, 0, 0.62%, 21, 0, 3, 1093.47
1639560650, 3, 24, 432, 203, 0, 0.62%, 21, 0, 3, 1054.75
1639560655, 3, 45, 432, 200, 0, 0.62%, 21, 0, 3, 1111.42
1639560660, 3, 68, 432, 198, 0, 0.62%, 21, 0, 3, 1107.39
1639560665, 3, 95, 432, 195, 0, 0.62%, 21, 0, 3, 1125.54
1639560670, 3, 116, 432, 191, 0, 0.62%, 21, 0, 3, 1111.47
1639560675, 3, 136, 432, 187, 0, 0.62%, 21, 0, 3, 1134.39
1639560680, 3, 160, 432, 185, 0, 0.62%, 23, 0, 3, 1138.72
1639560685, 3, 179, 432, 181, 0, 0.62%, 23, 0, 3, 1107.61
1639560690, 3, 197, 432, 178, 0, 0.62%, 24, 0, 3, 1395.53
