# unix_time, cycles_done, cur_path, paths_total, pending_total, pending_favs, map_size, unique_crashes, unique_hangs, max_depth, execs_per_sec
1639483971, 0, 0, 1, 1, 1, 0.12%, 0, 0, 1, 2000.00
1639483976, 0, 0, 85, 85, 1, 0.47%, 5, 0, 2, 1561.28
1639483981, 0, 7, 108, 107, 38, 0.50%, 5, 0, 3, 1470.52
1639483986, 0, 38, 120, 109, 32, 0.50%, 6, 0, 3, 1411.97
1639483991, 0, 40, 134, 121, 34, 0.52%, 6, 0, 3, 1426.19
1639483997, 0, 54, 146, 126, 27, 0.52%, 6, 0, 3, 1437.48
1639484002, 0, 75, 151, 124, 21, 0.52%, 9, 0, 3, 1441.33
1639484007, 0, 86, 171, 139, 16, 0.55%, 9, 0, 3, 1440.84
1639484012, 0, 112, 176, 138, 19, 0.56%, 10, 0, 4, 1444.91
1639484017, 0, 151, 182, 136, 10, 0.56%, 10, 0, 4, 1433.77
1639484022, 0, 164, 191, 144, 9, 0.56%, 10, 0, 4, 1443.31
1639484027, 0, 173, 196, 144, 4, 0.57%, 10, 0, 5, 1449.58
1639484032, 0, 177, 202, 148, 5, 0.58%, 10, 0, 5, 1433.84
1639484037, 0, 180, 208, 153, 5, 0.59%, 10, 0, 5, 1447.74
1639484042, 0, 196, 216, 158, 5, 0.61%, 10, 0, 6, 1452.96
1639484047, 0, 196, 219, 161, 5, 0.61%, 10, 0, 6, 1447.90
1639484052, 0, 214, 219, 156, 5, 0.61%, 10, 0, 6, 1431.43
1639484057, 0, 219, 222, 155, 2, 0.61%, 10, 0, 8, 1444.57
1639484062, 0, 222, 231, 163, 2, 0.65%, 10, 0, 9, 1444.55
1639484067, 0, 222, 236, 168, 2, 0.66%, 10, 0, 9, 1448.60
1639484072, 0, 225, 240, 170, 11, 0.67%, 10, 0, 10, 1413.00
1639484077, 0, 225, 241, 171, 11, 0.67%, 10, 0, 10, 1429.35
1639484083, 0, 229, 241, 169, 10, 0.67%, 10, 0, 10, 1438.17
1639484088, 0, 234, 241, 165, 6, 0.67%, 10, 0, 10, 1450.12
1639484093, 0, 235, 244, 167, 6, 0.67%, 10, 0, 10, 1451.24
1639484098, 0, 236, 248, 170, 5, 0.68%, 10, 0, 10, 1452.44
1639484103, 0, 239, 254, 174, 7, 0.68%, 10, 0, 11, 1453.51
1639484108, 0, 241, 263, 182, 6, 0.69%, 10, 0, 11, 1431.72
1639484113, 0, 248, 265, 182, 9, 0.69%, 10, 0, 11, 1427.16
1639484118, 0, 251, 267, 183, 8, 0.69%, 10, 0, 11, 1440.95
1639484123, 0, 253, 270, 185, 7, 0.69%, 10, 0, 12, 1435.17
1639484128, 0, 255, 270, 184, 6, 0.69%, 10, 0, 12, 1451.35
1639484133, 0, 257, 276, 189, 5, 0.70%, 10, 0, 12, 1436.49
1639484139, 0, 258, 278, 190, 7, 0.70%, 10, 0, 12, 1443.02
1639484144, 0, 261, 282, 193, 6, 0.70%, 10, 0, 12, 1440.67
1639484149, 0, 262, 285, 195, 6, 0.70%, 10, 0, 12, 1438.51
1639484154, 0, 271, 288, 197, 5, 0.70%, 10, 0, 13, 1441.25
1639484159, 0, 272, 289, 197, 5, 0.70%, 10, 0, 13, 1435.61
1639484164, 0, 273, 292, 199, 5, 0.70%, 10, 0, 13, 1450.33
1639484169, 0, 279, 294, 200, 5, 0.70%, 10, 0, 13, 1433.31
1639484174, 0, 287, 294, 198, 5, 0.70%, 10, 0, 13, 1418.78
1639484179, 0, 288, 297, 200, 4, 0.70%, 10, 0, 14, 1412.50
1639484184, 0, 289, 297, 199, 3, 0.70%, 11, 0, 14, 1424.39
1639484189, 0, 293, 299, 200, 3, 0.70%, 11, 0, 14, 1409.28
1639484194, 1, 40, 299, 194, 0, 0.70%, 11, 0, 14, 1434.92
1639484199, 1, 299, 301, 193, 2, 0.71%, 12, 0, 14, 1420.98
1639484205, 1, 300, 302, 193, 1, 0.71%, 12, 0, 14, 1429.69
1639484210, 2, 225, 305, 193, 1, 0.71%, 12, 0, 14, 1442.43
1639484215, 3, 11, 307, 189, 0, 0.71%, 12, 0, 14, 1446.37
1639484220, 3, 40, 308, 186, 0, 0.71%, 12, 0, 14, 1458.22
1639484225, 3, 58, 308, 184, 0, 0.71%, 12, 0, 14, 1454.75
1639484230, 3, 86, 308, 183, 0, 0.71%, 12, 0, 14, 1406.46
1639484235, 3, 107, 308, 181, 0, 0.71%, 12, 0, 14, 1444.99
1639484240, 3, 137, 308, 171, 0, 0.71%, 12, 0, 14, 2120.18
1639484246, 3, 157, 310, 166, 0, 0.71%, 12, 0, 14, 1644.31
1639484251, 3, 174, 310, 162, 0, 0.71%, 12, 0, 14, 1475.73
1639484256, 3, 191, 310, 159, 0, 0.71%, 12, 0, 14, 1440.76
1639484261, 3, 207, 311, 157, 0, 0.71%, 12, 0, 14, 1417.68
1639484266, 3, 217, 311, 157, 0, 0.71%, 12, 0, 14, 1432.42
1639484271, 3, 226, 311, 157, 0, 0.71%, 12, 0, 14, 1435.94
