# unix_time, cycles_done, cur_path, paths_total, pending_total, pending_favs, map_size, unique_crashes, unique_hangs, max_depth, execs_per_sec
1639593644, 0, 0, 1, 1, 1, 0.12%, 0, 0, 1, 1333.33
1639593649, 0, 0, 71, 71, 1, 0.45%, 3, 0, 2, 1323.14
1639593654, 0, 12, 102, 99, 39, 0.48%, 4, 0, 3, 1338.04
1639593659, 0, 21, 113, 106, 37, 0.49%, 5, 0, 3, 1305.95
1639593664, 0, 48, 122, 103, 28, 0.50%, 6, 0, 3, 1285.37
1639593669, 0, 58, 135, 110, 24, 0.52%, 6, 0, 3, 1300.89
1639593674, 0, 72, 144, 112, 15, 0.52%, 6, 0, 3, 1354.45
1639593679, 0, 113, 150, 111, 12, 0.57%, 10, 0, 4, 1402.11
1639593684, 0, 118, 162, 121, 11, 0.58%, 10, 0, 4, 1445.46
1639593689, 0, 128, 168, 124, 15, 0.59%, 10, 0, 4, 1428.04
1639593694, 0, 131, 177, 131, 15, 0.59%, 10, 0, 4, 1415.12
1639593699, 0, 148, 186, 138, 13, 0.60%, 10, 0, 5, 1410.42
1639593704, 0, 150, 191, 142, 15, 0.61%, 10, 0, 5, 1433.51
1639593709, 0, 157, 193, 140, 14, 0.62%, 10, 0, 5, 1448.08
1639593714, 0, 165, 194, 138, 12, 0.62%, 10, 0, 5, 1452.31
1639593719, 0, 171, 196, 138, 10, 0.62%, 10, 0, 5, 1450.25
1639593724, 0, 189, 197, 135, 6, 0.62%, 10, 0, 6, 1461.98
1639593730, 0, 197, 203, 137, 4, 0.64%, 10, 0, 7, 1456.05
1639593735, 0, 197, 214, 148, 4, 0.67%, 12, 0, 7, 1417.30
1639593740, 0, 205, 220, 151, 11, 0.69%, 12, 0, 7, 1450.09
1639593745, 0, 206, 227, 157, 12, 0.70%, 13, 0, 8, 1404.43
1639593750, 0, 211, 230, 157, 12, 0.70%, 13, 0, 8, 1425.29
1639593755, 0, 212, 234, 160, 11, 0.70%, 13, 0, 8, 192.49
1639593760, 0, 218, 239, 162, 11, 0.70%, 13, 0, 8, 486.08
1639593765, 0, 220, 242, 163, 10, 0.70%, 13, 0, 8, 1251.31
1639593771, 0, 221, 243, 163, 9, 0.70%, 13, 0, 9, 1401.65
1639593776, 0, 225, 246, 164, 7, 0.70%, 14, 0, 9, 1433.96
1639593781, 0, 229, 249, 166, 7, 0.70%, 14, 0, 9, 1433.58
1639593786, 0, 239, 251, 165, 5, 0.73%, 14, 0, 9, 1408.70
1639593791, 0, 239, 254, 168, 5, 0.74%, 14, 0, 9, 1376.07
1639593796, 0, 244, 257, 170, 5, 0.74%, 14, 0, 10, 1409.08
1639593801, 0, 249, 267, 179, 5, 0.75%, 14, 0, 10, 1444.98
1639593806, 0, 251, 270, 181, 13, 0.76%, 14, 0, 10, 1418.97
1639593817, 0, 259, 273, 181, 13, 0.77%, 14, 0, 11, 1996.94
1639593822, 0, 262, 277, 182, 11, 0.77%, 14, 0, 11, 1590.01
1639593827, 0, 266, 278, 180, 8, 0.78%, 14, 0, 11, 1401.05
1639593832, 0, 269, 283, 184, 7, 0.78%, 14, 0, 11, 1421.14
1639593837, 0, 272, 285, 184, 5, 0.78%, 14, 0, 12, 1445.79
1639593842, 0, 277, 288, 185, 3, 0.78%, 14, 0, 12, 1438.54
1639593847, 1, 45, 288, 181, 0, 0.78%, 14, 0, 12, 1356.63
1639593852, 1, 58, 289, 180, 0, 0.78%, 14, 0, 12, 1289.20
1639593857, 1, 77, 289, 178, 0, 0.78%, 15, 0, 12, 1290.14
1639593862, 1, 130, 289, 173, 0, 0.78%, 15, 0, 12, 1254.91
1639593867, 1, 271, 290, 172, 1, 0.78%, 15, 0, 12, 1268.42
1639593872, 1, 289, 292, 173, 1, 0.78%, 15, 0, 12, 1332.77
1639593877, 1, 291, 294, 174, 2, 0.78%, 15, 0, 12, 1370.61
1639593882, 1, 292, 295, 174, 2, 0.78%, 15, 0, 12, 1363.24
1639593887, 1, 293, 298, 176, 1, 0.78%, 15, 0, 12, 1325.48
1639593892, 1, 295, 299, 176, 2, 0.78%, 15, 0, 12, 1328.65
1639593898, 1, 296, 299, 175, 1, 0.78%, 15, 0, 12, 1337.91
1639593903, 1, 297, 300, 175, 0, 0.78%, 15, 0, 12, 1387.89
1639593908, 1, 297, 301, 176, 0, 0.78%, 15, 0, 12, 1407.39
1639593913, 2, 21, 301, 169, 0, 0.78%, 15, 0, 12, 1379.44
1639593918, 2, 51, 301, 167, 0, 0.78%, 15, 0, 12, 1380.52
1639593923, 2, 63, 304, 169, 0, 0.78%, 15, 0, 12, 1413.28
1639593928, 2, 80, 304, 165, 0, 0.78%, 15, 0, 12, 1449.26
1639593933, 2, 117, 304, 159, 0, 0.78%, 15, 0, 12, 1464.45
1639593938, 2, 148, 304, 154, 0, 0.78%, 15, 0, 12, 1452.51
1639593943, 2, 156, 304, 153, 0, 0.78%, 15, 0, 12, 1470.39
