# unix_time, cycles_done, cur_path, paths_total, pending_total, pending_favs, map_size, unique_crashes, unique_hangs, max_depth, execs_per_sec
1639562547, 0, 0, 940, 940, 107, 0.97%, 0, 0, 1, 1161.57
1639562552, 0, 111, 940, 927, 94, 0.97%, 3, 0, 1, 1352.01
1639562557, 0, 190, 940, 918, 86, 0.97%, 3, 0, 1, 1353.22
1639562562, 0, 255, 940, 909, 79, 0.97%, 4, 0, 1, 1363.41
1639562567, 0, 332, 940, 900, 71, 0.97%, 4, 0, 1, 1368.59
1639562573, 0, 389, 940, 893, 66, 0.97%, 4, 0, 1, 1316.07
1639562578, 0, 435, 940, 885, 59, 0.97%, 4, 0, 1, 1313.95
1639562583, 0, 460, 940, 878, 53, 0.97%, 4, 0, 1, 1350.88
1639562588, 0, 524, 940, 868, 43, 0.97%, 4, 0, 1, 1359.49
1639562593, 0, 601, 940, 858, 34, 0.97%, 4, 0, 1, 1391.92
1639562598, 0, 689, 940, 848, 26, 0.97%, 4, 0, 1, 1360.41
1639562603, 0, 773, 940, 838, 16, 0.97%, 4, 0, 1, 1299.84
1639562608, 0, 890, 940, 825, 5, 0.97%, 4, 0, 1, 1372.43
1639562613, 1, 14, 940, 818, 0, 0.97%, 4, 0, 1, 1378.61
1639562618, 1, 44, 940, 811, 0, 0.97%, 4, 0, 1, 1371.05
1639562624, 1, 70, 940, 805, 0, 0.97%, 4, 0, 1, 1358.94
1639562629, 1, 89, 940, 800, 0, 0.97%, 4, 0, 1, 1380.76
1639562634, 1, 117, 940, 795, 0, 0.97%, 5, 0, 1, 1321.89
1639562639, 1, 152, 940, 788, 0, 0.97%, 5, 0, 1, 1352.39
1639562644, 1, 172, 940, 783, 0, 0.97%, 5, 0, 1, 1365.41
1639562649, 1, 190, 940, 778, 0, 0.97%, 5, 0, 1, 1344.33
1639562654, 1, 236, 940, 774, 0, 0.97%, 5, 0, 1, 1367.24
1639562659, 1, 258, 940, 767, 0, 0.97%, 5, 0, 1, 1356.97
1639562665, 1, 280, 940, 761, 0, 0.97%, 5, 0, 1, 1357.33
1639562670, 1, 305, 941, 755, 0, 0.97%, 5, 0, 2, 1339.72
1639562675, 1, 333, 941, 750, 0, 0.97%, 6, 0, 2, 1396.63
1639562680, 1, 352, 941, 745, 0, 0.97%, 6, 0, 2, 1343.98
1639562685, 1, 387, 941, 741, 0, 0.97%, 6, 0, 2, 1367.55
1639562690, 1, 413, 941, 736, 0, 0.97%, 6, 0, 2, 1387.48
1639562695, 1, 431, 941, 732, 0, 0.97%, 7, 0, 2, 1362.27
1639562700, 1, 447, 941, 729, 0, 0.97%, 8, 0, 2, 1358.64
1639562706, 1, 473, 941, 725, 0, 0.97%, 8, 0, 2, 1358.44
1639562711, 1, 494, 941, 719, 0, 0.97%, 8, 0, 2, 1371.03
1639562716, 1, 510, 941, 714, 0, 0.97%, 8, 0, 2, 1368.57
1639562721, 1, 534, 941, 710, 0, 0.97%, 8, 0, 2, 1357.34
1639562726, 1, 575, 941, 702, 0, 0.97%, 9, 0, 2, 1360.06
1639562731, 1, 605, 941, 698, 0, 0.97%, 9, 0, 2, 1395.77
1639562736, 1, 619, 941, 692, 0, 0.97%, 9, 0, 2, 1362.32
1639562741, 1, 656, 941, 686, 0, 0.97%, 9, 0, 2, 1371.50
1639562746, 1, 678, 941, 680, 0, 0.97%, 9, 0, 2, 1356.00
1639562751, 1, 702, 941, 673, 0, 0.97%, 9, 0, 2, 1352.26
1639562756, 1, 739, 941, 667, 0, 0.97%, 11, 0, 2, 1370.56
1639562761, 1, 759, 941, 663, 0, 0.97%, 12, 0, 2, 1379.72
1639562766, 1, 795, 941, 656, 0, 0.97%, 12, 0, 2, 1367.81
1639562771, 1, 842, 941, 649, 0, 0.97%, 12, 0, 2, 1354.37
1639562776, 1, 861, 941, 645, 0, 0.97%, 12, 0, 2, 1359.27
1639562782, 1, 890, 941, 639, 0, 0.97%, 12, 0, 2, 1353.57
1639562787, 1, 908, 941, 633, 0, 0.97%, 12, 0, 2, 1335.94
1639562792, 1, 936, 941, 629, 0, 0.97%, 12, 0, 2, 1357.38
1639562797, 2, 38, 941, 622, 0, 0.97%, 12, 0, 2, 1371.63
1639562802, 2, 55, 941, 614, 0, 0.97%, 12, 0, 2, 1377.14
1639562807, 2, 95, 941, 608, 0, 0.97%, 12, 0, 2, 1473.62
1639562812, 2, 145, 941, 604, 0, 0.97%, 12, 0, 2, 1368.44
1639562817, 2, 177, 941, 599, 0, 0.97%, 13, 0, 2, 1380.02
1639562822, 2, 215, 941, 594, 0, 0.97%, 13, 0, 2, 1382.65
1639562827, 2, 228, 941, 589, 0, 0.97%, 13, 0, 2, 1369.30
1639562832, 2, 265, 941, 583, 0, 0.97%, 13, 0, 2, 1370.00
1639562838, 2, 320, 941, 579, 0, 0.97%, 13, 0, 2, 1371.35
