# unix_time, cycles_done, cur_path, paths_total, pending_total, pending_favs, map_size, unique_crashes, unique_hangs, max_depth, execs_per_sec
1639523591, 0, 0, 1, 1, 1, 0.12%, 0, 0, 1, 2000.00
1639523596, 0, 0, 78, 78, 1, 0.44%, 4, 0, 2, 1500.01
1639523601, 0, 4, 92, 91, 40, 0.46%, 4, 0, 3, 1388.53
1639523606, 0, 12, 129, 124, 46, 0.51%, 4, 0, 3, 1359.20
1639523611, 0, 48, 139, 120, 32, 0.51%, 4, 0, 3, 1376.58
1639523616, 0, 67, 154, 127, 25, 0.54%, 4, 0, 3, 1365.34
1639523621, 0, 91, 162, 126, 16, 0.58%, 4, 0, 4, 1376.47
1639523626, 0, 99, 172, 134, 17, 0.61%, 4, 0, 4, 1403.25
1639523631, 0, 120, 176, 134, 16, 0.61%, 7, 0, 4, 1399.32
1639523637, 0, 150, 184, 134, 11, 0.61%, 7, 0, 4, 1364.39
1639523642, 0, 163, 185, 132, 8, 0.61%, 8, 0, 4, 1386.15
1639523647, 0, 165, 189, 134, 8, 0.62%, 8, 0, 5, 1397.42
1639523652, 0, 169, 192, 136, 9, 0.62%, 9, 0, 5, 1354.36
1639523657, 0, 180, 201, 141, 12, 0.67%, 9, 0, 5, 1366.04
1639523662, 0, 185, 204, 142, 10, 0.67%, 9, 0, 6, 1428.54
1639523667, 0, 195, 208, 141, 6, 0.67%, 9, 0, 6, 1441.08
1639523672, 0, 203, 209, 137, 3, 0.68%, 9, 0, 6, 1422.22
1639523677, 0, 207, 216, 143, 2, 0.68%, 9, 0, 7, 1399.01
1639523683, 0, 210, 223, 148, 6, 0.70%, 9, 0, 8, 1394.55
1639523688, 0, 214, 227, 150, 7, 0.70%, 9, 0, 8, 1400.09
1639523693, 0, 219, 232, 152, 4, 0.70%, 9, 0, 9, 1405.88
1639523698, 0, 220, 235, 154, 4, 0.70%, 9, 0, 9, 1385.76
1639523703, 0, 224, 242, 159, 2, 0.70%, 10, 0, 9, 1390.35
1639523708, 1, 4, 248, 163, 0, 0.70%, 10, 0, 10, 1439.34
1639523713, 1, 29, 251, 162, 0, 0.70%, 10, 0, 10, 1459.66
1639523718, 1, 251, 257, 165, 1, 0.70%, 10, 0, 10, 1409.71
1639523723, 2, 4, 258, 163, 0, 0.70%, 10, 0, 10, 1391.47
1639523728, 2, 27, 259, 161, 0, 0.70%, 10, 0, 10, 1366.37
1639523733, 2, 61, 261, 158, 0, 0.70%, 10, 0, 10, 1402.84
1639523739, 2, 84, 265, 157, 0, 0.70%, 10, 0, 10, 1421.03
1639523744, 2, 115, 267, 153, 0, 0.70%, 10, 0, 10, 1412.64
1639523749, 2, 144, 268, 148, 0, 0.70%, 10, 0, 10, 1390.47
1639523754, 2, 161, 269, 148, 0, 0.72%, 11, 0, 10, 1399.04
1639523759, 2, 268, 269, 148, 1, 0.72%, 11, 0, 10, 1388.78
1639523764, 3, 260, 271, 148, 1, 0.72%, 11, 0, 10, 1412.80
1639523769, 4, 21, 271, 145, 0, 0.72%, 11, 0, 10, 1402.65
1639523774, 4, 52, 271, 143, 0, 0.72%, 11, 0, 10, 1404.52
1639523780, 4, 81, 271, 140, 0, 0.72%, 11, 0, 10, 1394.57
1639523785, 4, 117, 271, 136, 0, 0.72%, 11, 0, 10, 1387.04
1639523790, 4, 147, 271, 129, 0, 0.72%, 11, 0, 10, 1406.63
1639523795, 4, 161, 271, 127, 0, 0.72%, 11, 0, 10, 1390.85
1639523800, 4, 175, 271, 127, 0, 0.72%, 11, 0, 10, 1383.46
1639523805, 4, 185, 271, 125, 0, 0.72%, 11, 0, 10, 1368.82
1639523810, 4, 271, 276, 130, 2, 0.76%, 11, 0, 10, 1360.42
1639523815, 4, 271, 277, 131, 2, 0.76%, 11, 0, 10, 1345.25
1639523820, 4, 272, 279, 132, 5, 0.76%, 11, 0, 10, 1276.51
1639523825, 4, 272, 280, 133, 5, 0.76%, 11, 0, 10, 1263.44
1639523831, 4, 273, 281, 133, 4, 0.76%, 11, 0, 10, 1255.01
1639523836, 4, 274, 293, 144, 4, 0.78%, 11, 0, 10, 1283.48
1639523841, 4, 274, 296, 147, 4, 0.79%, 11, 0, 10, 1301.88
1639523846, 4, 276, 296, 145, 11, 0.79%, 11, 0, 10, 1313.34
1639523851, 4, 276, 297, 146, 11, 0.79%, 11, 0, 10, 1302.45
1639523856, 4, 280, 300, 148, 10, 0.79%, 11, 0, 10, 1296.84
1639523861, 4, 283, 300, 147, 9, 0.79%, 11, 0, 10, 1263.78
1639523866, 4, 284, 300, 146, 8, 0.79%, 11, 0, 10, 1192.02
1639523876, 4, 286, 300, 144, 6, 0.79%, 11, 0, 10, 1874.26
1639523882, 4, 287, 301, 144, 5, 0.79%, 11, 0, 10, 1399.34
