# unix_time, cycles_done, cur_path, paths_total, pending_total, pending_favs, map_size, unique_crashes, unique_hangs, max_depth, execs_per_sec
1639509722, 0, 0, 1, 1, 1, 0.12%, 0, 0, 1, 888.89
1639509727, 0, 0, 77, 77, 1, 0.45%, 5, 0, 2, 1270.41
1639509732, 0, 11, 94, 90, 34, 0.45%, 5, 0, 3, 1256.29
1639509737, 0, 31, 113, 101, 30, 0.48%, 5, 0, 3, 1301.31
1639509743, 0, 42, 135, 117, 24, 0.52%, 5, 0, 3, 1315.06
1639509748, 0, 48, 148, 126, 22, 0.52%, 5, 0, 3, 1332.94
1639509753, 0, 67, 156, 128, 18, 0.52%, 5, 0, 3, 1298.13
1639509758, 0, 97, 171, 138, 19, 0.54%, 7, 0, 4, 1220.26
1639509763, 0, 109, 180, 145, 19, 0.55%, 7, 0, 4, 1159.37
1639509768, 0, 127, 187, 149, 18, 0.55%, 7, 0, 4, 1139.77
1639509773, 0, 131, 190, 150, 15, 0.55%, 7, 0, 4, 1153.09
1639509778, 0, 163, 199, 155, 11, 0.56%, 7, 0, 4, 1214.46
1639509783, 0, 165, 204, 159, 14, 0.57%, 7, 0, 4, 1226.20
1639509788, 0, 166, 210, 164, 13, 0.58%, 8, 0, 4, 1227.47
1639509793, 0, 169, 212, 164, 14, 0.58%, 8, 0, 4, 1234.27
1639509798, 0, 171, 219, 170, 13, 0.58%, 9, 0, 5, 1242.88
1639509803, 0, 179, 224, 173, 13, 0.58%, 9, 0, 5, 1214.26
1639509808, 0, 198, 225, 171, 10, 0.58%, 9, 0, 5, 1180.22
1639509813, 0, 199, 228, 173, 10, 0.59%, 9, 0, 5, 1131.11
1639509818, 0, 202, 235, 179, 11, 0.60%, 9, 0, 5, 1034.69
1639509823, 0, 202, 236, 180, 11, 0.60%, 9, 0, 5, 980.58
1639509828, 0, 210, 241, 182, 10, 0.60%, 9, 0, 5, 959.82
1639509833, 0, 215, 243, 182, 9, 0.62%, 9, 0, 6, 955.56
1639509842, 0, 217, 243, 181, 8, 0.62%, 11, 0, 6, 7.93
1639509847, 0, 226, 247, 183, 7, 0.62%, 12, 0, 6, 1062.00
1639509852, 0, 229, 253, 188, 6, 0.62%, 12, 0, 6, 1077.45
1639509857, 0, 241, 261, 193, 4, 0.63%, 12, 0, 6, 1070.50
1639509862, 0, 241, 262, 194, 4, 0.64%, 12, 0, 6, 1087.30
1639509867, 0, 254, 265, 194, 8, 0.65%, 12, 0, 7, 1179.75
1639509872, 0, 261, 268, 193, 5, 0.65%, 12, 0, 7, 1287.34
1639509877, 0, 268, 274, 196, 3, 0.65%, 12, 0, 8, 1356.00
1639509883, 0, 270, 277, 198, 2, 0.66%, 12, 0, 8, 1381.02
1639509888, 0, 278, 281, 200, 3, 0.66%, 12, 0, 9, 1376.54
1639509893, 0, 279, 283, 201, 2, 0.66%, 12, 0, 10, 1390.07
1639509898, 0, 281, 287, 204, 2, 0.66%, 12, 0, 11, 1425.11
1639509903, 0, 287, 289, 205, 2, 0.66%, 12, 0, 12, 1349.86
1639509908, 0, 288, 289, 204, 2, 0.66%, 12, 0, 12, 1375.88
1639509913, 1, 130, 290, 202, 0, 0.66%, 12, 0, 12, 1352.63
1639509918, 1, 144, 290, 200, 0, 0.66%, 12, 0, 12, 1334.66
1639509923, 1, 167, 290, 193, 0, 0.66%, 12, 0, 12, 1318.72
1639509928, 1, 179, 290, 193, 0, 0.66%, 12, 0, 12, 1290.56
1639509933, 1, 187, 290, 191, 0, 0.66%, 12, 0, 12, 1245.89
1639509939, 1, 199, 291, 190, 0, 0.66%, 12, 0, 12, 1244.05
1639509944, 1, 211, 292, 191, 0, 0.66%, 12, 0, 12, 1246.49
1639509949, 1, 216, 292, 190, 0, 0.66%, 12, 0, 12, 1242.35
1639509954, 1, 226, 293, 190, 0, 0.66%, 12, 0, 12, 1245.18
1639509959, 1, 247, 295, 190, 1, 0.66%, 13, 0, 12, 1299.70
1639509964, 1, 294, 297, 191, 1, 0.66%, 13, 0, 12, 1322.08
1639509969, 1, 295, 297, 190, 0, 0.66%, 13, 0, 12, 1333.78
1639509974, 2, 25, 297, 188, 0, 0.66%, 13, 0, 12, 1329.07
1639509979, 2, 42, 297, 185, 0, 0.66%, 13, 0, 12, 1304.03
1639509984, 2, 297, 300, 185, 1, 0.66%, 13, 0, 12, 1264.80
1639509989, 2, 300, 302, 185, 1, 0.71%, 14, 0, 12, 1254.41
1639509994, 2, 301, 305, 187, 1, 0.71%, 15, 0, 12, 1234.32
1639510004, 2, 302, 306, 187, 4, 0.72%, 15, 0, 12, 1304.26
1639510009, 2, 303, 306, 186, 3, 0.72%, 15, 0, 12, 1350.71
1639510015, 2, 304, 306, 185, 2, 0.72%, 15, 0, 12, 1334.47
1639510020, 3, 12, 307, 183, 0, 0.72%, 15, 0, 12, 1336.59
