# unix_time, cycles_done, cur_path, paths_total, pending_total, pending_favs, map_size, unique_crashes, unique_hangs, max_depth, execs_per_sec
1639512435, 0, 0, 1, 1, 1, 0.12%, 0, 0, 1, 2000.00
1639512440, 0, 0, 77, 77, 1, 0.45%, 4, 0, 2, 1549.67
1639512445, 0, 6, 117, 114, 39, 0.51%, 5, 0, 3, 1445.05
1639512450, 0, 12, 128, 121, 39, 0.51%, 7, 0, 3, 2333.82
1639512456, 0, 40, 156, 138, 29, 0.54%, 7, 0, 3, 2653.24
1639512461, 0, 91, 175, 143, 19, 0.55%, 7, 0, 3, 2664.82
1639512466, 0, 137, 185, 141, 10, 0.56%, 7, 0, 4, 2700.06
1639512471, 0, 154, 195, 147, 10, 0.57%, 7, 0, 4, 2609.75
1639512476, 0, 189, 201, 145, 7, 0.59%, 7, 0, 5, 2507.70
1639512481, 0, 198, 209, 148, 6, 0.60%, 10, 0, 6, 2409.19
1639512487, 0, 206, 218, 152, 6, 0.63%, 10, 0, 6, 2350.76
1639512492, 0, 209, 226, 158, 9, 0.65%, 10, 0, 7, 2303.36
1639512497, 0, 220, 229, 156, 5, 0.65%, 10, 0, 7, 2277.90
1639512502, 0, 234, 243, 165, 2, 0.65%, 10, 0, 8, 2306.29
1639512507, 0, 245, 247, 166, 1, 0.66%, 10, 0, 10, 2353.50
1639512512, 1, 34, 249, 162, 0, 0.66%, 10, 0, 10, 2317.26
1639512517, 1, 92, 255, 160, 0, 0.66%, 11, 0, 10, 2328.25
1639512522, 1, 134, 256, 152, 0, 0.66%, 11, 0, 10, 2372.83
1639512527, 1, 166, 257, 145, 0, 0.66%, 11, 0, 10, 2396.80
1639512532, 1, 194, 258, 143, 0, 0.66%, 11, 0, 10, 2306.39
1639512537, 1, 210, 260, 145, 0, 0.66%, 11, 0, 10, 2141.41
1639512542, 1, 218, 261, 142, 0, 0.66%, 11, 0, 10, 2014.91
1639512547, 1, 225, 264, 145, 0, 0.68%, 11, 0, 10, 2012.54
1639512553, 1, 264, 273, 153, 9, 0.70%, 11, 0, 10, 2199.57
1639512558, 1, 266, 277, 155, 9, 0.72%, 11, 0, 10, 2298.91
1639512563, 1, 269, 279, 154, 8, 0.72%, 11, 0, 10, 2368.09
1639512568, 1, 270, 281, 155, 8, 0.72%, 11, 0, 10, 2371.62
1639512573, 1, 274, 282, 153, 5, 0.72%, 11, 0, 11, 2388.32
1639512578, 1, 276, 285, 154, 4, 0.72%, 11, 0, 11, 2491.31
1639512583, 1, 287, 289, 155, 1, 0.73%, 11, 0, 13, 2525.83
1639512588, 1, 289, 291, 156, 1, 0.73%, 11, 0, 14, 2545.21
1639512593, 1, 290, 292, 156, 1, 0.73%, 11, 0, 15, 1647.48
1639512604, 2, 30, 292, 152, 0, 0.73%, 11, 0, 15, 1452.80
1639512609, 2, 62, 294, 150, 0, 0.73%, 11, 0, 15, 1453.24
1639512614, 2, 95, 294, 140, 0, 0.73%, 11, 0, 15, 1458.90
1639512619, 2, 134, 294, 136, 0, 0.73%, 11, 0, 15, 1450.32
1639512624, 2, 160, 294, 134, 0, 0.73%, 11, 0, 15, 1460.97
1639512629, 2, 183, 294, 131, 0, 0.73%, 11, 0, 15, 1445.61
1639512634, 2, 294, 295, 130, 1, 0.73%, 11, 0, 15, 1422.14
1639512639, 3, 35, 296, 129, 0, 0.73%, 11, 0, 15, 1444.92
1639512644, 3, 90, 296, 126, 0, 0.73%, 11, 0, 15, 1456.25
1639512649, 3, 122, 296, 120, 0, 0.73%, 11, 0, 15, 1432.35
1639512654, 3, 151, 296, 118, 0, 0.73%, 11, 0, 15, 1443.64
1639512660, 3, 171, 296, 114, 0, 0.73%, 11, 0, 15, 1423.29
1639512665, 3, 184, 297, 113, 0, 0.73%, 11, 0, 15, 1419.14
1639512670, 3, 193, 301, 116, 0, 0.73%, 11, 0, 15, 1422.83
1639512675, 3, 207, 301, 115, 0, 0.73%, 11, 0, 15, 1428.17
1639512680, 3, 216, 301, 114, 0, 0.73%, 11, 0, 15, 1420.44
1639512685, 3, 223, 303, 116, 0, 0.73%, 11, 0, 15, 1433.04
1639512690, 3, 226, 306, 119, 0, 0.73%, 11, 0, 15, 1443.25
1639512695, 3, 239, 306, 116, 0, 0.73%, 11, 0, 15, 1448.16
1639512700, 3, 246, 306, 115, 0, 0.73%, 11, 0, 15, 1437.39
1639512705, 3, 247, 310, 119, 0, 0.73%, 11, 0, 15, 1424.19
1639512710, 3, 259, 312, 118, 0, 0.73%, 11, 0, 15, 1436.34
1639512715, 3, 265, 312, 116, 0, 0.73%, 11, 0, 15, 1444.59
1639512720, 3, 268, 312, 116, 0, 0.73%, 11, 0, 15, 1448.58
1639512725, 3, 272, 314, 118, 0, 0.73%, 11, 0, 15, 1454.23
1639512731, 3, 277, 314, 118, 0, 0.73%, 11, 0, 15, 1456.99
