# unix_time, cycles_done, cur_path, paths_total, pending_total, pending_favs, map_size, unique_crashes, unique_hangs, max_depth, execs_per_sec
1639593520, 0, 0, 744, 744, 81, 0.82%, 0, 0, 1, 937.47
1639593526, 0, 89, 744, 735, 73, 0.82%, 3, 0, 1, 1309.34
1639593531, 0, 180, 745, 726, 63, 0.82%, 4, 0, 2, 1413.38
1639593536, 0, 214, 745, 720, 59, 0.82%, 6, 0, 2, 1423.52
1639593541, 0, 333, 745, 709, 48, 0.82%, 6, 0, 2, 1428.85
1639593546, 0, 405, 746, 702, 41, 0.82%, 6, 0, 2, 1433.52
1639593551, 0, 460, 746, 693, 33, 0.82%, 6, 0, 2, 1424.14
1639593556, 0, 561, 746, 681, 21, 0.82%, 6, 0, 2, 1441.80
1639593561, 0, 673, 746, 668, 8, 0.82%, 7, 0, 2, 1264.29
1639593566, 0, 745, 746, 661, 1, 0.82%, 7, 0, 2, 1400.56
1639593571, 1, 9, 746, 656, 0, 0.82%, 7, 0, 2, 1408.80
1639593577, 1, 42, 746, 648, 0, 0.82%, 7, 0, 2, 1425.71
1639593582, 1, 75, 746, 642, 0, 0.82%, 8, 0, 2, 1414.86
1639593587, 1, 100, 746, 637, 0, 0.82%, 8, 0, 2, 1445.68
1639593592, 1, 132, 746, 631, 0, 0.82%, 8, 0, 2, 1439.95
1639593597, 1, 163, 746, 624, 0, 0.82%, 8, 0, 2, 1435.88
1639593602, 1, 195, 746, 618, 0, 0.82%, 8, 0, 2, 1445.55
1639593607, 1, 220, 746, 612, 0, 0.82%, 8, 0, 2, 1440.10
1639593612, 1, 257, 746, 607, 0, 0.82%, 8, 0, 2, 1434.02
1639593617, 1, 273, 747, 602, 0, 0.82%, 8, 0, 2, 1437.09
1639593622, 1, 300, 747, 596, 0, 0.82%, 8, 0, 2, 1437.21
1639593627, 1, 340, 747, 587, 0, 0.82%, 8, 0, 2, 1421.91
1639593632, 1, 356, 747, 581, 0, 0.82%, 9, 0, 2, 1434.99
1639593637, 1, 381, 748, 575, 0, 0.82%, 9, 0, 2, 1421.80
1639593643, 1, 410, 748, 566, 0, 0.82%, 9, 0, 2, 1500.39
1639593648, 1, 440, 748, 558, 0, 0.82%, 9, 0, 2, 1490.40
1639593653, 1, 465, 748, 554, 0, 0.82%, 9, 0, 2, 1392.61
1639593658, 1, 486, 748, 549, 0, 0.82%, 9, 0, 2, 1329.67
1639593663, 1, 531, 748, 544, 0, 0.82%, 9, 0, 2, 1288.45
1639593668, 1, 546, 748, 538, 0, 0.82%, 10, 0, 2, 1278.22
1639593674, 1, 590, 748, 534, 0, 0.82%, 10, 0, 2, 1338.07
1639593679, 1, 628, 748, 525, 0, 0.82%, 10, 0, 2, 1388.56
1639593684, 1, 654, 748, 517, 0, 0.82%, 10, 0, 2, 1430.53
1639593689, 1, 671, 749, 513, 0, 0.82%, 10, 0, 2, 1419.96
1639593694, 1, 692, 749, 507, 0, 0.82%, 10, 0, 2, 1422.11
1639593699, 1, 715, 749, 500, 0, 0.82%, 10, 0, 2, 1419.24
1639593704, 1, 734, 749, 495, 0, 0.82%, 12, 0, 2, 1407.49
1639593709, 2, 11, 749, 491, 0, 0.82%, 12, 0, 2, 1418.09
1639593714, 2, 32, 749, 484, 0, 0.82%, 12, 0, 2, 1434.50
1639593719, 2, 79, 749, 476, 0, 0.82%, 13, 0, 2, 1434.58
1639593724, 2, 121, 749, 470, 0, 0.82%, 13, 0, 2, 1448.82
1639593730, 2, 154, 749, 465, 0, 0.82%, 13, 0, 2, 1436.56
1639593735, 2, 168, 749, 460, 0, 0.82%, 13, 0, 2, 1433.06
1639593740, 2, 202, 749, 453, 0, 0.82%, 13, 0, 2, 1446.74
1639593745, 2, 241, 749, 448, 0, 0.82%, 13, 0, 2, 1430.32
1639593750, 2, 271, 750, 444, 0, 0.82%, 13, 0, 2, 1438.27
1639593755, 2, 296, 750, 438, 0, 0.82%, 13, 0, 2, 1365.85
1639593760, 2, 329, 750, 433, 0, 0.82%, 13, 0, 2, 2056.19
1639593765, 2, 400, 750, 429, 0, 0.82%, 13, 0, 2, 1566.47
1639593770, 2, 433, 750, 425, 0, 0.82%, 13, 0, 2, 1457.89
1639593775, 2, 461, 750, 421, 0, 0.82%, 13, 0, 2, 1448.20
1639593780, 2, 491, 750, 415, 0, 0.82%, 14, 0, 2, 1431.37
1639593785, 2, 514, 751, 411, 0, 0.82%, 15, 0, 2, 1409.71
1639593791, 2, 561, 751, 404, 0, 0.82%, 15, 0, 2, 1411.12
1639593796, 2, 611, 751, 397, 0, 0.82%, 15, 0, 2, 1419.95
1639593801, 2, 637, 751, 390, 0, 0.82%, 15, 0, 2, 1439.79
1639593806, 2, 672, 751, 386, 0, 0.82%, 15, 0, 2, 1428.87
1639593811, 2, 710, 751, 381, 0, 0.82%, 15, 0, 2, 1384.13
