# unix_time, cycles_done, cur_path, paths_total, pending_total, pending_favs, map_size, unique_crashes, unique_hangs, max_depth, execs_per_sec
1639555265, 0, 0, 1, 1, 1, 0.11%, 0, 0, 1, 2000.00
1639555270, 0, 0, 81, 81, 1, 0.43%, 3, 0, 2, 1555.23
1639555275, 0, 18, 103, 95, 34, 0.46%, 5, 0, 3, 1476.36
1639555280, 0, 40, 120, 99, 26, 0.47%, 5, 0, 3, 1449.51
1639555285, 0, 51, 126, 100, 21, 0.49%, 6, 0, 3, 1466.44
1639555290, 0, 66, 146, 113, 21, 0.52%, 6, 0, 3, 1470.76
1639555295, 0, 88, 155, 117, 21, 0.53%, 6, 0, 4, 1470.70
1639555300, 0, 124, 163, 117, 14, 0.53%, 8, 0, 4, 1460.22
1639555305, 0, 140, 171, 121, 10, 0.54%, 8, 0, 4, 1454.55
1639555310, 0, 152, 175, 120, 10, 0.55%, 8, 0, 4, 1454.51
1639555315, 0, 158, 186, 129, 8, 0.56%, 8, 0, 5, 1451.86
1639555320, 0, 166, 189, 130, 10, 0.57%, 8, 0, 5, 1448.58
1639555325, 0, 174, 199, 136, 8, 0.58%, 8, 0, 5, 1433.99
1639555330, 0, 186, 208, 141, 6, 0.61%, 8, 0, 6, 1453.93
1639555335, 0, 186, 213, 146, 6, 0.61%, 8, 0, 6, 1466.11
1639555340, 0, 204, 216, 145, 9, 0.61%, 8, 0, 7, 1446.22
1639555345, 0, 207, 221, 147, 8, 0.62%, 8, 0, 7, 1446.01
1639555351, 0, 208, 224, 149, 8, 0.63%, 8, 0, 7, 1377.19
1639555356, 0, 215, 227, 148, 6, 0.63%, 8, 0, 7, 1362.05
1639555361, 0, 221, 239, 158, 5, 0.64%, 8, 0, 8, 1374.52
1639555366, 0, 222, 248, 166, 7, 0.64%, 8, 0, 8, 1420.02
1639555371, 0, 226, 252, 169, 8, 0.65%, 8, 0, 8, 1415.48
1639555376, 0, 230, 256, 171, 6, 0.65%, 8, 0, 9, 1351.78
1639555381, 0, 233, 259, 173, 6, 0.65%, 8, 0, 9, 1420.83
1639555386, 0, 244, 262, 173, 6, 0.65%, 8, 0, 9, 1452.90
1639555391, 0, 248, 263, 173, 6, 0.65%, 9, 0, 9, 1389.69
1639555396, 0, 254, 265, 174, 6, 0.65%, 9, 0, 10, 1437.38
1639555401, 0, 257, 266, 174, 5, 0.65%, 9, 0, 10, 1341.68
1639555406, 0, 261, 271, 177, 4, 0.65%, 10, 0, 10, 1414.40
1639555411, 0, 270, 274, 177, 2, 0.65%, 11, 0, 11, 1469.16
1639555416, 1, 45, 274, 173, 0, 0.65%, 11, 0, 11, 1478.81
1639555421, 1, 76, 275, 172, 0, 0.65%, 11, 0, 11, 1474.55
1639555426, 1, 113, 275, 165, 0, 0.65%, 11, 0, 11, 1461.46
1639555431, 1, 145, 275, 158, 0, 0.65%, 11, 0, 11, 1463.96
1639555437, 1, 159, 275, 156, 0, 0.65%, 11, 0, 11, 1458.48
1639555442, 1, 167, 276, 156, 0, 0.65%, 11, 0, 11, 1459.49
1639555447, 1, 182, 276, 154, 0, 0.65%, 11, 0, 11, 1449.44
1639555452, 1, 199, 278, 152, 0, 0.65%, 11, 0, 11, 1459.73
1639555457, 1, 206, 278, 150, 0, 0.65%, 11, 0, 11, 1468.52
1639555462, 1, 213, 278, 150, 0, 0.65%, 11, 0, 11, 1313.39
1639555467, 1, 219, 278, 147, 0, 0.65%, 11, 0, 11, 1176.88
1639555472, 1, 226, 278, 146, 0, 0.65%, 11, 0, 11, 1306.50
1639555477, 1, 231, 279, 147, 0, 0.65%, 11, 0, 11, 1401.13
1639555482, 1, 279, 282, 148, 1, 0.65%, 11, 0, 11, 1441.29
1639555487, 1, 280, 282, 147, 0, 0.65%, 11, 0, 11, 1446.73
1639555492, 2, 23, 282, 144, 0, 0.65%, 11, 0, 11, 1427.37
1639555497, 2, 48, 282, 140, 0, 0.65%, 11, 0, 11, 1342.57
1639555502, 2, 76, 284, 139, 0, 0.65%, 11, 0, 11, 1440.67
1639555508, 3, 21, 285, 136, 0, 0.65%, 11, 0, 11, 2065.88
1639555513, 3, 270, 287, 135, 1, 0.65%, 11, 0, 11, 1558.16
1639555518, 4, 23, 287, 134, 0, 0.65%, 11, 0, 11, 1437.31
1639555523, 4, 56, 287, 133, 0, 0.65%, 11, 0, 11, 1459.21
1639555528, 4, 104, 287, 128, 0, 0.65%, 11, 0, 11, 1463.95
1639555533, 4, 139, 287, 122, 0, 0.65%, 11, 0, 11, 1462.81
1639555538, 4, 152, 287, 120, 0, 0.65%, 12, 0, 11, 1471.35
1639555543, 4, 164, 288, 120, 0, 0.65%, 12, 0, 11, 1467.65
1639555548, 4, 176, 289, 120, 0, 0.65%, 12, 0, 11, 1457.23
1639555553, 4, 204, 290, 118, 0, 0.65%, 12, 0, 11, 1462.05
1639555558, 4, 210, 290, 118, 0, 0.65%, 12, 0, 11, 1472.77
1639555563, 4, 222, 291, 118, 0, 0.65%, 12, 0, 11, 1463.81
