# unix_time, cycles_done, cur_path, paths_total, pending_total, pending_favs, map_size, unique_crashes, unique_hangs, max_depth, execs_per_sec
1639592604, 0, 0, 333, 333, 63, 0.80%, 0, 0, 1, 1176.68
1639592609, 0, 66, 338, 332, 58, 0.80%, 56, 0, 2, 1376.93
1639592614, 0, 114, 340, 328, 54, 0.80%, 59, 0, 2, 1418.86
1639592619, 0, 172, 343, 319, 42, 0.80%, 62, 0, 2, 1433.92
1639592624, 0, 205, 344, 310, 32, 0.80%, 66, 0, 2, 1441.29
1639592629, 0, 252, 346, 302, 23, 0.80%, 69, 0, 2, 1439.83
1639592635, 0, 292, 347, 290, 10, 0.80%, 70, 0, 2, 1442.62
1639592640, 0, 324, 348, 284, 3, 0.80%, 71, 0, 2, 1424.75
1639592645, 1, 21, 348, 274, 0, 0.80%, 71, 0, 2, 1431.80
1639592650, 1, 48, 348, 269, 0, 0.80%, 71, 0, 2, 1428.38
1639592655, 1, 105, 348, 264, 0, 0.80%, 71, 0, 2, 1391.29
1639592660, 1, 339, 351, 263, 1, 0.80%, 71, 0, 2, 1352.19
1639592665, 2, 24, 351, 256, 0, 0.80%, 71, 0, 2, 1413.04
1639592670, 2, 65, 352, 251, 0, 0.80%, 72, 0, 2, 1410.68
1639592675, 2, 92, 352, 245, 0, 0.80%, 72, 0, 2, 1404.72
1639592681, 2, 117, 352, 239, 0, 0.80%, 72, 0, 2, 1385.54
1639592686, 2, 140, 352, 234, 0, 0.80%, 73, 0, 2, 1361.01
1639592691, 2, 165, 352, 226, 0, 0.80%, 73, 0, 2, 1370.00
1639592696, 2, 188, 352, 222, 0, 0.80%, 73, 0, 2, 1376.58
1639592701, 2, 212, 352, 219, 0, 0.80%, 74, 0, 2, 1430.19
1639592706, 2, 243, 352, 214, 0, 0.80%, 74, 0, 2, 1422.34
1639592711, 2, 266, 352, 208, 0, 0.80%, 74, 0, 2, 1447.70
1639592716, 2, 280, 352, 203, 0, 0.80%, 74, 0, 2, 1436.09
1639592721, 2, 295, 352, 201, 0, 0.80%, 75, 0, 2, 1448.36
1639592727, 2, 323, 352, 197, 0, 0.80%, 75, 0, 2, 1431.42
1639592732, 2, 348, 352, 190, 0, 0.80%, 75, 0, 2, 1447.27
1639592737, 3, 24, 357, 191, 0, 0.80%, 75, 0, 4, 1443.44
1639592742, 3, 72, 357, 186, 0, 0.80%, 75, 0, 4, 1635.59
1639592747, 3, 111, 357, 182, 0, 0.80%, 75, 0, 4, 1461.96
1639592752, 3, 140, 358, 179, 0, 0.80%, 75, 0, 4, 1422.38
1639592757, 3, 176, 358, 177, 0, 0.80%, 75, 0, 4, 1433.69
1639592762, 3, 194, 359, 173, 0, 0.80%, 75, 0, 4, 1433.18
1639592767, 3, 358, 360, 172, 1, 0.80%, 75, 0, 4, 1434.30
1639592772, 4, 42, 360, 165, 0, 0.80%, 75, 0, 4, 1450.25
1639592777, 4, 116, 360, 162, 0, 0.80%, 75, 0, 4, 1436.55
1639592783, 4, 152, 360, 158, 0, 0.80%, 75, 0, 4, 1432.70
1639592788, 4, 169, 361, 153, 0, 0.80%, 75, 0, 4, 1436.39
1639592793, 4, 194, 361, 150, 0, 0.80%, 75, 0, 4, 1434.05
1639592798, 4, 214, 362, 149, 0, 0.80%, 75, 0, 4, 1434.40
1639592803, 4, 260, 362, 146, 0, 0.80%, 75, 0, 4, 1424.38
1639592808, 4, 290, 364, 145, 0, 0.80%, 75, 0, 4, 1433.59
1639592814, 4, 312, 364, 142, 0, 0.80%, 75, 0, 4, 1439.53
1639592819, 4, 351, 364, 139, 0, 0.80%, 75, 0, 4, 1443.23
1639592824, 4, 357, 365, 138, 0, 0.80%, 75, 0, 5, 1430.48
1639592829, 5, 20, 365, 135, 0, 0.80%, 77, 0, 5, 1429.77
1639592834, 5, 57, 365, 131, 0, 0.80%, 78, 0, 5, 1433.42
1639592839, 5, 96, 366, 128, 0, 0.80%, 78, 0, 5, 1415.96
1639592844, 5, 140, 366, 124, 0, 0.80%, 78, 0, 5, 1401.45
1639592850, 5, 186, 367, 124, 0, 0.80%, 78, 0, 5, 1400.33
1639592855, 5, 210, 367, 123, 0, 0.80%, 78, 0, 5, 1419.40
1639592860, 5, 225, 367, 117, 0, 0.80%, 78, 0, 5, 1420.63
1639592865, 5, 261, 368, 113, 0, 0.80%, 78, 0, 5, 1423.30
1639592870, 5, 290, 368, 111, 0, 0.80%, 78, 0, 5, 1422.88
1639592875, 5, 316, 368, 109, 0, 0.80%, 78, 0, 5, 1434.32
1639592880, 5, 348, 368, 106, 0, 0.80%, 78, 0, 5, 1424.04
1639592885, 5, 360, 370, 106, 0, 0.80%, 79, 0, 5, 1417.48
1639592896, 6, 51, 370, 105, 0, 0.80%, 79, 0, 5, 1418.43
1639592901, 6, 82, 370, 102, 0, 0.80%, 79, 0, 5, 1430.71
