# unix_time, cycles_done, cur_path, paths_total, pending_total, pending_favs, map_size, unique_crashes, unique_hangs, max_depth, execs_per_sec
1639442610, 0, 0, 1, 1, 1, 0.12%, 0, 0, 1, 2000.00
1639442615, 0, 0, 86, 86, 1, 0.45%, 2, 0, 2, 1927.95
1639442620, 0, 40, 118, 105, 33, 0.48%, 2, 0, 3, 1905.95
1639442625, 0, 43, 135, 120, 33, 0.52%, 2, 0, 3, 1535.51
1639442630, 0, 72, 146, 117, 22, 0.54%, 2, 0, 3, 1467.42
1639442635, 0, 106, 158, 121, 17, 0.56%, 2, 0, 4, 1458.18
1639442640, 0, 125, 176, 135, 13, 0.58%, 3, 0, 4, 1430.79
1639442645, 0, 138, 182, 135, 16, 0.59%, 4, 0, 4, 1448.45
1639442650, 0, 150, 199, 150, 14, 0.63%, 5, 0, 4, 1459.36
1639442655, 0, 164, 201, 149, 19, 0.63%, 8, 0, 5, 1459.38
1639442660, 0, 164, 209, 157, 19, 0.64%, 9, 0, 5, 1409.03
1639442665, 0, 169, 212, 157, 18, 0.64%, 10, 0, 5, 1439.97
1639442670, 0, 175, 216, 158, 15, 0.64%, 11, 0, 5, 1350.78
1639442676, 0, 180, 221, 161, 13, 0.64%, 11, 0, 5, 1443.25
1639442681, 0, 191, 223, 159, 14, 0.64%, 11, 0, 5, 1454.90
1639442686, 0, 194, 228, 161, 11, 0.64%, 11, 0, 5, 1460.12
1639442691, 0, 200, 228, 159, 9, 0.64%, 12, 0, 5, 1440.52
1639442696, 0, 208, 233, 161, 6, 0.64%, 12, 0, 6, 1450.82
1639442701, 0, 208, 236, 164, 6, 0.65%, 12, 0, 6, 1454.52
1639442706, 0, 220, 245, 170, 5, 0.65%, 12, 0, 6, 1442.91
1639442711, 0, 233, 250, 173, 3, 0.65%, 12, 0, 7, 1448.84
1639442716, 1, 106, 252, 172, 0, 0.65%, 12, 0, 8, 1441.91
1639442721, 1, 130, 252, 166, 0, 0.65%, 12, 0, 8, 1439.86
1639442727, 1, 156, 252, 163, 0, 0.65%, 12, 0, 8, 1383.88
1639442732, 1, 165, 252, 160, 0, 0.65%, 12, 0, 8, 1442.84
1639442737, 1, 174, 253, 159, 0, 0.65%, 12, 0, 8, 1456.72
1639442742, 1, 182, 254, 160, 0, 0.65%, 13, 0, 8, 1409.61
1639442747, 1, 194, 257, 161, 0, 0.65%, 13, 0, 8, 1457.76
1639442752, 1, 201, 257, 161, 0, 0.65%, 13, 0, 8, 1437.14
1639442757, 1, 219, 259, 161, 0, 0.65%, 13, 0, 8, 1438.65
1639442762, 1, 237, 261, 161, 0, 0.65%, 13, 0, 8, 1447.60
1639442767, 1, 247, 261, 158, 0, 0.65%, 13, 0, 8, 1457.14
1639442772, 1, 256, 263, 158, 0, 0.65%, 13, 0, 8, 1468.37
1639442777, 2, 14, 264, 156, 0, 0.65%, 13, 0, 8, 1443.87
1639442783, 2, 49, 265, 151, 0, 0.65%, 14, 0, 8, 1409.05
1639442788, 2, 77, 265, 149, 0, 0.65%, 14, 0, 8, 1464.51
1639442793, 2, 98, 266, 144, 0, 0.65%, 14, 0, 8, 1459.99
1639442798, 2, 124, 270, 147, 0, 0.65%, 14, 0, 8, 1451.32
1639442803, 3, 15, 272, 148, 0, 0.66%, 14, 0, 8, 1458.75
1639442808, 3, 44, 275, 146, 0, 0.66%, 14, 0, 8, 1442.12
1639442813, 3, 74, 276, 144, 0, 0.66%, 14, 0, 8, 1452.29
1639442818, 3, 98, 277, 140, 0, 0.66%, 14, 0, 8, 1469.79
1639442823, 3, 243, 278, 140, 1, 0.66%, 14, 0, 8, 1449.14
1639442828, 3, 278, 283, 143, 1, 0.66%, 14, 0, 8, 1453.65
1639442833, 3, 278, 284, 144, 1, 0.70%, 14, 0, 8, 1466.67
1639442839, 3, 283, 287, 146, 1, 0.71%, 14, 0, 8, 1445.37
1639442844, 3, 284, 292, 150, 6, 0.72%, 14, 0, 8, 1451.49
1639442849, 3, 285, 292, 149, 5, 0.72%, 14, 0, 8, 1462.35
1639442854, 3, 287, 298, 154, 4, 0.74%, 14, 0, 8, 1461.29
1639442859, 3, 291, 299, 153, 6, 0.74%, 14, 0, 8, 1459.00
1639442864, 3, 292, 300, 153, 7, 0.74%, 14, 0, 8, 1466.91
1639442869, 3, 293, 302, 154, 6, 0.76%, 14, 0, 9, 1439.71
1639442874, 3, 294, 302, 153, 6, 0.76%, 14, 0, 9, 1452.19
1639442879, 3, 295, 303, 153, 5, 0.76%, 15, 0, 9, 1461.62
1639442884, 3, 295, 304, 154, 5, 0.76%, 15, 0, 9, 1428.19
1639442889, 3, 299, 306, 154, 4, 0.79%, 15, 0, 9, 1454.99
1639442894, 3, 300, 312, 159, 10, 0.80%, 15, 0, 9, 1465.25
1639442899, 3, 302, 321, 167, 9, 0.82%, 15, 0, 10, 1397.33
1639442904, 3, 302, 325, 171, 9, 0.82%, 15, 0, 10, 1376.96
1639442910, 3, 304, 327, 172, 12, 0.82%, 15, 0, 10, 1428.18
