# unix_time, cycles_done, cur_path, paths_total, pending_total, pending_favs, map_size, unique_crashes, unique_hangs, max_depth, execs_per_sec
1639555566, 0, 0, 1, 1, 1, 0.12%, 0, 0, 1, 1333.33
1639555571, 0, 0, 83, 83, 1, 0.45%, 2, 0, 2, 1322.77
1639555576, 0, 4, 96, 94, 38, 0.47%, 3, 0, 3, 1387.58
1639555581, 0, 17, 123, 116, 35, 0.49%, 4, 0, 3, 1352.86
1639555587, 0, 18, 145, 137, 35, 0.53%, 4, 0, 3, 1395.63
1639555592, 0, 45, 158, 138, 28, 0.54%, 4, 0, 3, 1413.75
1639555597, 0, 83, 168, 137, 20, 0.54%, 4, 0, 3, 1423.80
1639555602, 0, 103, 178, 141, 17, 0.55%, 4, 0, 4, 1391.30
1639555607, 0, 105, 184, 146, 18, 0.56%, 4, 0, 4, 1382.09
1639555612, 0, 133, 194, 152, 15, 0.56%, 4, 0, 4, 1386.30
1639555617, 0, 166, 200, 151, 10, 0.56%, 5, 0, 4, 1406.82
1639555623, 0, 178, 200, 147, 6, 0.56%, 7, 0, 4, 1368.19
1639555628, 0, 180, 207, 153, 5, 0.58%, 7, 0, 5, 1405.02
1639555633, 0, 187, 216, 160, 7, 0.59%, 8, 0, 5, 1414.89
1639555638, 0, 190, 219, 162, 6, 0.59%, 8, 0, 5, 1419.18
1639555643, 0, 207, 227, 167, 6, 0.60%, 8, 0, 6, 1403.54
1639555648, 0, 209, 233, 172, 5, 0.60%, 8, 0, 6, 1423.68
1639555653, 0, 217, 239, 176, 7, 0.62%, 8, 0, 6, 1412.09
1639555658, 0, 224, 241, 176, 6, 0.62%, 8, 0, 6, 1379.84
1639555663, 0, 232, 251, 184, 9, 0.65%, 8, 0, 7, 1409.62
1639555668, 0, 241, 256, 185, 6, 0.65%, 8, 0, 8, 1426.22
1639555673, 0, 249, 256, 181, 2, 0.65%, 8, 0, 8, 1436.58
1639555678, 1, 23, 258, 179, 0, 0.65%, 8, 0, 8, 1455.37
1639555683, 1, 258, 263, 182, 1, 0.65%, 8, 0, 8, 1442.11
1639555688, 1, 261, 267, 185, 3, 0.66%, 8, 0, 8, 1423.19
1639555693, 1, 262, 269, 186, 2, 0.66%, 8, 0, 8, 1417.37
1639555698, 1, 262, 274, 191, 2, 0.66%, 8, 0, 8, 1440.55
1639555703, 1, 273, 283, 198, 2, 0.67%, 8, 0, 8, 1431.16
1639555708, 1, 275, 285, 199, 2, 0.67%, 8, 0, 8, 1432.43
1639555714, 1, 275, 287, 201, 2, 0.67%, 8, 0, 8, 1419.15
1639555719, 1, 279, 291, 204, 1, 0.68%, 8, 0, 8, 1393.18
1639555724, 1, 287, 293, 205, 3, 0.68%, 8, 0, 8, 1412.42
1639555729, 1, 288, 299, 210, 2, 0.72%, 8, 0, 8, 1410.09
1639555734, 1, 293, 303, 212, 5, 0.72%, 8, 0, 9, 1412.80
1639555739, 1, 293, 308, 217, 5, 0.73%, 8, 0, 9, 1415.24
1639555744, 1, 296, 313, 220, 8, 0.73%, 8, 0, 9, 1419.65
1639555749, 1, 297, 313, 219, 7, 0.73%, 8, 0, 9, 1422.87
1639555754, 1, 300, 315, 219, 6, 0.73%, 8, 0, 9, 1435.25
1639555759, 1, 300, 316, 220, 6, 0.73%, 8, 0, 10, 1438.35
1639555764, 1, 306, 318, 220, 4, 0.73%, 8, 0, 10, 1419.46
1639555769, 1, 306, 319, 221, 4, 0.73%, 8, 0, 10, 1352.95
1639555774, 1, 307, 321, 222, 3, 0.73%, 8, 0, 10, 1332.37
1639555779, 1, 309, 323, 223, 3, 0.73%, 8, 0, 10, 1373.17
1639555784, 1, 314, 325, 224, 2, 0.73%, 8, 0, 10, 1386.75
1639555789, 1, 314, 326, 225, 2, 0.73%, 8, 0, 10, 1382.74
1639555794, 1, 319, 326, 224, 1, 0.73%, 8, 0, 10, 1367.31
1639555800, 1, 319, 327, 225, 1, 0.73%, 8, 0, 11, 1398.35
1639555805, 1, 324, 329, 226, 0, 0.73%, 8, 0, 11, 1412.95
1639555810, 1, 327, 331, 227, 0, 0.73%, 9, 0, 12, 1830.27
1639555815, 1, 329, 334, 229, 0, 0.73%, 9, 0, 13, 1660.18
1639555820, 1, 330, 334, 228, 0, 0.73%, 9, 0, 13, 1371.77
1639555825, 2, 9, 334, 226, 0, 0.73%, 9, 0, 13, 1406.02
1639555830, 2, 45, 337, 225, 0, 0.73%, 9, 0, 13, 1411.39
1639555835, 2, 67, 338, 219, 0, 0.73%, 9, 0, 13, 1404.76
1639555841, 2, 89, 338, 214, 0, 0.73%, 9, 0, 13, 1413.48
1639555846, 2, 118, 340, 213, 0, 0.73%, 9, 0, 13, 1420.64
1639555851, 2, 141, 340, 211, 0, 0.73%, 9, 0, 13, 1405.81
1639555856, 2, 164, 340, 205, 0, 0.73%, 9, 0, 13, 1398.75
1639555861, 2, 341, 343, 205, 1, 0.73%, 9, 0, 13, 1413.26
1639555866, 2, 342, 343, 204, 0, 0.73%, 9, 0, 13, 1407.53
