# unix_time, cycles_done, cur_path, paths_total, pending_total, pending_favs, map_size, unique_crashes, unique_hangs, max_depth, execs_per_sec
1639475422, 0, 0, 620, 620, 91, 0.86%, 0, 0, 1, 1208.28
1639475427, 0, 74, 620, 610, 81, 0.86%, 3, 0, 1, 1352.03
1639475432, 0, 126, 620, 599, 70, 0.86%, 4, 0, 1, 1409.90
1639475437, 0, 181, 620, 591, 63, 0.86%, 4, 0, 1, 1395.00
1639475442, 0, 288, 620, 582, 55, 0.86%, 5, 0, 1, 1407.69
1639475448, 0, 363, 620, 571, 45, 0.86%, 5, 0, 1, 1372.36
1639475453, 0, 406, 620, 562, 36, 0.86%, 5, 0, 1, 1368.17
1639475458, 0, 474, 620, 554, 28, 0.86%, 5, 0, 1, 1360.32
1639475463, 0, 507, 620, 546, 20, 0.86%, 5, 0, 1, 1377.87
1639475468, 0, 563, 620, 538, 12, 0.86%, 5, 0, 1, 1384.22
1639475473, 1, 0, 620, 526, 0, 0.86%, 5, 0, 1, 1390.58
1639475478, 1, 25, 620, 518, 0, 0.86%, 6, 0, 1, 1376.73
1639475483, 1, 41, 620, 513, 0, 0.86%, 6, 0, 1, 1374.93
1639475488, 1, 72, 620, 505, 0, 0.86%, 6, 0, 1, 1393.62
1639475493, 1, 84, 620, 503, 0, 0.86%, 6, 0, 1, 1408.64
1639475498, 1, 106, 620, 495, 0, 0.86%, 6, 0, 1, 1378.62
1639475503, 1, 126, 620, 492, 0, 0.86%, 6, 0, 1, 1361.57
1639475508, 1, 152, 620, 484, 0, 0.86%, 6, 0, 1, 1371.48
1639475513, 1, 181, 620, 481, 0, 0.86%, 6, 0, 1, 1362.59
1639475518, 1, 207, 620, 475, 0, 0.86%, 6, 0, 1, 1360.22
1639475524, 1, 256, 620, 468, 0, 0.86%, 6, 0, 1, 1379.06
1639475529, 1, 284, 620, 461, 0, 0.86%, 6, 0, 1, 1574.65
1639475534, 1, 305, 620, 455, 0, 0.86%, 6, 0, 1, 1420.07
1639475539, 1, 333, 620, 447, 0, 0.86%, 6, 0, 1, 1383.37
1639475544, 1, 359, 620, 441, 0, 0.86%, 7, 0, 1, 1391.98
1639475549, 1, 376, 620, 435, 0, 0.86%, 7, 0, 1, 1382.91
1639475554, 1, 395, 620, 432, 0, 0.86%, 7, 0, 1, 1377.78
1639475559, 1, 424, 620, 425, 0, 0.86%, 7, 0, 1, 1377.30
1639475564, 1, 444, 620, 419, 0, 0.86%, 7, 0, 1, 1402.84
1639475570, 1, 474, 620, 414, 0, 0.86%, 8, 0, 1, 1363.48
1639475575, 1, 488, 620, 411, 0, 0.86%, 8, 0, 1, 1329.03
1639475580, 1, 511, 621, 409, 0, 0.86%, 9, 0, 2, 1347.13
1639475585, 1, 543, 621, 402, 0, 0.86%, 9, 0, 2, 1339.12
1639475590, 1, 561, 621, 398, 0, 0.86%, 9, 0, 2, 1384.23
1639475595, 1, 589, 621, 394, 0, 0.86%, 9, 0, 2, 1356.07
1639475600, 1, 607, 621, 390, 0, 0.86%, 9, 0, 2, 1356.40
1639475605, 2, 1, 622, 386, 0, 0.86%, 9, 0, 3, 1355.60
1639475610, 2, 40, 622, 381, 0, 0.86%, 9, 0, 3, 1358.34
1639475615, 2, 73, 622, 377, 0, 0.86%, 9, 0, 3, 1373.21
1639475621, 2, 91, 622, 374, 0, 0.86%, 9, 0, 3, 1387.65
1639475626, 2, 126, 622, 371, 0, 0.86%, 9, 0, 3, 1374.06
1639475631, 2, 168, 622, 367, 0, 0.86%, 9, 0, 3, 1374.16
1639475636, 2, 187, 622, 363, 0, 0.86%, 9, 0, 3, 1380.86
1639475641, 2, 215, 622, 359, 0, 0.86%, 9, 0, 3, 1377.62
1639475646, 2, 247, 622, 349, 0, 0.86%, 9, 0, 3, 1385.41
1639475651, 2, 297, 622, 344, 0, 0.86%, 10, 0, 3, 1403.97
1639475656, 2, 331, 622, 340, 0, 0.86%, 10, 0, 3, 1330.96
1639475661, 2, 365, 622, 334, 0, 0.86%, 10, 0, 3, 1365.15
1639475666, 2, 383, 622, 330, 0, 0.86%, 10, 0, 3, 1371.98
1639475672, 2, 406, 623, 327, 0, 0.86%, 10, 0, 3, 1375.83
1639475677, 2, 432, 623, 322, 0, 0.86%, 10, 0, 3, 1375.04
1639475682, 2, 450, 623, 318, 0, 0.86%, 10, 0, 3, 1348.19
1639475687, 2, 478, 623, 312, 0, 0.86%, 10, 0, 3, 1374.08
1639475692, 2, 503, 623, 309, 0, 0.86%, 10, 0, 3, 1394.10
1639475697, 2, 542, 623, 304, 0, 0.86%, 10, 0, 3, 1388.73
1639475702, 2, 563, 623, 301, 0, 0.86%, 10, 0, 3, 1383.32
1639475707, 2, 588, 623, 295, 0, 0.86%, 10, 0, 3, 1368.04
1639475713, 2, 606, 623, 290, 0, 0.86%, 10, 0, 3, 1366.85
1639475718, 3, 36, 624, 288, 0, 0.86%, 10, 0, 3, 1372.19
