# unix_time, cycles_done, cur_path, paths_total, pending_total, pending_favs, map_size, unique_crashes, unique_hangs, max_depth, execs_per_sec
1639563467, 0, 0, 941, 941, 86, 0.87%, 0, 0, 1, 973.62
1639563472, 0, 194, 942, 931, 77, 0.87%, 4, 0, 2, 1307.08
1639563477, 0, 271, 944, 922, 68, 0.87%, 5, 0, 2, 1409.46
1639563482, 0, 350, 950, 922, 65, 0.88%, 5, 0, 2, 1414.23
1639563487, 0, 415, 950, 914, 58, 0.88%, 5, 0, 2, 1429.72
1639563493, 0, 510, 950, 906, 50, 0.88%, 7, 0, 2, 1423.19
1639563498, 0, 587, 950, 896, 40, 0.88%, 7, 0, 2, 1425.31
1639563503, 0, 694, 950, 887, 32, 0.88%, 7, 0, 2, 1428.92
1639563508, 0, 763, 950, 876, 21, 0.88%, 8, 0, 2, 1421.28
1639563513, 0, 886, 950, 865, 12, 0.88%, 8, 0, 2, 1421.66
1639563518, 0, 944, 952, 860, 7, 0.89%, 9, 0, 3, 1418.64
1639563523, 0, 956, 958, 858, 2, 0.90%, 9, 0, 5, 1424.74
1639563528, 1, 667, 958, 852, 0, 0.90%, 9, 0, 5, 1404.21
1639563533, 1, 681, 958, 846, 0, 0.90%, 9, 0, 5, 1328.14
1639563538, 1, 715, 958, 841, 0, 0.90%, 9, 0, 5, 1391.18
1639563543, 1, 750, 958, 835, 0, 0.90%, 9, 0, 5, 1363.90
1639563548, 1, 761, 958, 832, 0, 0.90%, 9, 0, 5, 1381.81
1639563553, 1, 787, 958, 827, 0, 0.90%, 9, 0, 5, 1407.99
1639563558, 1, 829, 958, 821, 0, 0.90%, 9, 0, 5, 1392.11
1639563563, 1, 875, 958, 813, 0, 0.90%, 11, 0, 5, 1407.53
1639563569, 1, 900, 958, 807, 0, 0.90%, 11, 0, 5, 1373.55
1639563574, 1, 932, 958, 802, 0, 0.90%, 11, 0, 5, 1397.51
1639563579, 1, 953, 958, 800, 0, 0.90%, 11, 0, 5, 1409.63
1639563584, 1, 959, 963, 804, 3, 0.90%, 11, 0, 5, 1418.24
1639563589, 2, 0, 963, 801, 0, 0.90%, 11, 0, 5, 1394.50
1639563594, 2, 32, 963, 791, 0, 0.90%, 11, 0, 5, 1435.91
1639563599, 2, 67, 963, 782, 0, 0.90%, 11, 0, 5, 1442.76
1639563604, 2, 107, 963, 773, 0, 0.90%, 12, 0, 5, 1410.04
1639563609, 2, 151, 963, 764, 0, 0.90%, 13, 0, 5, 1398.70
1639563614, 2, 189, 963, 756, 0, 0.90%, 13, 0, 5, 1422.07
1639563619, 2, 203, 963, 751, 0, 0.90%, 13, 0, 5, 1410.89
1639563624, 2, 240, 963, 747, 0, 0.90%, 13, 0, 5, 1421.76
1639563629, 2, 256, 963, 743, 0, 0.90%, 13, 0, 5, 1374.44
1639563635, 2, 274, 963, 738, 0, 0.90%, 13, 0, 5, 1384.58
1639563640, 2, 297, 963, 731, 0, 0.90%, 13, 0, 5, 1409.52
1639563645, 2, 321, 963, 725, 0, 0.90%, 13, 0, 5, 1393.10
1639563650, 2, 343, 963, 718, 0, 0.90%, 13, 0, 5, 1448.33
1639563656, 2, 364, 963, 713, 0, 0.90%, 13, 0, 5, 1435.43
1639563661, 2, 384, 963, 707, 0, 0.90%, 13, 0, 5, 1573.70
1639563666, 2, 402, 963, 702, 0, 0.90%, 13, 0, 5, 1451.03
1639563671, 2, 421, 963, 697, 0, 0.90%, 13, 0, 5, 1421.67
1639563676, 2, 443, 963, 688, 0, 0.90%, 13, 0, 5, 1429.56
1639563681, 2, 471, 963, 679, 0, 0.90%, 15, 0, 5, 1417.55
1639563686, 2, 508, 963, 672, 0, 0.90%, 15, 0, 5, 1417.79
1639563692, 2, 535, 963, 667, 0, 0.90%, 16, 0, 5, 1410.25
1639563697, 2, 563, 963, 661, 0, 0.90%, 17, 0, 5, 1423.54
1639563702, 2, 591, 963, 654, 0, 0.90%, 17, 0, 5, 1443.32
1639563707, 2, 624, 963, 647, 0, 0.90%, 17, 0, 5, 1510.08
1639563712, 2, 694, 963, 637, 0, 0.90%, 17, 0, 5, 2185.70
1639563717, 2, 750, 963, 625, 0, 0.90%, 17, 0, 5, 2316.43
1639563722, 2, 812, 963, 617, 0, 0.90%, 17, 0, 5, 2370.22
1639563727, 2, 892, 963, 607, 0, 0.90%, 17, 0, 5, 2402.99
1639563732, 2, 943, 963, 597, 0, 0.90%, 17, 0, 5, 2437.38
1639563738, 2, 960, 964, 597, 0, 0.90%, 17, 0, 6, 2539.30
1639563743, 3, 95, 964, 587, 0, 0.90%, 17, 0, 6, 2572.49
1639563748, 3, 151, 964, 570, 0, 0.90%, 17, 0, 6, 2549.56
1639563753, 3, 218, 964, 563, 0, 0.90%, 17, 0, 6, 2509.22
1639563758, 3, 268, 964, 556, 0, 0.90%, 17, 0, 6, 1981.37
