# unix_time, cycles_done, cur_path, paths_total, pending_total, pending_favs, map_size, unique_crashes, unique_hangs, max_depth, execs_per_sec
1639515633, 0, 0, 792, 792, 78, 0.83%, 0, 0, 1, 1141.83
1639515638, 0, 107, 794, 784, 69, 0.83%, 3, 0, 2, 1273.73
1639515643, 0, 240, 794, 776, 61, 0.83%, 3, 0, 2, 1349.10
1639515649, 0, 319, 794, 767, 53, 0.83%, 5, 0, 2, 1405.44
1639515654, 0, 367, 794, 759, 45, 0.83%, 5, 0, 2, 1463.46
1639515659, 0, 467, 794, 748, 35, 0.83%, 5, 0, 2, 1474.25
1639515664, 0, 575, 794, 737, 24, 0.83%, 7, 0, 2, 1482.78
1639515669, 0, 673, 794, 726, 13, 0.83%, 7, 0, 2, 1464.76
1639515674, 0, 743, 794, 717, 4, 0.83%, 7, 0, 2, 1492.15
1639515679, 1, 15, 794, 708, 0, 0.83%, 8, 0, 2, 1460.18
1639515684, 1, 36, 794, 701, 0, 0.83%, 8, 0, 2, 1471.40
1639515689, 1, 92, 794, 694, 0, 0.83%, 8, 0, 2, 1488.38
1639515694, 1, 127, 794, 688, 0, 0.83%, 9, 0, 2, 1485.28
1639515700, 1, 160, 794, 677, 0, 0.83%, 10, 0, 2, 1450.64
1639515705, 1, 198, 794, 670, 0, 0.83%, 10, 0, 2, 1442.35
1639515710, 1, 211, 794, 664, 0, 0.83%, 12, 0, 2, 1429.86
1639515715, 1, 247, 794, 658, 0, 0.83%, 12, 0, 2, 1457.67
1639515720, 1, 278, 794, 652, 0, 0.83%, 13, 0, 2, 1480.27
1639515725, 1, 313, 794, 645, 0, 0.83%, 13, 0, 2, 1480.64
1639515730, 1, 331, 796, 645, 0, 0.83%, 13, 0, 2, 1448.15
1639515735, 1, 367, 796, 640, 0, 0.83%, 13, 0, 2, 1432.66
1639515740, 1, 396, 796, 635, 0, 0.83%, 13, 0, 2, 1461.53
1639515745, 1, 796, 797, 631, 2, 0.83%, 13, 0, 2, 1460.15
1639515751, 2, 131, 798, 628, 0, 0.83%, 13, 0, 3, 1485.87
1639515756, 2, 173, 800, 623, 0, 0.83%, 14, 0, 3, 1587.20
1639515761, 2, 200, 800, 618, 0, 0.83%, 14, 0, 3, 1431.65
1639515766, 2, 229, 800, 613, 0, 0.83%, 15, 0, 3, 1422.97
1639515771, 2, 261, 800, 605, 0, 0.83%, 15, 0, 3, 1451.88
1639515776, 2, 294, 800, 597, 0, 0.83%, 15, 0, 3, 1449.20
1639515781, 2, 325, 800, 592, 0, 0.83%, 15, 0, 3, 1446.75
1639515786, 2, 343, 800, 587, 0, 0.83%, 16, 0, 3, 1409.89
1639515791, 2, 374, 800, 582, 0, 0.83%, 16, 0, 3, 1413.01
1639515797, 2, 401, 800, 577, 0, 0.83%, 16, 0, 3, 1427.60
1639515802, 2, 433, 800, 570, 0, 0.83%, 16, 0, 3, 1459.99
1639515807, 2, 461, 800, 563, 0, 0.83%, 18, 0, 3, 1480.73
1639515812, 2, 479, 800, 558, 0, 0.83%, 18, 0, 3, 1478.09
1639515817, 2, 510, 800, 549, 0, 0.83%, 18, 0, 3, 1465.11
1639515822, 2, 557, 800, 540, 0, 0.83%, 18, 0, 3, 1451.72
1639515827, 2, 578, 800, 533, 0, 0.83%, 18, 0, 3, 1458.96
1639515832, 2, 612, 800, 525, 0, 0.83%, 18, 0, 3, 1458.38
1639515837, 2, 756, 800, 518, 1, 0.83%, 18, 0, 3, 1453.71
1639515842, 2, 778, 800, 508, 0, 0.83%, 18, 0, 3, 1449.94
1639515847, 2, 796, 800, 501, 0, 0.83%, 18, 0, 3, 1458.94
1639515852, 3, 41, 800, 496, 0, 0.83%, 18, 0, 3, 1425.06
1639515857, 3, 69, 800, 489, 0, 0.83%, 18, 0, 3, 1431.65
1639515862, 3, 100, 800, 484, 0, 0.83%, 18, 0, 3, 1427.03
1639515867, 3, 126, 800, 480, 0, 0.83%, 19, 0, 3, 1441.07
1639515872, 3, 187, 800, 475, 0, 0.83%, 19, 0, 3, 1411.10
1639515877, 3, 217, 800, 471, 0, 0.83%, 19, 0, 3, 1362.80
1639515883, 3, 254, 800, 465, 0, 0.83%, 19, 0, 3, 1348.07
1639515888, 3, 329, 800, 461, 0, 0.83%, 19, 0, 3, 1344.77
1639515893, 3, 367, 800, 459, 0, 0.83%, 19, 0, 3, 1404.93
1639515898, 3, 397, 800, 454, 0, 0.83%, 19, 0, 3, 1415.29
1639515903, 3, 442, 800, 450, 0, 0.83%, 19, 0, 3, 1454.93
1639515908, 3, 479, 800, 445, 0, 0.83%, 19, 0, 3, 1455.08
1639515913, 3, 522, 800, 440, 0, 0.83%, 21, 0, 3, 1459.73
1639515918, 3, 573, 800, 433, 0, 0.83%, 22, 0, 3, 1450.72
1639515923, 3, 589, 800, 429, 0, 0.83%, 22, 0, 3, 1449.67
