# unix_time, cycles_done, cur_path, paths_total, pending_total, pending_favs, map_size, unique_crashes, unique_hangs, max_depth, execs_per_sec
1639587924, 0, 0, 386, 386, 76, 0.77%, 0, 0, 1, 1049.27
1639587929, 0, 39, 386, 378, 67, 0.77%, 5, 0, 1, 1311.19
1639587934, 0, 84, 386, 368, 57, 0.77%, 7, 0, 1, 1384.30
1639587939, 0, 143, 386, 359, 50, 0.77%, 7, 0, 1, 1401.64
1639587944, 0, 179, 386, 350, 41, 0.77%, 7, 0, 1, 1439.09
1639587950, 0, 217, 387, 341, 32, 0.78%, 8, 0, 2, 1408.27
1639587955, 0, 263, 388, 333, 26, 0.78%, 8, 0, 2, 1418.54
1639587960, 0, 318, 388, 323, 16, 0.78%, 8, 0, 2, 1419.15
1639587965, 0, 352, 388, 315, 9, 0.78%, 8, 0, 2, 1400.74
1639587970, 0, 386, 388, 308, 2, 0.78%, 9, 0, 2, 1417.10
1639587975, 1, 53, 388, 304, 0, 0.78%, 9, 0, 2, 1416.62
1639587980, 1, 76, 389, 300, 0, 0.78%, 9, 0, 2, 1322.87
1639587985, 1, 90, 390, 294, 0, 0.78%, 9, 0, 2, 1321.66
1639587990, 1, 114, 390, 286, 0, 0.78%, 9, 0, 2, 1344.04
1639587995, 1, 140, 390, 280, 0, 0.78%, 9, 0, 2, 1268.38
1639588001, 1, 157, 390, 278, 0, 0.78%, 9, 0, 2, 1345.49
1639588006, 1, 182, 390, 274, 0, 0.78%, 9, 0, 2, 1369.80
1639588011, 1, 202, 391, 272, 0, 0.78%, 10, 0, 2, 1288.23
1639588016, 2, 24, 391, 266, 0, 0.78%, 10, 0, 2, 1377.38
1639588021, 2, 49, 391, 262, 0, 0.78%, 10, 0, 2, 1282.35
1639588026, 2, 64, 391, 260, 0, 0.78%, 10, 0, 2, 1323.57
1639588031, 2, 106, 391, 256, 0, 0.78%, 10, 0, 2, 1334.78
1639588036, 2, 141, 391, 253, 0, 0.78%, 11, 0, 2, 1349.54
1639588041, 2, 166, 391, 250, 0, 0.78%, 12, 0, 2, 1308.40
1639588046, 2, 187, 391, 247, 0, 0.78%, 12, 0, 2, 1327.68
1639588051, 2, 210, 392, 244, 0, 0.78%, 12, 0, 2, 1381.38
1639588056, 2, 232, 392, 238, 0, 0.78%, 12, 0, 2, 1329.51
1639588061, 2, 263, 392, 235, 0, 0.78%, 13, 0, 2, 1317.49
1639588067, 2, 286, 392, 232, 0, 0.78%, 13, 0, 2, 1335.07
1639588072, 2, 304, 392, 227, 0, 0.78%, 13, 0, 2, 1397.57
1639588077, 2, 322, 392, 221, 0, 0.78%, 13, 0, 2, 1387.50
1639588082, 2, 343, 392, 217, 0, 0.78%, 13, 0, 2, 1333.67
1639588087, 2, 362, 392, 215, 0, 0.78%, 13, 0, 2, 1291.92
1639588092, 2, 386, 392, 212, 0, 0.78%, 13, 0, 2, 1278.83
1639588097, 3, 12, 392, 207, 0, 0.78%, 13, 0, 2, 1314.09
1639588102, 3, 49, 392, 203, 0, 0.78%, 13, 0, 2, 1317.69
1639588107, 3, 62, 392, 201, 0, 0.78%, 13, 0, 2, 1355.07
1639588113, 3, 106, 392, 196, 0, 0.78%, 13, 0, 2, 1341.18
1639588118, 3, 140, 392, 193, 0, 0.78%, 13, 0, 2, 1318.53
1639588123, 3, 164, 392, 190, 0, 0.78%, 13, 0, 2, 1308.45
1639588128, 3, 182, 392, 187, 0, 0.78%, 13, 0, 2, 1367.56
1639588133, 3, 210, 392, 183, 0, 0.78%, 13, 0, 2, 1241.84
1639588138, 3, 230, 392, 180, 0, 0.78%, 13, 0, 2, 1201.76
1639588143, 3, 246, 392, 179, 0, 0.78%, 13, 0, 2, 1160.52
1639588148, 3, 269, 392, 174, 0, 0.78%, 13, 0, 2, 1243.72
1639588153, 3, 292, 392, 171, 0, 0.78%, 13, 0, 2, 1224.27
1639588158, 3, 307, 392, 168, 0, 0.78%, 13, 0, 2, 1167.04
1639588163, 3, 323, 392, 167, 0, 0.78%, 13, 0, 2, 1126.52
1639588169, 3, 338, 392, 162, 0, 0.78%, 13, 0, 2, 1047.72
1639588174, 3, 352, 392, 160, 0, 0.78%, 13, 0, 2, 1057.29
1639588179, 3, 364, 392, 158, 0, 0.78%, 13, 0, 2, 1187.86
1639588184, 3, 384, 392, 151, 0, 0.78%, 13, 0, 2, 1284.88
1639588189, 4, 8, 392, 149, 0, 0.78%, 14, 0, 2, 1259.47
1639588194, 4, 31, 392, 146, 0, 0.78%, 14, 0, 2, 1247.74
1639588199, 4, 108, 393, 143, 1, 0.78%, 14, 0, 2, 1185.10
1639588204, 5, 1, 393, 140, 0, 0.78%, 14, 0, 2, 1242.48
1639588209, 5, 31, 393, 138, 0, 0.78%, 14, 0, 2, 1248.52
1639588215, 5, 60, 393, 136, 0, 0.78%, 14, 0, 2, 1611.31
1639588220, 5, 106, 393, 134, 0, 0.78%, 14, 0, 2, 1271.79
