# unix_time, cycles_done, cur_path, paths_total, pending_total, pending_favs, map_size, unique_crashes, unique_hangs, max_depth, execs_per_sec
1639602387, 0, 0, 952, 952, 103, 0.93%, 0, 0, 1, 995.43
1639602392, 0, 120, 952, 936, 88, 0.93%, 4, 0, 1, 1592.25
1639602397, 0, 206, 952, 924, 77, 0.93%, 5, 0, 1, 1393.02
1639602402, 0, 294, 952, 913, 66, 0.93%, 5, 0, 1, 1413.94
1639602407, 0, 352, 952, 905, 58, 0.93%, 6, 0, 1, 1399.32
1639602412, 0, 392, 952, 896, 50, 0.93%, 7, 0, 1, 1401.70
1639602417, 0, 509, 952, 884, 38, 0.93%, 7, 0, 1, 1417.01
1639602423, 0, 588, 952, 874, 29, 0.93%, 9, 0, 1, 1435.55
1639602428, 0, 656, 952, 866, 23, 0.93%, 9, 0, 1, 1423.72
1639602433, 0, 765, 952, 854, 14, 0.93%, 9, 0, 1, 1449.59
1639602438, 0, 908, 952, 844, 4, 0.93%, 9, 0, 1, 1438.97
1639602443, 1, 12, 952, 838, 0, 0.93%, 9, 0, 1, 1432.26
1639602448, 1, 37, 952, 829, 0, 0.93%, 9, 0, 1, 1401.13
1639602453, 1, 65, 952, 822, 0, 0.93%, 9, 0, 1, 1415.05
1639602459, 1, 103, 952, 817, 0, 0.93%, 9, 0, 1, 1386.92
1639602464, 1, 131, 952, 811, 0, 0.93%, 9, 0, 1, 1370.67
1639602469, 1, 168, 952, 805, 0, 0.93%, 9, 0, 1, 1310.21
1639602474, 1, 189, 952, 797, 0, 0.93%, 9, 0, 1, 1328.09
1639602479, 1, 215, 952, 792, 0, 0.93%, 9, 0, 1, 1313.41
1639602484, 1, 238, 952, 785, 0, 0.93%, 9, 0, 1, 1304.82
1639602489, 1, 272, 952, 781, 0, 0.93%, 9, 0, 1, 1296.97
1639602494, 1, 288, 953, 777, 0, 0.93%, 10, 0, 2, 1266.37
1639602499, 1, 305, 953, 773, 0, 0.93%, 10, 0, 2, 1267.34
1639602504, 1, 336, 953, 768, 0, 0.93%, 11, 0, 2, 1220.81
1639602509, 1, 350, 953, 763, 0, 0.93%, 11, 0, 2, 1162.16
1639602514, 1, 365, 953, 760, 0, 0.93%, 11, 0, 2, 1147.34
1639602519, 1, 382, 953, 757, 0, 0.93%, 11, 0, 2, 1092.76
1639602525, 1, 397, 953, 751, 0, 0.93%, 11, 0, 2, 1102.24
1639602530, 1, 413, 953, 743, 0, 0.93%, 11, 0, 2, 1062.31
1639602535, 1, 431, 953, 739, 0, 0.93%, 11, 0, 2, 1063.10
1639602540, 1, 462, 953, 733, 0, 0.93%, 11, 0, 2, 1113.31
1639602545, 1, 496, 953, 727, 0, 0.93%, 11, 0, 2, 1189.39
1639602550, 1, 522, 953, 723, 0, 0.93%, 12, 0, 2, 1271.63
1639602555, 1, 553, 953, 717, 0, 0.93%, 13, 0, 2, 1282.42
1639602560, 1, 563, 953, 713, 0, 0.93%, 13, 0, 2, 1218.94
1639602566, 1, 588, 954, 709, 0, 0.93%, 14, 0, 2, 1224.17
1639602571, 1, 623, 954, 703, 0, 0.93%, 14, 0, 2, 1236.17
1639602576, 1, 635, 954, 696, 0, 0.93%, 14, 0, 2, 1264.72
1639602581, 1, 653, 954, 691, 0, 0.93%, 14, 0, 2, 1331.08
1639602586, 1, 678, 954, 685, 0, 0.93%, 14, 0, 2, 1327.40
1639602591, 1, 701, 954, 680, 0, 0.93%, 14, 0, 2, 1333.79
1639602596, 1, 734, 954, 673, 0, 0.93%, 14, 0, 2, 1304.62
1639602601, 1, 765, 954, 667, 0, 0.93%, 14, 0, 2, 1285.41
1639602606, 1, 791, 954, 661, 0, 0.93%, 14, 0, 2, 1318.68
1639602611, 1, 828, 954, 652, 0, 0.93%, 14, 0, 2, 1306.12
1639602617, 1, 845, 954, 644, 0, 0.93%, 15, 0, 2, 1283.47
1639602622, 1, 869, 954, 638, 0, 0.93%, 15, 0, 2, 1288.33
1639602627, 1, 888, 954, 629, 0, 0.93%, 15, 0, 2, 1317.14
1639602632, 1, 924, 954, 622, 0, 0.93%, 15, 0, 2, 1371.26
1639602637, 1, 953, 954, 618, 0, 0.93%, 15, 0, 2, 1397.20
1639602642, 2, 27, 954, 612, 0, 0.93%, 15, 0, 2, 1384.47
1639602647, 2, 65, 954, 607, 0, 0.93%, 15, 0, 2, 1375.42
1639602652, 2, 82, 954, 603, 0, 0.93%, 15, 0, 2, 1361.88
1639602657, 2, 120, 954, 597, 0, 0.93%, 15, 0, 2, 1356.93
1639602662, 2, 152, 954, 592, 0, 0.93%, 15, 0, 2, 1373.96
1639602667, 2, 189, 955, 588, 0, 0.93%, 15, 0, 2, 1401.29
1639602673, 2, 242, 955, 585, 0, 0.93%, 15, 0, 2, 1382.13
1639602678, 2, 262, 955, 580, 0, 0.93%, 15, 0, 2, 1377.33
