# unix_time, cycles_done, cur_path, paths_total, pending_total, pending_favs, map_size, unique_crashes, unique_hangs, max_depth, execs_per_sec
1639550944, 0, 0, 628, 628, 97, 0.96%, 0, 0, 1, 1283.60
1639550949, 0, 57, 628, 619, 88, 0.96%, 3, 0, 1, 1397.29
1639550954, 0, 145, 628, 605, 74, 0.96%, 3, 0, 1, 1441.13
1639550959, 0, 199, 628, 597, 67, 0.96%, 4, 0, 1, 1406.45
1639550965, 0, 239, 628, 589, 59, 0.96%, 5, 0, 1, 1403.55
1639550970, 0, 333, 628, 577, 47, 0.96%, 5, 0, 1, 1394.53
1639550975, 0, 375, 628, 568, 38, 0.96%, 6, 0, 1, 1439.84
1639550980, 0, 431, 628, 559, 31, 0.96%, 6, 0, 1, 1453.79
1639550985, 0, 480, 628, 550, 23, 0.96%, 7, 0, 1, 1444.71
1639550990, 0, 512, 628, 541, 16, 0.96%, 7, 0, 1, 1442.28
1639550995, 0, 557, 628, 533, 8, 0.96%, 7, 0, 1, 1454.86
1639551000, 1, 2, 628, 524, 0, 0.96%, 7, 0, 1, 1450.56
1639551005, 1, 18, 628, 518, 0, 0.96%, 8, 0, 1, 1447.52
1639551010, 1, 49, 628, 512, 0, 0.96%, 8, 0, 1, 1453.44
1639551016, 1, 77, 628, 508, 0, 0.96%, 9, 0, 1, 1431.71
1639551021, 1, 104, 628, 498, 0, 0.96%, 9, 0, 1, 1441.25
1639551026, 1, 129, 628, 492, 0, 0.96%, 10, 0, 1, 1446.06
1639551031, 1, 158, 628, 487, 0, 0.96%, 10, 0, 1, 1419.67
1639551036, 1, 190, 628, 482, 0, 0.96%, 10, 0, 1, 1455.73
1639551041, 1, 215, 628, 478, 0, 0.96%, 10, 0, 1, 1703.96
1639551046, 1, 451, 629, 476, 1, 0.96%, 11, 0, 2, 1515.67
1639551051, 2, 17, 629, 469, 0, 0.96%, 11, 0, 2, 1451.12
1639551056, 2, 52, 629, 467, 0, 0.96%, 12, 0, 2, 1446.25
1639551062, 2, 89, 629, 465, 0, 0.96%, 13, 0, 2, 1455.64
1639551067, 2, 127, 629, 458, 0, 0.96%, 13, 0, 2, 1460.53
1639551072, 2, 175, 629, 454, 0, 0.96%, 13, 0, 2, 1452.11
1639551077, 2, 196, 629, 447, 0, 0.96%, 13, 0, 2, 1437.22
1639551082, 2, 230, 629, 444, 0, 0.96%, 13, 0, 2, 1445.97
1639551087, 2, 247, 629, 440, 0, 0.96%, 13, 0, 2, 1449.74
1639551092, 2, 274, 629, 432, 0, 0.96%, 14, 0, 2, 1466.01
1639551097, 2, 300, 629, 427, 0, 0.96%, 14, 0, 2, 1423.47
1639551102, 2, 314, 629, 421, 0, 0.96%, 14, 0, 2, 1443.38
1639551108, 2, 337, 629, 415, 0, 0.96%, 14, 0, 2, 1440.64
1639551113, 2, 360, 629, 410, 0, 0.96%, 14, 0, 2, 1448.92
1639551118, 2, 375, 629, 404, 0, 0.96%, 15, 0, 2, 1447.76
1639551123, 2, 401, 629, 397, 0, 0.96%, 15, 0, 2, 1465.48
1639551128, 2, 431, 629, 392, 0, 0.96%, 15, 0, 2, 1452.60
1639551133, 2, 447, 629, 387, 0, 0.96%, 16, 0, 2, 1446.89
1639551138, 2, 478, 629, 380, 0, 0.96%, 16, 0, 2, 1445.20
1639551143, 2, 503, 629, 375, 0, 0.96%, 16, 0, 2, 1458.25
1639551148, 2, 530, 629, 371, 0, 0.96%, 16, 0, 2, 1421.38
1639551153, 2, 552, 629, 368, 0, 0.96%, 16, 0, 2, 1446.42
1639551159, 2, 582, 629, 363, 0, 0.96%, 16, 0, 2, 1448.55
1639551164, 2, 612, 629, 356, 0, 0.96%, 16, 0, 2, 1456.66
1639551169, 3, 3, 629, 352, 0, 0.96%, 16, 0, 2, 1430.62
1639551174, 3, 18, 629, 348, 0, 0.96%, 16, 0, 2, 1435.98
1639551179, 3, 70, 629, 345, 0, 0.96%, 16, 0, 2, 1443.17
1639551184, 3, 101, 629, 341, 0, 0.96%, 16, 0, 2, 1456.85
1639551189, 3, 133, 629, 338, 0, 0.96%, 16, 0, 2, 1447.32
1639551194, 3, 152, 629, 332, 0, 0.96%, 16, 0, 2, 1430.82
1639551199, 3, 190, 629, 329, 0, 0.96%, 16, 0, 2, 1417.23
1639551205, 3, 220, 629, 324, 0, 0.96%, 16, 0, 2, 1445.30
1639551210, 3, 239, 629, 322, 0, 0.96%, 16, 0, 2, 1439.18
1639551215, 3, 279, 629, 316, 0, 0.96%, 16, 0, 2, 1441.59
1639551220, 3, 304, 629, 308, 0, 0.96%, 16, 0, 2, 1432.60
1639551225, 3, 340, 629, 307, 0, 0.96%, 16, 0, 2, 1440.20
1639551230, 3, 367, 629, 304, 0, 0.96%, 16, 0, 2, 1433.43
1639551235, 3, 417, 630, 302, 0, 0.96%, 16, 0, 2, 1441.75
1639551240, 3, 434, 630, 299, 0, 0.96%, 16, 0, 2, 1440.95
