# unix_time, cycles_done, cur_path, paths_total, pending_total, pending_favs, map_size, unique_crashes, unique_hangs, max_depth, execs_per_sec
1639510626, 0, 0, 1, 1, 1, 0.12%, 0, 0, 1, 1333.33
1639510631, 0, 8, 82, 80, 38, 0.46%, 1, 0, 3, 1749.09
1639510637, 0, 13, 92, 88, 37, 0.46%, 1, 0, 3, 1382.89
1639510642, 0, 22, 113, 106, 35, 0.50%, 3, 0, 3, 1355.97
1639510647, 0, 33, 137, 124, 38, 0.52%, 3, 0, 3, 1393.97
1639510652, 0, 51, 150, 124, 25, 0.53%, 3, 0, 3, 1441.60
1639510657, 0, 102, 157, 120, 16, 0.55%, 5, 0, 3, 1447.73
1639510662, 0, 129, 160, 114, 7, 0.55%, 6, 0, 4, 1444.92
1639510667, 0, 147, 174, 124, 7, 0.56%, 7, 0, 4, 1451.73
1639510672, 0, 159, 180, 127, 8, 0.57%, 7, 0, 5, 1430.37
1639510677, 0, 167, 192, 138, 11, 0.59%, 9, 0, 5, 1417.28
1639510683, 0, 176, 198, 141, 8, 0.60%, 9, 0, 6, 1391.76
1639510688, 0, 182, 210, 151, 11, 0.61%, 9, 0, 6, 1430.70
1639510693, 0, 185, 214, 153, 11, 0.61%, 10, 0, 6, 1390.95
1639510698, 0, 193, 217, 154, 10, 0.62%, 10, 0, 6, 1372.67
1639510703, 0, 196, 222, 157, 9, 0.63%, 10, 0, 7, 1362.54
1639510708, 0, 197, 226, 160, 8, 0.66%, 10, 0, 7, 1384.67
1639510713, 0, 200, 226, 159, 11, 0.66%, 10, 0, 7, 1384.45
1639510718, 0, 216, 235, 164, 13, 0.67%, 10, 0, 7, 1330.37
1639510723, 0, 223, 244, 170, 13, 0.68%, 10, 0, 8, 1096.40
1639510728, 0, 224, 246, 171, 14, 0.69%, 10, 0, 8, 786.05
1639510733, 0, 227, 251, 174, 12, 0.69%, 10, 0, 8, 982.01
1639510738, 0, 230, 253, 174, 10, 0.69%, 10, 0, 8, 1056.65
1639510743, 0, 236, 257, 174, 6, 0.69%, 10, 0, 8, 1095.29
1639510748, 0, 240, 263, 179, 5, 0.72%, 10, 0, 9, 1179.51
1639510753, 0, 241, 264, 179, 6, 0.72%, 10, 0, 9, 1251.86
1639510759, 0, 260, 278, 190, 4, 0.74%, 10, 0, 10, 1320.24
1639510764, 0, 262, 280, 191, 12, 0.74%, 10, 0, 10, 1341.78
1639510769, 0, 266, 280, 188, 9, 0.74%, 10, 0, 10, 1385.75
1639510774, 0, 272, 280, 184, 5, 0.74%, 10, 0, 10, 1382.27
1639510779, 0, 281, 286, 187, 2, 0.74%, 10, 0, 11, 1375.38
1639510784, 1, 18, 287, 185, 0, 0.74%, 10, 0, 12, 1403.96
1639510789, 1, 288, 291, 188, 1, 0.75%, 10, 0, 12, 1381.12
1639510794, 2, 27, 292, 184, 0, 0.75%, 10, 0, 12, 1370.80
1639510799, 2, 44, 297, 189, 0, 0.75%, 10, 0, 12, 1383.49
1639510804, 2, 88, 297, 183, 0, 0.75%, 10, 0, 12, 1411.88
1639510809, 2, 111, 298, 180, 0, 0.75%, 10, 0, 12, 1365.69
1639510815, 2, 124, 300, 176, 0, 0.75%, 10, 0, 12, 1357.18
1639510820, 2, 154, 300, 173, 0, 0.75%, 10, 0, 12, 1365.11
1639510825, 2, 165, 300, 170, 0, 0.75%, 10, 0, 12, 1361.48
1639510830, 2, 170, 300, 167, 0, 0.75%, 10, 0, 12, 1341.60
1639510835, 3, 5, 302, 167, 0, 0.75%, 10, 0, 12, 1297.42
1639510840, 3, 302, 305, 166, 1, 0.79%, 10, 0, 12, 1267.67
1639510845, 4, 13, 305, 163, 0, 0.79%, 10, 0, 12, 1251.54
1639510850, 4, 36, 307, 163, 0, 0.79%, 10, 0, 12, 1254.25
1639510855, 4, 53, 307, 161, 0, 0.79%, 10, 0, 12, 1228.65
1639510861, 4, 268, 308, 159, 1, 0.79%, 10, 0, 12, 1251.59
1639510866, 5, 26, 308, 157, 0, 0.79%, 10, 0, 12, 1288.76
1639510871, 5, 44, 308, 157, 0, 0.79%, 10, 0, 12, 1265.45
1639510876, 5, 70, 310, 153, 0, 0.79%, 10, 0, 12, 1274.37
1639510881, 5, 100, 311, 149, 0, 0.79%, 10, 0, 12, 1277.10
1639510886, 5, 113, 311, 147, 0, 0.79%, 10, 0, 12, 1283.41
1639510892, 5, 139, 311, 142, 0, 0.79%, 10, 0, 12, 1292.91
1639510897, 5, 167, 311, 139, 0, 0.79%, 10, 0, 12, 1340.17
1639510902, 5, 311, 313, 140, 1, 0.79%, 10, 0, 12, 1391.44
1639510907, 5, 311, 313, 140, 1, 0.79%, 11, 0, 12, 1380.67
1639510912, 6, 24, 313, 139, 0, 0.79%, 11, 0, 12, 1374.96
1639510917, 6, 42, 313, 137, 0, 0.79%, 11, 0, 12, 1363.10
1639510922, 6, 91, 313, 134, 0, 0.79%, 11, 0, 12, 1345.41
