# unix_time, cycles_done, cur_path, paths_total, pending_total, pending_favs, map_size, unique_crashes, unique_hangs, max_depth, execs_per_sec
1639518166, 0, 0, 1, 1, 1, 0.01%, 0, 0, 1, 1142.86
1639518171, 32, 0, 1, 0, 0, 0.01%, 0, 0, 1, 1504.46
1639518176, 64, 0, 1, 0, 0, 0.01%, 0, 0, 1, 1590.18
1639518181, 96, 0, 1, 0, 0, 0.01%, 0, 0, 1, 1589.34
1639518186, 128, 0, 1, 0, 0, 0.01%, 0, 0, 1, 1605.03
1639518191, 161, 0, 1, 0, 0, 0.01%, 0, 0, 1, 1670.29
1639518196, 194, 0, 1, 0, 0, 0.01%, 0, 0, 1, 1699.08
1639518202, 228, 0, 1, 0, 0, 0.01%, 0, 0, 1, 1695.04
1639518207, 263, 0, 1, 0, 0, 0.01%, 0, 0, 1, 1724.86
1639518212, 298, 0, 1, 0, 0, 0.01%, 0, 0, 1, 1708.67
1639518217, 332, 0, 1, 0, 0, 0.01%, 0, 0, 1, 1699.46
1639518222, 365, 0, 1, 0, 0, 0.01%, 0, 0, 1, 1661.05
1639518227, 396, 0, 1, 0, 0, 0.01%, 0, 0, 1, 1563.82
1639518232, 426, 0, 1, 0, 0, 0.01%, 0, 0, 1, 1541.35
1639518237, 457, 0, 1, 0, 0, 0.01%, 0, 0, 1, 1566.25
1639518243, 489, 0, 1, 0, 0, 0.01%, 0, 0, 1, 1561.72
1639518248, 520, 0, 1, 0, 0, 0.01%, 0, 0, 1, 1616.22
1639518253, 555, 0, 1, 0, 0, 0.01%, 0, 0, 1, 1684.77
1639518258, 588, 0, 1, 0, 0, 0.01%, 0, 0, 1, 1703.11
1639518263, 622, 0, 1, 0, 0, 0.01%, 0, 0, 1, 1700.31
1639518268, 656, 0, 1, 0, 0, 0.01%, 0, 0, 1, 1681.16
1639518273, 689, 0, 1, 0, 0, 0.01%, 0, 0, 1, 1703.71
1639518278, 723, 0, 1, 0, 0, 0.01%, 0, 0, 1, 1706.83
1639518283, 756, 0, 1, 0, 0, 0.01%, 0, 0, 1, 1676.76
1639518288, 788, 0, 1, 0, 0, 0.01%, 0, 0, 1, 1635.67
1639518293, 819, 0, 1, 0, 0, 0.01%, 0, 0, 1, 1618.33
1639518298, 854, 0, 1, 0, 0, 0.01%, 0, 0, 1, 1688.92
1639518303, 887, 0, 1, 0, 0, 0.01%, 0, 0, 1, 1695.86
1639518308, 919, 0, 1, 0, 0, 0.01%, 0, 0, 1, 1663.86
1639518314, 952, 0, 1, 0, 0, 0.01%, 0, 0, 1, 1647.83
1639518319, 985, 0, 1, 0, 0, 0.01%, 0, 0, 1, 1645.06
1639518324, 1017, 0, 1, 0, 0, 0.01%, 0, 0, 1, 1660.60
1639518329, 1051, 0, 1, 0, 0, 0.01%, 0, 0, 1, 1676.08
1639518334, 1083, 0, 1, 0, 0, 0.01%, 0, 0, 1, 1661.84
1639518339, 1116, 0, 1, 0, 0, 0.01%, 0, 0, 1, 1659.61
1639518344, 1149, 0, 1, 0, 0, 0.01%, 0, 0, 1, 1663.89
1639518349, 1181, 0, 1, 0, 0, 0.01%, 0, 0, 1, 1623.51
1639518354, 1213, 0, 1, 0, 0, 0.01%, 0, 0, 1, 1612.68
1639518359, 1246, 0, 1, 0, 0, 0.01%, 0, 0, 1, 1625.07
1639518364, 1277, 0, 1, 0, 0, 0.01%, 0, 0, 1, 1617.21
1639518369, 1318, 0, 1, 0, 0, 0.01%, 0, 0, 1, 2175.96
1639518374, 1367, 0, 1, 0, 0, 0.01%, 0, 0, 1, 2207.84
1639518379, 1397, 0, 1, 0, 0, 0.01%, 0, 0, 1, 1639.05
1639518384, 1430, 0, 1, 0, 0, 0.01%, 0, 0, 1, 1684.31
1639518389, 1464, 0, 1, 0, 0, 0.01%, 0, 0, 1, 1707.07
1639518395, 1499, 0, 1, 0, 0, 0.01%, 0, 0, 1, 1710.35
1639518400, 1532, 0, 1, 0, 0, 0.01%, 0, 0, 1, 1709.99
1639518405, 1567, 0, 1, 0, 0, 0.01%, 0, 0, 1, 1699.06
1639518410, 1599, 0, 1, 0, 0, 0.01%, 0, 0, 1, 1646.99
1639518415, 1632, 0, 1, 0, 0, 0.01%, 0, 0, 1, 1670.38
1639518420, 1665, 0, 1, 0, 0, 0.01%, 0, 0, 1, 1691.80
1639518425, 1699, 0, 1, 0, 0, 0.01%, 0, 0, 1, 1709.52
1639518430, 1733, 0, 1, 0, 0, 0.01%, 0, 0, 1, 1710.43
1639518435, 1766, 0, 1, 0, 0, 0.01%, 0, 0, 1, 1702.64
1639518440, 1800, 0, 1, 0, 0, 0.01%, 0, 0, 1, 1686.59
1639518445, 1833, 0, 1, 0, 0, 0.01%, 0, 0, 1, 1710.77
1639518450, 1868, 0, 1, 0, 0, 0.01%, 0, 0, 1, 1700.20
1639518455, 1901, 0, 1, 0, 0, 0.01%, 0, 0, 1, 1699.66
1639518460, 1935, 0, 1, 0, 0, 0.01%, 0, 0, 1, 1701.27
1639518465, 1968, 0, 1, 0, 0, 0.01%, 0, 0, 1, 1704.55
