# unix_time, cycles_done, cur_path, paths_total, pending_total, pending_favs, map_size, unique_crashes, unique_hangs, max_depth, execs_per_sec
1639481559, 0, 0, 1, 1, 1, 0.12%, 0, 0, 1, 2000.00
1639481565, 0, 0, 82, 82, 1, 0.48%, 2, 0, 2, 1529.50
1639481570, 0, 11, 103, 98, 40, 0.48%, 4, 0, 3, 1426.21
1639481575, 0, 13, 110, 104, 40, 0.49%, 4, 0, 3, 1429.18
1639481580, 0, 37, 121, 104, 31, 0.50%, 4, 0, 3, 1418.56
1639481585, 0, 56, 129, 103, 24, 0.51%, 4, 0, 3, 1387.27
1639481590, 0, 67, 144, 112, 21, 0.53%, 5, 0, 3, 1410.32
1639481595, 0, 83, 158, 121, 19, 0.58%, 5, 0, 3, 1406.78
1639481600, 0, 113, 168, 125, 16, 0.58%, 5, 0, 4, 1403.05
1639481605, 0, 127, 170, 122, 11, 0.58%, 5, 0, 4, 1409.32
1639481610, 0, 150, 178, 126, 7, 0.59%, 6, 0, 4, 1419.02
1639481615, 0, 158, 179, 126, 10, 0.60%, 6, 0, 4, 1407.91
1639481620, 0, 173, 181, 124, 6, 0.60%, 7, 0, 5, 1398.94
1639481625, 0, 176, 184, 125, 6, 0.60%, 7, 0, 5, 1394.94
1639481630, 0, 178, 188, 127, 5, 0.61%, 8, 0, 5, 1412.30
1639481635, 0, 178, 196, 135, 5, 0.63%, 8, 0, 5, 1419.92
1639481641, 0, 185, 209, 145, 7, 0.65%, 8, 0, 6, 1424.24
1639481646, 0, 187, 219, 154, 13, 0.67%, 8, 0, 6, 1435.66
1639481651, 0, 187, 229, 164, 13, 0.68%, 9, 0, 6, 1427.31
1639481656, 0, 191, 230, 163, 19, 0.69%, 9, 0, 6, 1409.15
1639481661, 0, 201, 232, 162, 16, 0.69%, 9, 0, 7, 1406.05
1639481666, 0, 203, 235, 164, 16, 0.69%, 9, 0, 7, 1427.93
1639481671, 0, 210, 240, 166, 15, 0.70%, 9, 0, 7, 1284.28
1639481676, 0, 215, 244, 168, 14, 0.70%, 9, 0, 7, 1282.22
1639481681, 0, 216, 248, 171, 13, 0.71%, 9, 0, 7, 1345.70
1639481686, 0, 216, 253, 176, 13, 0.71%, 9, 0, 7, 1384.62
1639481691, 0, 221, 255, 176, 15, 0.72%, 9, 0, 7, 1388.81
1639481697, 0, 229, 261, 180, 14, 0.73%, 9, 0, 7, 1399.38
1639481702, 0, 231, 266, 184, 15, 0.73%, 9, 0, 8, 1382.77
1639481707, 0, 240, 271, 187, 13, 0.73%, 9, 0, 8, 1401.48
1639481712, 0, 243, 273, 187, 12, 0.73%, 9, 0, 8, 1415.70
1639481717, 0, 244, 279, 192, 12, 0.74%, 9, 0, 8, 1421.24
1639481722, 0, 245, 281, 193, 12, 0.74%, 9, 0, 8, 1422.02
1639481727, 0, 246, 283, 194, 11, 0.74%, 9, 0, 8, 1433.12
1639481732, 0, 255, 285, 194, 10, 0.74%, 10, 0, 8, 1399.74
1639481737, 0, 260, 287, 193, 9, 0.75%, 10, 0, 8, 1433.63
1639481742, 0, 272, 293, 197, 7, 0.75%, 10, 0, 9, 1420.55
1639481747, 0, 274, 295, 198, 9, 0.75%, 10, 0, 9, 1426.64
1639481752, 0, 285, 297, 198, 7, 0.75%, 10, 0, 9, 1393.80
1639481757, 0, 286, 303, 203, 6, 0.78%, 10, 0, 9, 1415.95
1639481762, 0, 290, 307, 206, 12, 0.79%, 10, 0, 10, 1390.63
1639481767, 0, 291, 313, 211, 11, 0.79%, 10, 0, 10, 1407.03
1639481773, 0, 293, 315, 211, 12, 0.79%, 10, 0, 10, 1404.45
1639481778, 0, 293, 322, 218, 12, 0.79%, 10, 0, 10, 1389.33
1639481783, 0, 300, 322, 215, 11, 0.79%, 10, 0, 10, 1384.39
1639481788, 0, 301, 325, 217, 10, 0.80%, 10, 0, 10, 1400.72
1639481793, 0, 305, 327, 216, 9, 0.80%, 10, 0, 10, 1401.27
1639481798, 0, 307, 328, 216, 8, 0.80%, 10, 0, 11, 1407.57
1639481803, 0, 309, 330, 217, 7, 0.80%, 10, 0, 11, 1475.25
1639481808, 0, 318, 330, 215, 5, 0.80%, 10, 0, 11, 1826.29
1639481813, 0, 322, 331, 214, 3, 0.83%, 10, 0, 11, 1468.13
1639481818, 0, 330, 342, 223, 3, 0.84%, 10, 0, 12, 1429.89
1639481823, 0, 331, 344, 224, 11, 0.85%, 10, 0, 12, 1384.91
1639481828, 0, 336, 347, 224, 8, 0.85%, 10, 0, 13, 1391.47
1639481833, 0, 339, 349, 223, 6, 0.85%, 10, 0, 13, 1408.04
1639481838, 0, 342, 349, 221, 4, 0.85%, 10, 0, 13, 1397.31
1639481843, 1, 40, 351, 217, 0, 0.85%, 10, 0, 14, 1405.44
1639481848, 1, 61, 352, 216, 0, 0.85%, 10, 0, 14, 1424.79
1639481853, 1, 84, 353, 212, 0, 0.85%, 10, 0, 14, 1406.28
1639481859, 1, 111, 353, 204, 0, 0.85%, 10, 0, 14, 1426.65
