# unix_time, cycles_done, cur_path, paths_total, pending_total, pending_favs, map_size, unique_crashes, unique_hangs, max_depth, execs_per_sec
1639489399, 0, 0, 1, 1, 1, 0.12%, 0, 0, 1, 1600.00
1639489404, 0, 0, 84, 84, 1, 0.45%, 2, 0, 2, 1463.23
1639489409, 0, 10, 111, 107, 39, 0.48%, 4, 0, 3, 1457.79
1639489414, 0, 16, 121, 114, 36, 0.48%, 4, 0, 3, 1453.52
1639489419, 0, 28, 128, 117, 33, 0.49%, 4, 0, 3, 1445.66
1639489425, 0, 56, 135, 112, 23, 0.51%, 4, 0, 3, 1440.10
1639489430, 0, 70, 146, 116, 16, 0.51%, 4, 0, 3, 1419.37
1639489435, 0, 87, 162, 126, 12, 0.52%, 4, 0, 3, 1435.14
1639489440, 0, 123, 167, 126, 8, 0.53%, 5, 0, 4, 1944.54
1639489445, 0, 167, 178, 129, 3, 0.58%, 6, 0, 5, 1932.27
1639489450, 0, 168, 181, 131, 2, 0.59%, 6, 0, 5, 1518.62
1639489455, 0, 173, 186, 135, 3, 0.59%, 7, 0, 5, 1446.52
1639489460, 0, 179, 188, 135, 5, 0.59%, 7, 0, 6, 1421.63
1639489465, 0, 184, 190, 135, 4, 0.59%, 7, 0, 6, 1417.66
1639489470, 0, 185, 190, 134, 3, 0.59%, 7, 0, 6, 1245.77
1639489475, 0, 190, 192, 133, 1, 0.60%, 7, 0, 7, 1306.24
1639489480, 1, 18, 193, 130, 0, 0.60%, 7, 0, 7, 1381.31
1639489485, 1, 192, 200, 135, 1, 0.60%, 7, 0, 7, 1412.22
1639489490, 1, 195, 202, 136, 2, 0.61%, 7, 0, 7, 1422.49
1639489496, 1, 195, 207, 141, 2, 0.61%, 7, 0, 7, 1450.87
1639489501, 1, 200, 211, 143, 7, 0.63%, 7, 0, 7, 1454.81
1639489506, 1, 201, 214, 145, 6, 0.63%, 7, 0, 7, 1456.48
1639489511, 1, 205, 218, 147, 4, 0.63%, 7, 0, 7, 1439.87
1639489516, 1, 207, 222, 150, 5, 0.64%, 7, 0, 7, 1418.04
1639489521, 1, 209, 233, 159, 9, 0.68%, 9, 0, 7, 1398.73
1639489526, 1, 211, 236, 161, 9, 0.68%, 9, 0, 7, 1424.27
1639489531, 1, 222, 245, 167, 7, 0.69%, 9, 0, 7, 1440.77
1639489536, 1, 222, 252, 174, 7, 0.70%, 9, 0, 7, 1430.27
1639489541, 1, 224, 253, 173, 10, 0.70%, 9, 0, 7, 1434.40
1639489546, 1, 230, 254, 172, 8, 0.70%, 9, 0, 7, 1452.31
1639489551, 1, 233, 259, 175, 6, 0.73%, 9, 0, 7, 1422.87
1639489556, 1, 238, 259, 174, 9, 0.73%, 9, 0, 7, 1423.57
1639489561, 1, 238, 260, 175, 9, 0.73%, 9, 0, 8, 1384.59
1639489566, 1, 243, 261, 175, 8, 0.73%, 10, 0, 8, 1396.13
1639489571, 1, 246, 264, 177, 7, 0.73%, 10, 0, 8, 1404.14
1639489576, 1, 248, 268, 180, 7, 0.73%, 10, 0, 8, 1431.35
1639489581, 1, 249, 270, 181, 6, 0.73%, 10, 0, 8, 1417.76
1639489586, 1, 249, 274, 185, 6, 0.74%, 10, 0, 8, 1418.02
1639489591, 1, 251, 281, 191, 6, 0.76%, 10, 0, 8, 1411.74
1639489596, 1, 256, 283, 191, 11, 0.76%, 10, 0, 8, 1414.35
1639489602, 1, 257, 287, 194, 12, 0.76%, 10, 0, 8, 1419.94
1639489607, 1, 258, 287, 193, 13, 0.76%, 10, 0, 8, 1443.09
1639489612, 1, 262, 288, 193, 12, 0.76%, 10, 0, 9, 1427.24
1639489617, 1, 274, 291, 194, 12, 0.76%, 10, 0, 9, 1440.15
1639489622, 1, 275, 292, 194, 13, 0.77%, 10, 0, 9, 1442.97
1639489627, 1, 277, 292, 192, 11, 0.77%, 10, 0, 9, 1452.80
1639489632, 1, 278, 295, 194, 10, 0.77%, 10, 0, 9, 1430.82
1639489637, 1, 279, 295, 193, 10, 0.77%, 10, 0, 9, 1458.05
1639489642, 1, 281, 295, 191, 8, 0.77%, 10, 0, 9, 1425.47
1639489647, 1, 283, 296, 190, 6, 0.77%, 10, 0, 9, 1449.10
1639489652, 1, 285, 297, 190, 5, 0.77%, 10, 0, 9, 1434.05
1639489657, 1, 285, 298, 191, 5, 0.77%, 10, 0, 9, 1451.14
1639489662, 1, 290, 300, 191, 3, 0.78%, 10, 0, 10, 1442.44
1639489667, 1, 291, 301, 191, 3, 0.78%, 10, 0, 10, 1445.94
1639489672, 1, 293, 303, 192, 2, 0.78%, 10, 0, 10, 1419.69
1639489678, 1, 293, 304, 193, 2, 0.78%, 10, 0, 10, 1435.10
1639489683, 1, 298, 310, 198, 2, 0.78%, 10, 0, 11, 1421.39
1639489688, 1, 302, 313, 200, 2, 0.78%, 10, 0, 11, 1407.55
1639489693, 1, 308, 314, 200, 1, 0.78%, 10, 0, 12, 1399.59
1639489698, 1, 313, 317, 202, 1, 0.78%, 10, 0, 13, 1402.34
