# unix_time, cycles_done, cur_path, paths_total, pending_total, pending_favs, map_size, unique_crashes, unique_hangs, max_depth, execs_per_sec
1639593041, 0, 0, 1, 1, 1, 0.12%, 0, 0, 1, 1333.33
1639593046, 0, 0, 77, 77, 1, 0.43%, 1, 0, 2, 1389.53
1639593051, 0, 4, 95, 94, 41, 0.47%, 2, 0, 3, 1427.88
1639593056, 0, 10, 118, 113, 43, 0.50%, 2, 0, 3, 1410.36
1639593061, 0, 38, 137, 120, 31, 0.50%, 3, 0, 3, 1419.20
1639593066, 0, 58, 158, 133, 24, 0.53%, 5, 0, 3, 1398.54
1639593071, 0, 87, 165, 130, 19, 0.53%, 5, 0, 3, 1421.34
1639593077, 0, 108, 173, 132, 14, 0.53%, 5, 0, 4, 1442.39
1639593082, 0, 139, 187, 141, 10, 0.55%, 5, 0, 4, 1443.67
1639593087, 0, 154, 197, 149, 15, 0.56%, 5, 0, 4, 1422.07
1639593092, 0, 171, 199, 147, 12, 0.56%, 5, 0, 5, 1421.32
1639593097, 0, 180, 205, 150, 9, 0.56%, 6, 0, 5, 1441.67
1639593102, 0, 186, 211, 153, 10, 0.57%, 6, 0, 5, 1443.63
1639593107, 0, 186, 215, 157, 10, 0.58%, 6, 0, 5, 1455.15
1639593112, 0, 194, 219, 157, 10, 0.59%, 7, 0, 5, 1441.11
1639593117, 0, 206, 223, 159, 8, 0.60%, 7, 0, 6, 1433.15
1639593122, 0, 208, 227, 161, 9, 0.60%, 7, 0, 6, 1435.03
1639593127, 0, 209, 230, 163, 9, 0.60%, 7, 0, 6, 1429.32
1639593132, 0, 212, 234, 166, 8, 0.60%, 7, 0, 6, 1448.75
1639593137, 0, 221, 236, 164, 5, 0.60%, 7, 0, 6, 1407.12
1639593142, 0, 224, 237, 163, 4, 0.60%, 7, 0, 7, 1430.45
1639593147, 0, 225, 240, 165, 3, 0.61%, 7, 0, 7, 1440.40
1639593153, 0, 236, 244, 167, 3, 0.61%, 8, 0, 8, 1432.07
1639593158, 0, 239, 248, 169, 2, 0.64%, 9, 0, 8, 1429.19
1639593163, 0, 246, 249, 167, 3, 0.64%, 9, 0, 9, 1443.21
1639593168, 0, 247, 254, 171, 2, 0.64%, 9, 0, 9, 1453.12
1639593173, 0, 251, 257, 172, 1, 0.64%, 9, 0, 10, 1462.26
1639593178, 0, 255, 265, 179, 3, 0.65%, 9, 0, 11, 1411.76
1639593183, 0, 259, 273, 186, 4, 0.66%, 9, 0, 11, 1421.79
1639593188, 0, 261, 277, 189, 4, 0.66%, 9, 0, 11, 1374.26
1639593193, 0, 269, 278, 188, 4, 0.66%, 9, 0, 12, 1421.96
1639593198, 0, 273, 282, 190, 3, 0.66%, 9, 0, 12, 1419.09
1639593203, 0, 280, 282, 188, 1, 0.66%, 9, 0, 12, 1430.81
1639593208, 1, 41, 282, 182, 0, 0.66%, 9, 0, 12, 2076.11
1639593214, 1, 66, 282, 179, 0, 0.66%, 9, 0, 12, 1627.16
1639593219, 1, 92, 283, 178, 0, 0.66%, 9, 0, 12, 1454.06
1639593224, 1, 108, 283, 174, 0, 0.66%, 9, 0, 12, 1454.14
1639593229, 1, 276, 284, 174, 1, 0.67%, 10, 0, 12, 1440.16
1639593234, 2, 204, 285, 173, 1, 0.67%, 10, 0, 12, 1451.82
1639593239, 3, 28, 287, 172, 0, 0.67%, 11, 0, 12, 1425.83
1639593244, 3, 211, 288, 170, 1, 0.67%, 11, 0, 12, 1457.56
1639593249, 4, 224, 289, 168, 1, 0.67%, 11, 0, 12, 1280.17
1639593254, 4, 288, 290, 169, 1, 0.67%, 12, 0, 12, 1131.10
1639593259, 5, 23, 290, 166, 0, 0.67%, 13, 0, 12, 1217.17
1639593264, 5, 45, 290, 164, 0, 0.67%, 13, 0, 12, 1204.66
1639593269, 6, 9, 291, 162, 0, 0.68%, 13, 0, 12, 1242.66
1639593275, 6, 43, 292, 161, 0, 0.68%, 13, 0, 12, 1308.68
1639593280, 7, 27, 293, 160, 0, 0.68%, 13, 0, 12, 1362.54
1639593285, 7, 47, 293, 158, 0, 0.68%, 13, 0, 12, 1430.45
1639593290, 7, 71, 294, 158, 0, 0.68%, 13, 0, 12, 1456.48
1639593295, 7, 93, 294, 155, 0, 0.68%, 13, 0, 12, 1460.98
1639593300, 7, 108, 295, 152, 0, 0.68%, 13, 0, 12, 1442.32
1639593305, 7, 148, 295, 146, 0, 0.68%, 13, 0, 12, 1454.48
1639593311, 7, 173, 297, 147, 0, 0.68%, 13, 0, 12, 1445.50
1639593316, 7, 187, 298, 148, 0, 0.68%, 13, 0, 12, 1443.22
1639593321, 7, 200, 300, 150, 0, 0.68%, 13, 0, 12, 1450.00
1639593326, 7, 213, 300, 147, 0, 0.68%, 13, 0, 12, 1442.14
1639593331, 7, 221, 300, 146, 0, 0.68%, 13, 0, 12, 1391.20
1639593336, 7, 228, 300, 145, 0, 0.68%, 13, 0, 12, 1401.29
1639593341, 7, 238, 300, 143, 0, 0.68%, 13, 0, 12, 1434.43
