# unix_time, cycles_done, cur_path, paths_total, pending_total, pending_favs, map_size, unique_crashes, unique_hangs, max_depth, execs_per_sec
1639483943, 0, 0, 899, 899, 96, 0.91%, 0, 0, 1, 1276.31
1639483948, 0, 58, 899, 889, 88, 0.91%, 0, 0, 1, 1414.15
1639483953, 0, 214, 899, 875, 74, 0.91%, 3, 0, 1, 1427.18
1639483958, 0, 281, 899, 864, 64, 0.91%, 4, 0, 1, 1436.22
1639483963, 0, 334, 899, 856, 57, 0.91%, 5, 0, 1, 1416.65
1639483968, 0, 419, 899, 844, 46, 0.91%, 5, 0, 1, 1440.49
1639483973, 0, 493, 899, 835, 37, 0.91%, 5, 0, 1, 1675.80
1639483978, 0, 641, 899, 826, 29, 0.91%, 5, 0, 1, 1486.06
1639483983, 0, 705, 899, 817, 20, 0.91%, 5, 0, 1, 1450.63
1639483988, 0, 806, 899, 808, 11, 0.91%, 5, 0, 1, 1424.15
1639483994, 0, 861, 899, 800, 3, 0.91%, 5, 0, 1, 1423.63
1639483999, 1, 19, 899, 793, 0, 0.91%, 5, 0, 1, 1429.62
1639484004, 1, 60, 899, 787, 0, 0.91%, 5, 0, 1, 1442.91
1639484009, 1, 99, 899, 779, 0, 0.91%, 5, 0, 1, 1443.23
1639484014, 1, 130, 899, 772, 0, 0.91%, 5, 0, 1, 1416.41
1639484019, 1, 153, 899, 767, 0, 0.91%, 5, 0, 1, 1401.90
1639484024, 1, 189, 899, 759, 0, 0.91%, 5, 0, 1, 1439.05
1639484029, 1, 227, 899, 754, 0, 0.91%, 6, 0, 1, 1403.60
1639484034, 1, 258, 899, 750, 0, 0.91%, 6, 0, 1, 1422.80
1639484040, 1, 273, 900, 747, 0, 0.91%, 6, 0, 2, 1415.47
1639484045, 1, 294, 900, 741, 0, 0.91%, 6, 0, 2, 1448.08
1639484050, 1, 323, 900, 735, 0, 0.91%, 6, 0, 2, 1408.78
1639484055, 1, 348, 901, 731, 0, 0.91%, 6, 0, 2, 1429.17
1639484060, 1, 367, 901, 722, 0, 0.91%, 6, 0, 2, 1424.09
1639484065, 1, 401, 901, 716, 0, 0.91%, 7, 0, 2, 1444.82
1639484070, 1, 437, 901, 711, 0, 0.91%, 7, 0, 2, 1409.54
1639484075, 1, 465, 901, 704, 0, 0.91%, 7, 0, 2, 1407.18
1639484080, 1, 492, 901, 699, 0, 0.91%, 7, 0, 2, 1406.35
1639484086, 1, 517, 901, 693, 0, 0.91%, 7, 0, 2, 1429.24
1639484091, 1, 531, 901, 687, 0, 0.91%, 7, 0, 2, 1430.84
1639484096, 1, 574, 901, 679, 0, 0.91%, 8, 0, 2, 1435.02
1639484101, 1, 611, 901, 672, 0, 0.91%, 8, 0, 2, 1436.77
1639484106, 1, 641, 901, 662, 0, 0.91%, 8, 0, 2, 1433.50
1639484111, 1, 669, 901, 657, 0, 0.91%, 8, 0, 2, 1408.99
1639484116, 1, 695, 902, 654, 0, 0.91%, 8, 0, 2, 1422.95
1639484121, 1, 722, 902, 650, 0, 0.91%, 8, 0, 2, 1428.00
1639484127, 1, 758, 902, 643, 0, 0.91%, 8, 0, 2, 1423.53
1639484132, 1, 783, 902, 636, 0, 0.91%, 8, 0, 2, 1426.39
1639484137, 1, 806, 902, 632, 0, 0.91%, 8, 0, 2, 1432.50
1639484142, 1, 828, 902, 628, 0, 0.91%, 9, 0, 2, 1418.23
1639484147, 1, 847, 902, 624, 0, 0.91%, 9, 0, 2, 1438.21
1639484152, 1, 875, 902, 619, 0, 0.91%, 10, 0, 2, 1421.90
1639484157, 2, 2, 902, 612, 0, 0.91%, 10, 0, 2, 1422.07
1639484162, 2, 31, 902, 606, 0, 0.91%, 10, 0, 2, 1413.47
1639484168, 2, 64, 902, 601, 0, 0.91%, 10, 0, 2, 1415.99
1639484173, 2, 138, 902, 592, 0, 0.91%, 10, 0, 2, 1416.27
1639484178, 2, 182, 902, 587, 0, 0.91%, 10, 0, 2, 1400.92
1639484183, 2, 216, 902, 583, 0, 0.91%, 10, 0, 2, 1415.41
1639484188, 2, 242, 902, 576, 0, 0.91%, 10, 0, 2, 1405.51
1639484193, 2, 259, 902, 571, 0, 0.91%, 10, 0, 2, 1410.76
1639484198, 2, 291, 902, 566, 0, 0.91%, 10, 0, 2, 1418.85
1639484203, 2, 326, 902, 559, 0, 0.91%, 10, 0, 2, 1417.44
1639484208, 2, 363, 902, 554, 0, 0.91%, 10, 0, 2, 1430.34
1639484213, 2, 401, 902, 546, 0, 0.91%, 10, 0, 2, 1436.22
1639484219, 2, 421, 902, 542, 0, 0.91%, 10, 0, 2, 1445.86
1639484224, 2, 461, 902, 538, 0, 0.91%, 10, 0, 2, 1455.13
1639484229, 2, 491, 902, 535, 0, 0.91%, 10, 0, 2, 1403.94
1639484234, 2, 528, 902, 530, 0, 0.91%, 10, 0, 2, 1433.41
