# unix_time, cycles_done, cur_path, paths_total, pending_total, pending_favs, map_size, unique_crashes, unique_hangs, max_depth, execs_per_sec
1639546217, 0, 0, 1, 1, 1, 0.12%, 0, 0, 1, 1600.00
1639546222, 0, 0, 84, 84, 1, 0.46%, 5, 0, 2, 1447.89
1639546227, 0, 13, 105, 98, 37, 0.49%, 6, 0, 3, 1993.98
1639546232, 0, 33, 128, 113, 32, 0.49%, 6, 0, 3, 1503.33
1639546237, 0, 54, 150, 126, 26, 0.52%, 7, 0, 3, 1421.18
1639546242, 0, 73, 161, 130, 21, 0.53%, 7, 0, 3, 1412.00
1639546247, 0, 76, 170, 138, 21, 0.53%, 7, 0, 3, 1431.70
1639546252, 0, 85, 171, 133, 17, 0.53%, 7, 0, 3, 1438.98
1639546258, 0, 107, 176, 131, 10, 0.53%, 7, 0, 4, 1439.70
1639546263, 0, 124, 181, 134, 9, 0.54%, 7, 0, 4, 1437.03
1639546268, 0, 146, 188, 138, 10, 0.55%, 7, 0, 4, 1453.90
1639546273, 0, 177, 192, 137, 8, 0.56%, 9, 0, 4, 1462.35
1639546278, 0, 181, 196, 139, 7, 0.56%, 9, 0, 5, 1458.43
1639546283, 0, 186, 198, 137, 4, 0.56%, 9, 0, 5, 1442.87
1639546288, 0, 190, 204, 142, 3, 0.57%, 10, 0, 5, 1450.28
1639546293, 0, 194, 210, 147, 5, 0.61%, 10, 0, 6, 1453.59
1639546298, 0, 203, 215, 149, 8, 0.62%, 10, 0, 6, 1468.66
1639546303, 0, 207, 222, 152, 10, 0.63%, 11, 0, 7, 1465.74
1639546309, 0, 211, 225, 152, 7, 0.63%, 11, 0, 7, 1466.06
1639546314, 0, 219, 229, 152, 6, 0.64%, 11, 0, 8, 1454.56
1639546319, 0, 224, 234, 154, 3, 0.64%, 11, 0, 8, 1453.83
1639546324, 0, 225, 241, 160, 2, 0.64%, 13, 0, 8, 1451.60
1639546329, 0, 240, 249, 166, 1, 0.64%, 14, 0, 9, 1461.37
1639546334, 0, 245, 251, 167, 1, 0.64%, 14, 0, 9, 1461.48
1639546344, 1, 26, 254, 163, 0, 0.64%, 14, 0, 9, 1462.03
1639546349, 1, 42, 254, 158, 0, 0.64%, 14, 0, 9, 1437.37
1639546354, 1, 57, 256, 158, 0, 0.64%, 14, 0, 9, 1239.47
1639546359, 1, 78, 257, 155, 0, 0.64%, 14, 0, 9, 1279.74
1639546364, 1, 87, 259, 156, 0, 0.64%, 14, 0, 9, 1397.53
1639546369, 1, 108, 259, 151, 0, 0.64%, 14, 0, 9, 1432.06
1639546375, 1, 135, 260, 145, 0, 0.64%, 14, 0, 9, 1469.22
1639546380, 1, 260, 261, 140, 1, 0.64%, 14, 0, 9, 1465.52
1639546385, 2, 36, 262, 140, 0, 0.64%, 14, 0, 9, 1470.47
1639546390, 2, 59, 262, 140, 0, 0.64%, 14, 0, 9, 1453.60
1639546395, 2, 81, 262, 135, 0, 0.64%, 14, 0, 9, 1459.98
1639546400, 3, 15, 264, 135, 0, 0.64%, 14, 0, 9, 1433.27
1639546405, 3, 38, 267, 134, 0, 0.64%, 14, 0, 9, 1426.43
1639546410, 3, 56, 267, 130, 0, 0.64%, 15, 0, 9, 1432.21
1639546415, 3, 80, 267, 127, 0, 0.64%, 15, 0, 9, 1455.02
1639546420, 3, 91, 267, 127, 0, 0.64%, 15, 0, 9, 1478.40
1639546425, 3, 104, 267, 124, 0, 0.64%, 15, 0, 9, 1440.65
1639546430, 3, 143, 267, 117, 0, 0.64%, 15, 0, 9, 1387.53
1639546435, 3, 162, 268, 114, 0, 0.64%, 15, 0, 9, 1437.01
1639546440, 3, 181, 268, 111, 0, 0.64%, 15, 0, 9, 1454.01
1639546445, 3, 186, 268, 111, 0, 0.64%, 15, 0, 9, 1451.43
1639546450, 3, 195, 268, 109, 0, 0.64%, 15, 0, 9, 1472.33
1639546455, 3, 269, 271, 109, 1, 0.65%, 15, 0, 9, 1430.66
1639546460, 3, 275, 279, 116, 2, 0.65%, 15, 0, 9, 1416.00
1639546465, 3, 275, 285, 122, 2, 0.66%, 15, 0, 9, 1438.54
1639546470, 3, 278, 285, 120, 2, 0.66%, 15, 0, 9, 1409.78
1639546475, 3, 279, 286, 120, 2, 0.66%, 15, 0, 9, 1446.67
1639546481, 3, 282, 289, 122, 2, 0.66%, 15, 0, 9, 1446.46
1639546491, 3, 288, 290, 122, 1, 0.66%, 15, 0, 10, 1437.07
1639546496, 4, 4, 290, 121, 0, 0.66%, 15, 0, 10, 1421.69
1639546501, 4, 38, 291, 121, 0, 0.66%, 15, 0, 10, 1333.59
1639546506, 4, 58, 293, 121, 0, 0.66%, 15, 0, 10, 1404.17
1639546511, 4, 80, 293, 119, 0, 0.66%, 15, 0, 10, 1458.52
1639546516, 4, 92, 293, 118, 0, 0.66%, 15, 0, 10, 1430.52
