# unix_time, cycles_done, cur_path, paths_total, pending_total, pending_favs, map_size, unique_crashes, unique_hangs, max_depth, execs_per_sec
1639477852, 0, 0, 746, 746, 97, 0.90%, 0, 0, 1, 1268.98
1639477857, 0, 92, 746, 735, 86, 0.90%, 3, 0, 1, 1404.60
1639477862, 0, 151, 746, 725, 76, 0.90%, 4, 0, 1, 1413.15
1639477867, 0, 200, 746, 715, 67, 0.90%, 5, 0, 1, 1434.12
1639477872, 0, 296, 746, 705, 58, 0.90%, 7, 0, 1, 1423.18
1639477878, 0, 360, 746, 697, 53, 0.90%, 7, 0, 1, 1413.87
1639477883, 0, 432, 746, 688, 44, 0.90%, 7, 0, 1, 1402.40
1639477888, 0, 489, 746, 680, 37, 0.90%, 7, 0, 1, 1411.26
1639477893, 0, 545, 746, 672, 29, 0.90%, 7, 0, 1, 1392.44
1639477898, 0, 603, 746, 662, 20, 0.90%, 7, 0, 1, 1425.94
1639477903, 0, 662, 746, 652, 10, 0.90%, 7, 0, 1, 1417.54
1639477909, 1, 0, 746, 641, 0, 0.90%, 7, 0, 1, 1416.51
1639477914, 1, 34, 747, 636, 0, 0.90%, 7, 0, 2, 1396.50
1639477919, 1, 59, 747, 628, 0, 0.90%, 7, 0, 2, 1424.59
1639477924, 1, 81, 747, 621, 0, 0.90%, 8, 0, 2, 1420.54
1639477929, 1, 95, 747, 616, 0, 0.90%, 8, 0, 2, 1420.95
1639477934, 1, 115, 747, 611, 0, 0.90%, 8, 0, 2, 1443.53
1639477940, 1, 151, 747, 603, 0, 0.90%, 9, 0, 2, 1830.32
1639477945, 1, 169, 747, 601, 0, 0.90%, 9, 0, 2, 1483.60
1639477950, 1, 190, 747, 594, 0, 0.90%, 9, 0, 2, 1456.81
1639477955, 1, 219, 747, 588, 0, 0.90%, 9, 0, 2, 1406.72
1639477960, 1, 233, 747, 581, 0, 0.90%, 9, 0, 2, 1422.11
1639477965, 1, 276, 747, 574, 0, 0.90%, 9, 0, 2, 1411.73
1639477970, 1, 334, 747, 566, 0, 0.90%, 9, 0, 2, 1411.87
1639477975, 1, 348, 747, 563, 0, 0.90%, 9, 0, 2, 1389.19
1639477981, 1, 369, 747, 555, 0, 0.90%, 9, 0, 2, 1441.59
1639477986, 1, 409, 747, 549, 0, 0.90%, 9, 0, 2, 1419.01
1639477991, 1, 432, 747, 545, 0, 0.90%, 9, 0, 2, 1420.70
1639477996, 1, 450, 747, 541, 0, 0.90%, 9, 0, 2, 1414.44
1639478001, 1, 474, 747, 535, 0, 0.90%, 10, 0, 2, 1402.69
1639478006, 1, 489, 747, 530, 0, 0.90%, 11, 0, 2, 1410.26
1639478011, 1, 522, 747, 524, 0, 0.90%, 11, 0, 2, 1413.52
1639478016, 1, 545, 747, 520, 0, 0.90%, 11, 0, 2, 1398.44
1639478021, 1, 572, 747, 515, 0, 0.90%, 12, 0, 2, 1385.73
1639478027, 1, 593, 747, 510, 0, 0.90%, 12, 0, 2, 1420.47
1639478032, 1, 619, 747, 504, 0, 0.90%, 12, 0, 2, 1415.07
1639478037, 1, 641, 747, 500, 0, 0.90%, 12, 0, 2, 1430.06
1639478042, 1, 664, 747, 496, 0, 0.90%, 12, 0, 2, 1399.28
1639478047, 1, 708, 747, 491, 0, 0.90%, 13, 0, 2, 1325.43
1639478052, 1, 731, 747, 485, 0, 0.90%, 13, 0, 2, 1382.58
1639478057, 1, 743, 747, 478, 0, 0.90%, 13, 0, 2, 1395.37
1639478062, 2, 39, 747, 472, 0, 0.90%, 13, 0, 2, 1410.88
1639478067, 2, 78, 747, 467, 0, 0.90%, 13, 0, 2, 1397.04
1639478072, 2, 104, 747, 463, 0, 0.90%, 13, 0, 2, 1343.65
1639478077, 2, 130, 747, 461, 0, 0.90%, 13, 0, 2, 1389.54
1639478082, 2, 163, 747, 456, 0, 0.90%, 13, 0, 2, 1426.60
1639478087, 2, 192, 747, 451, 0, 0.90%, 13, 0, 2, 1424.11
1639478092, 2, 218, 748, 446, 0, 0.90%, 13, 0, 2, 1442.27
1639478097, 2, 248, 748, 438, 0, 0.90%, 13, 0, 2, 1424.91
1639478102, 2, 519, 749, 433, 1, 0.90%, 14, 0, 2, 1416.08
1639478107, 3, 9, 749, 429, 0, 0.90%, 14, 0, 2, 1406.11
1639478113, 3, 40, 749, 424, 0, 0.90%, 14, 0, 2, 1358.93
1639478118, 3, 83, 749, 420, 0, 0.90%, 14, 0, 2, 1396.94
1639478123, 3, 114, 749, 419, 0, 0.90%, 14, 0, 2, 1419.20
1639478128, 3, 136, 749, 414, 0, 0.90%, 14, 0, 2, 1418.68
1639478133, 3, 160, 749, 408, 0, 0.90%, 14, 0, 2, 1411.12
1639478138, 3, 200, 749, 404, 0, 0.90%, 14, 0, 2, 1409.16
1639478143, 3, 238, 749, 402, 0, 0.90%, 14, 0, 2, 1418.51
