# unix_time, cycles_done, cur_path, paths_total, pending_total, pending_favs, map_size, unique_crashes, unique_hangs, max_depth, execs_per_sec
1639517459, 0, 0, 846, 846, 89, 0.83%, 0, 0, 1, 1200.43
1639517464, 0, 102, 846, 836, 79, 0.83%, 6, 0, 1, 1308.04
1639517469, 0, 195, 847, 827, 70, 0.83%, 7, 0, 2, 1389.05
1639517474, 0, 340, 847, 818, 61, 0.83%, 7, 0, 2, 1423.28
1639517479, 0, 454, 847, 808, 51, 0.83%, 7, 0, 2, 1400.19
1639517485, 0, 490, 847, 801, 44, 0.83%, 8, 0, 2, 1445.77
1639517490, 0, 567, 847, 791, 34, 0.83%, 8, 0, 2, 1470.34
1639517495, 0, 666, 848, 782, 24, 0.83%, 8, 0, 2, 1447.67
1639517500, 0, 738, 848, 772, 15, 0.83%, 9, 0, 2, 1415.21
1639517505, 0, 791, 850, 769, 12, 0.83%, 9, 0, 2, 1378.58
1639517510, 0, 846, 852, 762, 4, 0.83%, 11, 0, 3, 1361.96
1639517516, 1, 176, 852, 755, 1, 0.83%, 13, 0, 3, 1369.39
1639517521, 1, 621, 852, 748, 0, 0.83%, 13, 0, 3, 1372.28
1639517526, 1, 650, 852, 743, 0, 0.83%, 14, 0, 3, 1399.13
1639517531, 1, 678, 853, 737, 0, 0.83%, 14, 0, 3, 1444.08
1639517536, 1, 699, 853, 732, 0, 0.83%, 14, 0, 3, 1416.93
1639517541, 1, 731, 853, 726, 0, 0.83%, 15, 0, 3, 1429.15
1639517547, 1, 758, 853, 722, 0, 0.83%, 15, 0, 3, 1454.79
1639517552, 1, 793, 853, 716, 0, 0.83%, 15, 0, 3, 1453.68
1639517557, 1, 827, 853, 711, 0, 0.83%, 16, 0, 3, 1451.46
1639517562, 1, 848, 853, 704, 0, 0.83%, 18, 0, 3, 1739.56
1639517567, 1, 853, 857, 707, 2, 0.83%, 19, 0, 4, 1551.43
1639517572, 1, 854, 857, 706, 1, 0.83%, 19, 0, 4, 1469.79
1639517577, 1, 855, 857, 705, 0, 0.83%, 19, 0, 4, 1466.03
1639517582, 2, 24, 857, 698, 0, 0.83%, 19, 0, 4, 1466.52
1639517587, 2, 57, 857, 693, 0, 0.83%, 19, 0, 4, 1458.08
1639517592, 2, 79, 857, 686, 0, 0.83%, 19, 0, 4, 1453.74
1639517597, 2, 105, 857, 681, 0, 0.83%, 19, 0, 4, 1389.15
1639517602, 2, 129, 857, 675, 0, 0.83%, 19, 0, 4, 1419.60
1639517607, 2, 158, 857, 667, 0, 0.83%, 19, 0, 4, 1451.92
1639517612, 2, 195, 857, 659, 0, 0.83%, 19, 0, 4, 1430.11
1639517617, 2, 243, 857, 651, 0, 0.83%, 19, 0, 4, 1432.43
1639517623, 2, 278, 857, 643, 0, 0.83%, 19, 0, 4, 1405.80
1639517628, 2, 327, 857, 637, 0, 0.83%, 20, 0, 4, 1410.75
1639517633, 2, 353, 857, 632, 0, 0.83%, 20, 0, 4, 1415.76
1639517638, 2, 384, 857, 625, 0, 0.83%, 22, 0, 4, 1403.93
1639517643, 2, 412, 857, 620, 0, 0.83%, 22, 0, 4, 1372.26
1639517648, 2, 451, 857, 610, 0, 0.83%, 22, 0, 4, 1377.97
1639517654, 2, 476, 857, 607, 0, 0.83%, 22, 0, 4, 1354.59
1639517659, 2, 498, 857, 601, 0, 0.83%, 22, 0, 4, 1342.55
1639517664, 2, 520, 857, 594, 0, 0.83%, 22, 0, 4, 1318.73
1639517669, 2, 539, 857, 587, 0, 0.83%, 22, 0, 4, 1328.84
1639517674, 2, 567, 857, 582, 0, 0.83%, 22, 0, 4, 1302.22
1639517679, 2, 604, 857, 578, 0, 0.83%, 22, 0, 4, 1287.42
1639517684, 2, 629, 857, 573, 0, 0.83%, 22, 0, 4, 1339.14
1639517689, 2, 651, 857, 568, 0, 0.83%, 22, 0, 4, 1355.70
1639517694, 2, 685, 857, 563, 0, 0.83%, 22, 0, 4, 1234.84
1639517700, 2, 714, 857, 558, 0, 0.83%, 22, 0, 4, 1340.35
1639517705, 2, 764, 857, 552, 0, 0.83%, 22, 0, 4, 1417.84
1639517710, 2, 781, 857, 547, 0, 0.83%, 22, 0, 4, 1432.76
1639517715, 2, 800, 857, 543, 0, 0.83%, 22, 0, 4, 1445.18
1639517720, 2, 839, 857, 537, 0, 0.83%, 22, 0, 4, 1427.04
1639517725, 2, 852, 857, 536, 0, 0.83%, 22, 0, 4, 1440.73
1639517730, 2, 856, 858, 536, 0, 0.83%, 22, 0, 5, 1446.51
1639517735, 2, 856, 861, 539, 0, 0.83%, 24, 0, 5, 1444.85
1639517740, 2, 857, 861, 538, 1, 0.83%, 24, 0, 5, 1446.34
1639517745, 2, 860, 863, 539, 0, 0.83%, 25, 0, 6, 1416.67
1639517750, 2, 861, 863, 538, 0, 0.83%, 26, 0, 6, 1405.97
