# unix_time, cycles_done, cur_path, paths_total, pending_total, pending_favs, map_size, unique_crashes, unique_hangs, max_depth, execs_per_sec
1639512134, 0, 0, 1, 1, 1, 0.12%, 0, 0, 1, 1600.00
1639512139, 0, 0, 53, 53, 1, 0.37%, 7, 2, 2, 1048.39
1639512144, 0, 0, 74, 74, 1, 0.40%, 7, 3, 2, 1173.18
1639512149, 0, 15, 86, 81, 30, 0.42%, 7, 5, 3, 842.89
1639512154, 0, 15, 95, 90, 30, 0.43%, 8, 5, 3, 966.37
1639512159, 0, 22, 112, 104, 32, 0.44%, 10, 5, 3, 1021.35
1639512164, 0, 45, 118, 103, 25, 0.45%, 10, 5, 3, 1065.11
1639512169, 0, 63, 135, 114, 22, 0.47%, 10, 5, 3, 1096.22
1639512174, 0, 74, 142, 117, 19, 0.48%, 10, 5, 3, 1070.07
1639512179, 0, 81, 149, 120, 16, 0.49%, 10, 6, 3, 1067.94
1639512185, 0, 81, 151, 122, 16, 0.49%, 10, 7, 3, 1301.72
1639512190, 0, 116, 158, 120, 9, 0.49%, 11, 8, 4, 740.10
1639512195, 0, 145, 165, 123, 5, 0.51%, 13, 8, 4, 1279.73
1639512200, 0, 147, 170, 126, 8, 0.52%, 14, 8, 4, 1383.54
1639512205, 0, 161, 179, 132, 7, 0.54%, 14, 8, 5, 1387.75
1639512210, 0, 161, 181, 134, 7, 0.54%, 14, 8, 5, 1394.61
1639512215, 0, 165, 184, 134, 10, 0.54%, 16, 8, 5, 1403.89
1639512220, 0, 168, 186, 134, 9, 0.54%, 18, 8, 5, 1395.22
1639512225, 0, 174, 193, 139, 8, 0.57%, 18, 8, 6, 1370.60
1639512230, 0, 177, 197, 140, 7, 0.58%, 18, 8, 6, 1379.74
1639512235, 0, 180, 205, 146, 8, 0.58%, 18, 8, 6, 1372.61
1639512240, 0, 190, 209, 148, 8, 0.59%, 18, 8, 6, 1453.37
1639512245, 0, 193, 213, 150, 7, 0.59%, 19, 8, 7, 1443.26
1639512251, 0, 196, 217, 151, 5, 0.59%, 19, 8, 7, 1454.20
1639512256, 0, 208, 218, 149, 3, 0.59%, 20, 8, 7, 1470.26
1639512261, 0, 218, 222, 150, 1, 0.60%, 20, 8, 9, 1473.24
1639512266, 1, 0, 224, 150, 0, 0.60%, 20, 8, 10, 1460.29
1639512271, 1, 29, 225, 147, 0, 0.60%, 20, 8, 10, 1436.10
1639512276, 1, 65, 225, 142, 0, 0.60%, 20, 8, 10, 1458.57
1639512281, 1, 81, 227, 142, 0, 0.60%, 20, 8, 10, 1154.84
1639512286, 1, 95, 227, 140, 0, 0.60%, 21, 9, 10, 1356.81
1639512291, 1, 123, 228, 136, 0, 0.60%, 21, 10, 10, 1291.34
1639512296, 2, 0, 230, 133, 0, 0.60%, 21, 10, 10, 1357.19
1639512301, 2, 21, 230, 128, 0, 0.60%, 21, 10, 10, 1416.58
1639512306, 2, 33, 232, 126, 0, 0.60%, 21, 11, 10, 1191.02
1639512312, 2, 63, 232, 121, 0, 0.60%, 21, 12, 10, 1440.90
1639512317, 2, 75, 232, 120, 0, 0.60%, 21, 14, 10, 111.72
1639512322, 3, 22, 234, 120, 0, 0.60%, 21, 14, 10, 1304.03
1639512328, 3, 46, 234, 120, 0, 0.60%, 21, 14, 10, 1349.05
1639512333, 3, 75, 238, 121, 0, 0.60%, 21, 14, 10, 1310.51
1639512338, 4, 14, 238, 118, 0, 0.60%, 21, 14, 10, 802.88
1639512343, 4, 41, 241, 120, 0, 0.60%, 21, 14, 10, 1253.85
1639512348, 4, 75, 241, 118, 0, 0.60%, 21, 14, 10, 1389.40
1639512353, 4, 91, 241, 117, 0, 0.60%, 21, 14, 10, 1400.84
1639512358, 4, 120, 241, 114, 0, 0.60%, 21, 14, 10, 1181.31
1639512363, 4, 154, 243, 113, 0, 0.60%, 21, 14, 10, 1425.11
1639512368, 4, 162, 243, 111, 0, 0.60%, 21, 14, 10, 1468.64
1639512374, 4, 165, 243, 110, 0, 0.60%, 22, 14, 10, 1475.49
1639512379, 4, 174, 244, 110, 0, 0.60%, 22, 14, 10, 1464.17
1639512384, 4, 182, 246, 112, 0, 0.60%, 22, 14, 10, 1452.28
1639512389, 4, 191, 247, 111, 0, 0.60%, 22, 14, 10, 1346.64
1639512394, 4, 196, 248, 112, 0, 0.60%, 22, 14, 10, 1338.83
1639512399, 4, 204, 248, 111, 0, 0.60%, 22, 14, 10, 1320.46
1639512404, 4, 209, 248, 109, 0, 0.60%, 22, 14, 10, 1362.15
1639512409, 4, 218, 248, 106, 0, 0.60%, 22, 14, 10, 1413.06
1639512414, 4, 227, 248, 104, 0, 0.60%, 22, 14, 10, 1436.79
1639512419, 4, 229, 248, 103, 0, 0.60%, 22, 14, 10, 1449.45
1639512424, 4, 248, 250, 103, 1, 0.60%, 22, 14, 10, 1229.96
1639512430, 4, 248, 251, 104, 1, 0.60%, 22, 14, 10, 152.79
