# unix_time, cycles_done, cur_path, paths_total, pending_total, pending_favs, map_size, unique_crashes, unique_hangs, max_depth, execs_per_sec
1639559170, 0, 0, 862, 862, 93, 0.95%, 0, 0, 1, 1211.95
1639559175, 0, 150, 863, 854, 85, 0.95%, 4, 0, 2, 1417.52
1639559180, 0, 260, 863, 845, 77, 0.95%, 5, 0, 2, 1333.51
1639559186, 0, 365, 863, 831, 64, 0.95%, 7, 0, 2, 1706.28
1639559191, 0, 436, 863, 821, 54, 0.95%, 7, 0, 2, 1505.24
1639559196, 0, 479, 863, 816, 50, 0.95%, 7, 0, 2, 1460.64
1639559201, 0, 589, 863, 804, 38, 0.95%, 7, 0, 2, 1458.13
1639559206, 0, 654, 863, 795, 30, 0.95%, 7, 0, 2, 1466.30
1639559211, 0, 728, 863, 788, 23, 0.95%, 7, 0, 2, 1470.72
1639559216, 0, 758, 863, 783, 18, 0.95%, 7, 0, 2, 1453.71
1639559221, 0, 809, 863, 775, 11, 0.95%, 9, 0, 2, 1448.71
1639559226, 0, 842, 863, 768, 4, 0.95%, 9, 0, 2, 1428.84
1639559232, 1, 157, 863, 762, 0, 0.95%, 9, 0, 2, 1437.90
1639559237, 1, 187, 863, 754, 0, 0.95%, 9, 0, 2, 1442.10
1639559242, 1, 222, 863, 745, 0, 0.95%, 9, 0, 2, 1403.07
1639559247, 1, 242, 864, 737, 0, 0.95%, 9, 0, 2, 1439.18
1639559252, 1, 257, 864, 732, 0, 0.95%, 9, 0, 2, 1466.87
1639559257, 1, 289, 864, 727, 0, 0.95%, 9, 0, 2, 1431.54
1639559262, 1, 317, 865, 722, 0, 0.95%, 9, 0, 2, 1455.61
1639559267, 1, 352, 865, 714, 0, 0.95%, 9, 0, 2, 1430.54
1639559272, 1, 378, 865, 710, 0, 0.95%, 9, 0, 2, 1456.51
1639559277, 1, 412, 865, 705, 0, 0.95%, 9, 0, 2, 1478.18
1639559282, 1, 437, 865, 701, 0, 0.95%, 9, 0, 2, 1438.79
1639559287, 1, 458, 865, 697, 0, 0.95%, 9, 0, 2, 1428.03
1639559292, 1, 492, 865, 692, 0, 0.95%, 9, 0, 2, 1446.10
1639559297, 1, 543, 865, 683, 0, 0.95%, 9, 0, 2, 1471.23
1639559302, 1, 566, 865, 675, 0, 0.95%, 10, 0, 2, 1467.34
1639559307, 1, 598, 865, 671, 0, 0.95%, 11, 0, 2, 1481.79
1639559312, 1, 612, 865, 665, 0, 0.95%, 11, 0, 2, 1469.87
1639559318, 1, 634, 865, 661, 0, 0.95%, 11, 0, 2, 1464.28
1639559323, 1, 659, 865, 655, 0, 0.95%, 11, 0, 2, 1468.30
1639559328, 1, 690, 866, 649, 0, 0.95%, 11, 0, 2, 1480.14
1639559333, 1, 706, 866, 644, 0, 0.95%, 11, 0, 2, 1468.91
1639559338, 1, 745, 866, 636, 0, 0.95%, 11, 0, 2, 1471.80
1639559343, 1, 752, 866, 633, 0, 0.95%, 11, 0, 2, 1450.30
1639559348, 1, 768, 866, 630, 0, 0.95%, 11, 0, 2, 1430.13
1639559354, 1, 797, 866, 624, 0, 0.95%, 11, 0, 2, 1476.94
1639559359, 1, 819, 866, 620, 0, 0.95%, 11, 0, 2, 1473.50
1639559364, 1, 837, 866, 614, 0, 0.95%, 11, 0, 2, 1479.70
1639559369, 1, 863, 866, 612, 0, 0.95%, 11, 0, 2, 1387.42
1639559374, 1, 865, 869, 613, 0, 0.95%, 11, 0, 3, 1394.43
1639559379, 1, 868, 870, 613, 0, 0.95%, 11, 0, 3, 1394.68
1639559384, 2, 25, 870, 607, 0, 0.95%, 11, 0, 3, 1438.02
1639559389, 2, 56, 870, 599, 0, 0.95%, 11, 0, 3, 1452.10
1639559394, 2, 89, 870, 590, 0, 0.95%, 11, 0, 3, 1430.39
1639559399, 2, 125, 870, 585, 0, 0.95%, 11, 0, 3, 1442.08
1639559404, 2, 157, 870, 578, 0, 0.95%, 11, 0, 3, 1417.77
1639559409, 2, 224, 870, 570, 0, 0.95%, 11, 0, 3, 1363.00
1639559414, 2, 251, 871, 566, 0, 0.95%, 11, 0, 3, 1402.47
1639559419, 2, 271, 871, 564, 0, 0.95%, 11, 0, 3, 1424.77
1639559424, 2, 301, 871, 559, 0, 0.95%, 11, 0, 3, 1446.28
1639559430, 2, 349, 871, 552, 0, 0.95%, 12, 0, 3, 1394.53
1639559435, 2, 374, 871, 546, 0, 0.95%, 12, 0, 3, 1419.52
1639559440, 2, 387, 871, 541, 0, 0.95%, 12, 0, 3, 1418.63
1639559445, 2, 430, 871, 534, 0, 0.95%, 12, 0, 3, 1458.56
1639559450, 2, 456, 871, 530, 0, 0.95%, 12, 0, 3, 1465.75
1639559455, 2, 490, 871, 525, 0, 0.95%, 12, 0, 3, 1478.47
1639559460, 2, 542, 871, 518, 0, 0.95%, 12, 0, 3, 1406.71
