# unix_time, cycles_done, cur_path, paths_total, pending_total, pending_favs, map_size, unique_crashes, unique_hangs, max_depth, execs_per_sec
1639517154, 0, 0, 843, 843, 82, 0.85%, 0, 0, 1, 1306.72
1639517159, 0, 199, 843, 833, 73, 0.85%, 3, 0, 1, 1437.42
1639517164, 0, 285, 843, 825, 66, 0.85%, 4, 0, 1, 1453.32
1639517169, 0, 328, 843, 818, 59, 0.85%, 5, 0, 1, 1441.19
1639517174, 0, 373, 843, 809, 53, 0.85%, 6, 0, 1, 1423.15
1639517179, 0, 446, 843, 798, 42, 0.85%, 7, 0, 1, 1408.45
1639517184, 0, 551, 843, 787, 31, 0.85%, 7, 0, 1, 1437.20
1639517190, 0, 694, 843, 775, 19, 0.85%, 8, 0, 1, 1478.39
1639517195, 0, 753, 843, 768, 12, 0.85%, 10, 0, 1, 1462.54
1639517200, 0, 809, 843, 760, 4, 0.85%, 12, 0, 1, 1456.58
1639517205, 1, 19, 843, 751, 0, 0.85%, 13, 0, 1, 1449.95
1639517210, 1, 47, 843, 744, 0, 0.85%, 13, 0, 1, 1431.61
1639517215, 1, 59, 843, 738, 0, 0.85%, 14, 0, 1, 1447.81
1639517220, 1, 95, 843, 731, 0, 0.85%, 15, 0, 1, 1463.74
1639517225, 1, 544, 844, 724, 1, 0.86%, 15, 0, 2, 1437.94
1639517230, 2, 14, 844, 717, 0, 0.86%, 15, 0, 2, 1465.81
1639517235, 2, 55, 844, 708, 0, 0.86%, 15, 0, 2, 1447.62
1639517240, 2, 108, 844, 703, 0, 0.86%, 15, 0, 2, 1445.53
1639517245, 2, 140, 844, 696, 0, 0.86%, 15, 0, 2, 1471.88
1639517250, 2, 160, 844, 688, 0, 0.86%, 15, 0, 2, 1475.86
1639517256, 2, 180, 844, 681, 0, 0.86%, 15, 0, 2, 1459.55
1639517261, 2, 211, 844, 673, 0, 0.86%, 16, 0, 2, 1877.24
1639517266, 2, 239, 844, 665, 0, 0.86%, 16, 0, 2, 1532.81
1639517271, 2, 259, 845, 658, 0, 0.86%, 16, 0, 2, 1459.98
1639517276, 2, 280, 845, 654, 0, 0.86%, 16, 0, 2, 1463.43
1639517281, 2, 294, 845, 650, 0, 0.86%, 16, 0, 2, 1480.27
1639517286, 2, 317, 845, 645, 0, 0.86%, 16, 0, 2, 1474.51
1639517291, 2, 338, 845, 638, 0, 0.86%, 16, 0, 2, 1476.47
1639517296, 2, 373, 845, 634, 0, 0.86%, 16, 0, 2, 1461.64
1639517301, 2, 390, 845, 630, 0, 0.86%, 17, 0, 2, 1463.17
1639517306, 2, 434, 845, 623, 0, 0.86%, 17, 0, 2, 1468.19
1639517311, 2, 466, 845, 618, 0, 0.86%, 17, 0, 2, 1438.71
1639517316, 2, 494, 845, 613, 0, 0.86%, 17, 0, 2, 1443.99
1639517322, 2, 527, 845, 604, 0, 0.86%, 18, 0, 2, 1410.33
1639517327, 2, 557, 845, 596, 0, 0.86%, 18, 0, 2, 1383.66
1639517332, 2, 581, 845, 590, 0, 0.86%, 18, 0, 2, 1364.57
1639517337, 2, 595, 845, 585, 0, 0.86%, 18, 0, 2, 1357.49
1639517342, 2, 622, 845, 578, 0, 0.86%, 18, 0, 2, 1413.05
1639517347, 2, 646, 845, 570, 0, 0.86%, 18, 0, 2, 1460.83
1639517352, 2, 684, 845, 563, 0, 0.86%, 18, 0, 2, 1441.73
1639517357, 2, 707, 845, 560, 0, 0.86%, 20, 0, 2, 1432.83
1639517362, 2, 753, 845, 554, 0, 0.86%, 20, 0, 2, 1446.54
1639517367, 2, 772, 845, 550, 0, 0.86%, 20, 0, 2, 1454.39
1639517372, 2, 796, 845, 545, 0, 0.86%, 20, 0, 2, 1437.26
1639517377, 2, 831, 845, 542, 0, 0.86%, 21, 0, 2, 1448.19
1639517383, 3, 47, 845, 535, 0, 0.86%, 21, 0, 2, 1458.21
1639517388, 3, 92, 845, 531, 0, 0.86%, 21, 0, 2, 1385.43
1639517393, 3, 141, 845, 525, 0, 0.86%, 21, 0, 2, 1421.29
1639517398, 3, 198, 845, 515, 0, 0.86%, 21, 0, 2, 1465.97
1639517403, 3, 225, 845, 509, 0, 0.86%, 21, 0, 2, 1460.38
1639517408, 3, 268, 845, 502, 0, 0.86%, 21, 0, 2, 1453.16
1639517413, 3, 286, 845, 499, 0, 0.86%, 21, 0, 2, 1462.12
1639517418, 3, 304, 845, 495, 0, 0.86%, 21, 0, 2, 1438.02
1639517423, 3, 330, 845, 490, 0, 0.86%, 21, 0, 2, 1457.47
1639517428, 3, 360, 845, 486, 0, 0.86%, 21, 0, 2, 1447.02
1639517433, 3, 376, 846, 482, 0, 0.86%, 21, 0, 2, 1446.10
1639517439, 3, 405, 846, 478, 0, 0.86%, 21, 0, 2, 1450.95
1639517444, 3, 426, 846, 472, 0, 0.86%, 21, 0, 2, 1454.46
