# unix_time, cycles_done, cur_path, paths_total, pending_total, pending_favs, map_size, unique_crashes, unique_hangs, max_depth, execs_per_sec
1639600580, 0, 0, 1, 1, 1, 0.12%, 0, 0, 1, 888.89
1639600585, 0, 0, 79, 79, 1, 0.43%, 4, 0, 2, 1204.33
1639600591, 0, 10, 90, 87, 38, 0.47%, 5, 0, 3, 1242.76
1639600596, 0, 12, 104, 100, 38, 0.47%, 5, 0, 3, 1343.97
1639600601, 0, 30, 116, 103, 33, 0.50%, 5, 0, 3, 1349.76
1639600606, 0, 35, 130, 115, 35, 0.51%, 5, 0, 3, 1368.80
1639600611, 0, 41, 153, 135, 35, 0.55%, 5, 0, 3, 1336.43
1639600616, 0, 54, 161, 135, 32, 0.55%, 5, 0, 3, 1359.40
1639600621, 0, 76, 165, 130, 27, 0.56%, 5, 0, 3, 1374.90
1639600626, 0, 109, 171, 128, 20, 0.56%, 7, 0, 4, 1365.64
1639600631, 0, 123, 182, 136, 18, 0.58%, 7, 0, 4, 1362.51
1639600636, 0, 126, 184, 136, 18, 0.58%, 7, 0, 4, 1365.86
1639600641, 0, 141, 196, 143, 14, 0.58%, 7, 0, 4, 1337.61
1639600646, 0, 171, 201, 143, 9, 0.58%, 8, 0, 5, 1315.59
1639600652, 0, 171, 206, 148, 9, 0.61%, 8, 0, 5, 1365.65
1639600657, 0, 177, 211, 151, 15, 0.62%, 8, 0, 5, 1367.18
1639600662, 0, 180, 213, 152, 15, 0.62%, 8, 0, 5, 1384.18
1639600667, 0, 181, 225, 163, 14, 0.63%, 9, 0, 5, 1356.00
1639600672, 0, 199, 225, 160, 14, 0.63%, 9, 0, 5, 1315.60
1639600677, 0, 204, 227, 159, 12, 0.63%, 9, 0, 6, 1337.72
1639600682, 0, 210, 231, 160, 9, 0.64%, 9, 0, 6, 1264.61
1639600687, 0, 217, 235, 162, 7, 0.64%, 9, 0, 6, 1163.20
1639600692, 0, 217, 238, 165, 7, 0.64%, 10, 0, 6, 1130.08
1639600697, 0, 222, 243, 169, 7, 0.64%, 10, 0, 6, 945.79
1639600702, 0, 223, 244, 169, 6, 0.64%, 10, 0, 6, 906.03
1639600707, 0, 226, 244, 167, 4, 0.64%, 10, 0, 6, 882.78
1639600712, 0, 228, 250, 172, 3, 0.67%, 10, 0, 7, 887.05
1639600717, 0, 233, 252, 173, 6, 0.67%, 10, 0, 7, 906.67
1639600722, 0, 246, 263, 181, 3, 0.70%, 10, 0, 8, 987.81
1639600727, 0, 249, 266, 183, 14, 0.71%, 10, 0, 8, 1104.39
1639600732, 0, 254, 270, 185, 13, 0.71%, 10, 0, 9, 1142.77
1639600737, 0, 257, 270, 182, 10, 0.71%, 10, 0, 9, 1200.74
1639600742, 0, 261, 271, 180, 8, 0.71%, 10, 0, 9, 1245.41
1639600748, 0, 264, 275, 181, 6, 0.71%, 10, 0, 9, 1312.01
1639600753, 0, 271, 276, 178, 2, 0.71%, 10, 0, 10, 1339.39
1639600758, 1, 138, 278, 175, 0, 0.71%, 10, 0, 10, 1383.05
1639600763, 1, 278, 281, 177, 1, 0.71%, 10, 0, 10, 1360.70
1639600768, 2, 7, 282, 175, 0, 0.71%, 10, 0, 10, 1247.73
1639600773, 2, 35, 284, 176, 0, 0.71%, 11, 0, 10, 1311.78
1639600778, 2, 58, 284, 174, 0, 0.71%, 12, 0, 10, 1222.52
1639600783, 2, 78, 284, 171, 0, 0.71%, 12, 0, 10, 1197.68
1639600788, 2, 94, 285, 167, 0, 0.71%, 12, 0, 10, 1171.11
1639600793, 2, 128, 286, 163, 0, 0.71%, 12, 0, 10, 1191.11
1639600798, 2, 141, 286, 160, 0, 0.71%, 12, 0, 10, 1244.39
1639600803, 2, 165, 286, 156, 0, 0.71%, 12, 0, 10, 1275.78
1639600808, 2, 180, 286, 154, 0, 0.71%, 12, 0, 10, 1323.85
1639600813, 2, 190, 286, 153, 0, 0.71%, 12, 0, 10, 1374.30
1639600819, 2, 197, 286, 151, 0, 0.71%, 12, 0, 10, 1318.27
1639600824, 2, 201, 286, 150, 0, 0.71%, 12, 0, 10, 1192.79
1639600829, 2, 208, 286, 150, 0, 0.71%, 12, 0, 10, 1289.50
1639600834, 2, 213, 288, 149, 0, 0.71%, 13, 0, 10, 1935.24
1639600839, 2, 288, 289, 146, 1, 0.72%, 13, 0, 10, 1881.12
1639600844, 2, 288, 291, 148, 1, 0.72%, 13, 0, 10, 1419.85
1639600849, 2, 290, 293, 149, 0, 0.72%, 13, 0, 10, 1396.22
1639600854, 2, 292, 295, 150, 0, 0.72%, 13, 0, 10, 1391.23
1639600859, 2, 296, 300, 154, 1, 0.72%, 13, 0, 10, 1399.97
1639600869, 2, 299, 301, 154, 1, 0.72%, 13, 0, 11, 1409.09
1639600875, 2, 299, 303, 156, 1, 0.72%, 13, 0, 11, 1424.18
1639600880, 2, 302, 305, 157, 0, 0.72%, 13, 0, 12, 1388.19
