# unix_time, cycles_done, cur_path, paths_total, pending_total, pending_favs, map_size, unique_crashes, unique_hangs, max_depth, execs_per_sec
1639485780, 0, 0, 1, 1, 1, 0.12%, 0, 0, 1, 2000.00
1639485785, 0, 0, 75, 75, 1, 0.41%, 4, 0, 2, 1543.49
1639485790, 0, 8, 116, 112, 43, 0.47%, 4, 0, 3, 1435.46
1639485795, 0, 10, 128, 123, 43, 0.50%, 6, 0, 3, 1417.03
1639485800, 0, 34, 138, 121, 37, 0.51%, 6, 0, 3, 1394.34
1639485805, 0, 43, 146, 127, 35, 0.51%, 6, 0, 3, 1421.50
1639485810, 0, 54, 162, 135, 28, 0.53%, 6, 0, 3, 1421.25
1639485815, 0, 58, 167, 137, 29, 0.54%, 7, 0, 3, 1395.35
1639485821, 0, 85, 172, 133, 21, 0.54%, 8, 0, 3, 1415.52
1639485826, 0, 87, 179, 139, 20, 0.56%, 8, 0, 3, 1393.81
1639485831, 0, 135, 196, 149, 22, 0.57%, 8, 0, 4, 1373.50
1639485836, 0, 137, 202, 153, 20, 0.57%, 8, 0, 4, 1388.37
1639485841, 0, 164, 217, 162, 15, 0.60%, 8, 0, 4, 1427.04
1639485846, 0, 164, 219, 164, 15, 0.60%, 8, 0, 4, 1432.80
1639485851, 0, 176, 224, 163, 13, 0.60%, 8, 0, 4, 1416.61
1639485856, 0, 204, 234, 170, 10, 0.60%, 9, 0, 5, 1359.24
1639485861, 0, 206, 241, 176, 11, 0.60%, 11, 0, 5, 1399.01
1639485866, 0, 208, 245, 179, 10, 0.60%, 12, 0, 5, 1401.50
1639485871, 0, 214, 252, 184, 9, 0.61%, 12, 0, 5, 1387.54
1639485877, 0, 226, 257, 186, 10, 0.64%, 12, 0, 5, 1390.62
1639485882, 0, 247, 260, 186, 7, 0.64%, 12, 0, 6, 1389.11
1639485887, 0, 254, 262, 184, 5, 0.64%, 12, 0, 6, 1399.47
1639485892, 0, 260, 269, 189, 3, 0.65%, 12, 0, 7, 1372.79
1639485897, 0, 267, 274, 192, 4, 0.67%, 12, 0, 8, 1420.17
1639485902, 0, 268, 275, 192, 7, 0.68%, 12, 0, 8, 1451.11
1639485907, 0, 272, 277, 192, 5, 0.69%, 12, 0, 9, 1441.58
1639485912, 0, 274, 287, 200, 8, 0.71%, 12, 0, 9, 1439.63
1639485917, 0, 275, 288, 200, 11, 0.71%, 12, 0, 9, 1430.94
1639485922, 0, 278, 288, 197, 8, 0.71%, 12, 0, 9, 1414.85
1639485927, 0, 282, 290, 196, 6, 0.71%, 12, 0, 10, 1416.87
1639485932, 0, 289, 292, 195, 3, 0.71%, 12, 0, 11, 1431.50
1639485938, 1, 36, 297, 196, 0, 0.71%, 14, 0, 11, 1382.65
1639485943, 1, 57, 299, 195, 0, 0.71%, 15, 0, 11, 1372.78
1639485948, 1, 74, 300, 191, 0, 0.71%, 15, 0, 11, 1354.17
1639485953, 1, 90, 301, 187, 0, 0.71%, 15, 0, 11, 1412.73
1639485958, 1, 115, 302, 181, 0, 0.71%, 15, 0, 11, 1424.59
1639485963, 1, 135, 302, 173, 0, 0.71%, 15, 0, 11, 1433.50
1639485968, 1, 154, 303, 172, 0, 0.71%, 15, 0, 11, 1435.03
1639485973, 1, 172, 303, 165, 0, 0.71%, 15, 0, 11, 1429.38
1639485978, 1, 183, 304, 165, 0, 0.71%, 15, 0, 11, 1428.82
1639485983, 1, 193, 304, 161, 0, 0.71%, 15, 0, 11, 1422.77
1639485989, 1, 206, 304, 157, 0, 0.71%, 15, 0, 11, 1416.86
1639485994, 1, 208, 305, 157, 0, 0.71%, 15, 0, 11, 1412.71
1639485999, 1, 215, 305, 157, 0, 0.71%, 15, 0, 11, 1424.40
1639486004, 1, 222, 305, 155, 0, 0.71%, 15, 0, 11, 1381.27
1639486009, 1, 254, 306, 154, 1, 0.72%, 15, 0, 11, 1237.47
1639486014, 2, 17, 306, 152, 0, 0.72%, 15, 0, 11, 1340.36
1639486019, 2, 55, 306, 150, 0, 0.72%, 15, 0, 11, 1413.13
1639486024, 2, 74, 306, 147, 0, 0.72%, 15, 0, 11, 1384.82
1639486030, 2, 121, 306, 143, 0, 0.72%, 15, 0, 11, 1391.38
1639486035, 2, 142, 306, 141, 0, 0.72%, 15, 0, 11, 1405.08
1639486040, 2, 172, 307, 137, 0, 0.72%, 15, 0, 11, 1401.45
1639486045, 2, 183, 307, 136, 0, 0.72%, 15, 0, 11, 1408.69
1639486050, 2, 195, 307, 133, 0, 0.72%, 15, 0, 11, 1430.30
1639486055, 2, 208, 309, 133, 0, 0.72%, 15, 0, 11, 1439.97
1639486060, 2, 216, 309, 133, 0, 0.72%, 15, 0, 11, 1419.05
1639486065, 2, 229, 309, 131, 0, 0.72%, 15, 0, 11, 1362.80
1639486070, 3, 31, 311, 124, 0, 0.72%, 15, 0, 11, 2095.18
1639486075, 3, 85, 312, 123, 0, 0.72%, 15, 0, 11, 2312.63
