# unix_time, cycles_done, cur_path, paths_total, pending_total, pending_favs, map_size, unique_crashes, unique_hangs, max_depth, execs_per_sec
1639514848, 0, 0, 1, 1, 1, 0.12%, 0, 0, 1, 1333.33
1639514853, 0, 0, 83, 83, 1, 0.45%, 4, 0, 2, 1395.81
1639514858, 0, 12, 123, 119, 39, 0.51%, 4, 0, 3, 1399.98
1639514863, 0, 43, 136, 120, 26, 0.52%, 5, 0, 3, 1439.58
1639514868, 0, 59, 149, 125, 20, 0.53%, 6, 0, 3, 1424.91
1639514874, 0, 78, 162, 132, 18, 0.53%, 6, 0, 3, 1410.41
1639514879, 0, 85, 170, 138, 16, 0.54%, 6, 0, 3, 1365.94
1639514884, 0, 105, 171, 135, 14, 0.54%, 6, 0, 3, 1361.40
1639514889, 0, 143, 176, 135, 9, 0.54%, 6, 0, 4, 1366.18
1639514894, 0, 153, 180, 135, 6, 0.54%, 6, 0, 4, 1370.17
1639514899, 0, 164, 191, 143, 7, 0.59%, 6, 0, 4, 1400.35
1639514904, 0, 179, 204, 154, 9, 0.60%, 6, 0, 5, 1409.15
1639514909, 0, 194, 213, 159, 5, 0.62%, 8, 0, 5, 1401.15
1639514914, 0, 195, 222, 167, 8, 0.63%, 8, 0, 5, 1390.49
1639514919, 0, 198, 226, 170, 8, 0.63%, 9, 0, 5, 1362.95
1639514924, 0, 201, 231, 174, 7, 0.63%, 9, 0, 5, 1391.32
1639514929, 0, 213, 243, 183, 12, 0.68%, 10, 0, 6, 1380.22
1639514934, 0, 215, 248, 187, 11, 0.68%, 10, 0, 6, 1388.50
1639514939, 0, 231, 254, 191, 10, 0.68%, 10, 0, 7, 1319.89
1639514944, 0, 235, 254, 189, 8, 0.68%, 10, 0, 7, 1324.69
1639514949, 0, 239, 256, 187, 4, 0.68%, 11, 0, 7, 1351.55
1639514955, 1, 30, 256, 181, 0, 0.68%, 11, 0, 7, 1400.39
1639514960, 1, 49, 258, 180, 0, 0.68%, 11, 0, 7, 1370.59
1639514965, 1, 66, 260, 179, 0, 0.68%, 11, 0, 7, 1440.20
1639514970, 1, 257, 263, 179, 1, 0.68%, 11, 0, 7, 1422.81
1639514975, 2, 21, 265, 175, 0, 0.68%, 11, 0, 7, 1429.43
1639514980, 3, 5, 267, 171, 0, 0.68%, 11, 0, 7, 1416.16
1639514985, 4, 229, 269, 169, 1, 0.70%, 11, 0, 7, 1415.86
1639514990, 4, 268, 274, 172, 1, 0.72%, 11, 0, 7, 1409.81
1639514995, 4, 268, 278, 176, 1, 0.72%, 11, 0, 7, 1406.74
1639515000, 4, 269, 278, 175, 6, 0.72%, 12, 0, 7, 1388.20
1639515005, 4, 271, 278, 174, 5, 0.72%, 12, 0, 7, 1380.48
1639515015, 4, 274, 279, 174, 4, 0.73%, 12, 0, 7, 1479.09
1639515020, 4, 275, 280, 174, 4, 0.74%, 12, 0, 7, 2013.19
1639515026, 4, 276, 280, 173, 4, 0.74%, 12, 0, 7, 1484.63
1639515036, 4, 277, 280, 172, 3, 0.74%, 12, 0, 7, 1344.12
1639515041, 4, 278, 281, 172, 2, 0.74%, 12, 0, 7, 1305.42
1639515046, 4, 278, 287, 178, 2, 0.74%, 12, 0, 7, 1334.48
1639515056, 4, 279, 287, 177, 2, 0.74%, 12, 0, 7, 1382.06
1639515061, 4, 283, 288, 177, 1, 0.74%, 12, 0, 7, 1406.42
1639515066, 4, 283, 292, 181, 1, 0.75%, 12, 0, 7, 1420.19
1639515071, 4, 288, 296, 184, 4, 0.76%, 12, 0, 8, 1449.45
1639515077, 4, 288, 301, 189, 4, 0.76%, 12, 0, 8, 1448.11
1639515087, 4, 294, 302, 188, 3, 0.76%, 12, 0, 9, 1344.95
1639515092, 4, 294, 309, 195, 3, 0.78%, 12, 0, 9, 1239.47
1639515097, 4, 295, 311, 196, 6, 0.78%, 12, 0, 9, 1239.74
1639515102, 4, 295, 317, 202, 6, 0.78%, 12, 0, 9, 1295.99
1639515107, 4, 298, 317, 201, 7, 0.78%, 12, 0, 9, 1334.28
1639515117, 4, 304, 319, 202, 6, 0.79%, 12, 0, 10, 1325.39
1639515122, 4, 304, 327, 210, 6, 0.80%, 12, 0, 10, 1289.10
1639515132, 4, 305, 328, 210, 9, 0.80%, 12, 0, 10, 1249.32
1639515142, 4, 308, 330, 211, 8, 0.80%, 12, 0, 10, 1312.14
