# unix_time, cycles_done, cur_path, paths_total, pending_total, pending_favs, map_size, unique_crashes, unique_hangs, max_depth, execs_per_sec
1639475725, 0, 0, 623, 623, 92, 0.86%, 0, 0, 1, 1241.04
1639475731, 0, 104, 625, 613, 80, 0.86%, 6, 0, 2, 1345.18
1639475736, 0, 177, 625, 603, 71, 0.86%, 6, 0, 2, 1373.40
1639475741, 0, 238, 625, 594, 63, 0.86%, 6, 0, 2, 1389.11
1639475746, 0, 297, 625, 588, 57, 0.86%, 7, 0, 2, 1366.52
1639475751, 0, 365, 625, 579, 48, 0.86%, 7, 0, 2, 1263.13
1639475756, 0, 382, 625, 573, 42, 0.86%, 8, 0, 2, 1287.08
1639475761, 0, 445, 625, 564, 33, 0.86%, 8, 0, 2, 1348.50
1639475766, 0, 507, 625, 553, 23, 0.86%, 8, 0, 2, 1347.27
1639475771, 0, 551, 626, 545, 14, 0.86%, 8, 0, 2, 1364.33
1639475776, 0, 599, 626, 536, 5, 0.86%, 8, 0, 2, 1328.86
1639475781, 1, 5, 626, 529, 0, 0.86%, 8, 0, 2, 1337.70
1639475786, 1, 45, 626, 522, 0, 0.86%, 8, 0, 2, 1354.01
1639475791, 1, 74, 626, 515, 0, 0.86%, 8, 0, 2, 1361.32
1639475797, 1, 93, 628, 512, 0, 0.86%, 8, 0, 2, 1356.57
1639475802, 1, 115, 628, 506, 0, 0.86%, 8, 0, 2, 1345.32
1639475807, 1, 137, 628, 498, 0, 0.86%, 9, 0, 2, 1352.75
1639475812, 1, 148, 628, 491, 0, 0.86%, 9, 0, 2, 1335.30
1639475817, 1, 172, 628, 485, 0, 0.86%, 9, 0, 2, 1362.76
1639475822, 1, 191, 630, 483, 0, 0.86%, 9, 0, 2, 1378.50
1639475827, 1, 216, 630, 476, 0, 0.86%, 9, 0, 2, 1537.36
1639475832, 1, 238, 630, 471, 0, 0.86%, 9, 0, 2, 1453.53
1639475837, 1, 254, 630, 465, 0, 0.86%, 9, 0, 2, 1380.56
1639475842, 1, 283, 630, 461, 0, 0.86%, 9, 0, 2, 1336.80
1639475847, 1, 302, 630, 457, 0, 0.86%, 9, 0, 2, 1342.96
1639475852, 1, 322, 630, 453, 0, 0.86%, 9, 0, 2, 1357.91
1639475858, 1, 358, 631, 448, 0, 0.86%, 9, 0, 2, 1374.08
1639475863, 1, 371, 631, 443, 0, 0.86%, 9, 0, 2, 1354.05
1639475868, 1, 388, 631, 441, 0, 0.86%, 10, 0, 2, 1336.55
1639475873, 1, 413, 631, 437, 0, 0.86%, 10, 0, 2, 1351.91
1639475878, 1, 439, 631, 430, 0, 0.86%, 10, 0, 2, 1354.47
1639475883, 1, 468, 631, 425, 0, 0.86%, 10, 0, 2, 1338.02
1639475888, 1, 494, 631, 420, 0, 0.86%, 10, 0, 2, 1324.99
1639475893, 1, 509, 631, 415, 0, 0.86%, 10, 0, 2, 1317.47
1639475898, 1, 533, 631, 410, 0, 0.86%, 10, 0, 2, 1310.79
1639475903, 1, 551, 631, 406, 0, 0.86%, 10, 0, 2, 1309.67
1639475908, 1, 577, 631, 401, 0, 0.86%, 10, 0, 2, 1344.61
1639475913, 1, 599, 631, 396, 0, 0.86%, 10, 0, 2, 1359.22
1639475918, 1, 623, 631, 392, 0, 0.86%, 10, 0, 2, 1352.43
1639475923, 1, 633, 635, 392, 0, 0.86%, 10, 0, 4, 1374.38
1639475929, 1, 633, 638, 395, 0, 0.86%, 10, 0, 4, 1368.96
1639475934, 1, 636, 638, 393, 0, 0.86%, 10, 0, 4, 1351.47
1639475939, 2, 7, 638, 390, 0, 0.86%, 10, 0, 4, 1358.38
1639475944, 2, 40, 638, 381, 0, 0.86%, 10, 0, 4, 1353.61
1639475949, 2, 84, 638, 375, 0, 0.86%, 10, 0, 4, 1344.69
1639475954, 2, 100, 638, 367, 0, 0.86%, 10, 0, 4, 1354.88
1639475959, 2, 129, 638, 363, 0, 0.86%, 10, 0, 4, 1359.21
1639475964, 2, 256, 640, 362, 1, 0.87%, 10, 0, 4, 1330.59
1639475969, 2, 639, 640, 357, 1, 0.87%, 11, 0, 4, 1325.17
1639475974, 3, 40, 640, 352, 0, 0.87%, 12, 0, 4, 1347.17
1639475980, 3, 88, 640, 347, 0, 0.87%, 12, 0, 4, 1337.02
1639475985, 3, 120, 640, 346, 0, 0.87%, 12, 0, 4, 1371.46
1639475990, 3, 153, 640, 340, 0, 0.87%, 12, 0, 4, 1346.14
1639475995, 3, 174, 640, 334, 0, 0.87%, 12, 0, 4, 1339.79
1639476000, 3, 210, 640, 329, 0, 0.87%, 12, 0, 4, 1337.68
1639476005, 3, 238, 640, 326, 0, 0.87%, 12, 0, 4, 1349.81
1639476010, 3, 284, 641, 324, 0, 0.87%, 12, 0, 4, 1333.66
1639476015, 3, 321, 641, 320, 0, 0.87%, 12, 0, 4, 1354.60
1639476020, 3, 350, 641, 315, 0, 0.87%, 12, 0, 4, 1332.82
