# unix_time, cycles_done, cur_path, paths_total, pending_total, pending_favs, map_size, unique_crashes, unique_hangs, max_depth, execs_per_sec
1639471607, 0, 0, 1, 1, 1, 0.12%, 0, 0, 1, 1333.33
1639471612, 0, 9, 109, 104, 38, 0.48%, 4, 0, 3, 2436.81
1639471617, 0, 52, 161, 136, 26, 0.53%, 6, 0, 3, 2738.06
1639471622, 0, 120, 181, 141, 18, 0.55%, 7, 0, 4, 2897.41
1639471628, 0, 161, 198, 147, 10, 0.56%, 8, 0, 4, 2872.90
1639471633, 0, 179, 216, 160, 19, 0.63%, 8, 0, 5, 2861.85
1639471638, 0, 201, 225, 162, 13, 0.63%, 8, 0, 5, 2151.99
1639471643, 0, 201, 231, 168, 13, 0.63%, 8, 0, 5, 1609.28
1639471648, 0, 205, 237, 171, 12, 0.63%, 8, 0, 5, 1511.51
1639471653, 0, 209, 241, 171, 9, 0.64%, 8, 0, 5, 1452.10
1639471658, 0, 222, 245, 171, 6, 0.64%, 8, 0, 6, 1461.67
1639471663, 0, 224, 250, 175, 6, 0.65%, 8, 0, 6, 1433.82
1639471668, 0, 241, 259, 181, 3, 0.65%, 8, 0, 6, 1446.54
1639471673, 0, 259, 266, 185, 3, 0.65%, 8, 0, 7, 1424.78
1639471678, 1, 21, 270, 186, 1, 0.65%, 8, 0, 9, 1442.19
1639471683, 1, 47, 271, 184, 0, 0.65%, 8, 0, 9, 1457.65
1639471688, 1, 76, 273, 181, 0, 0.65%, 8, 0, 9, 1456.20
1639471693, 1, 105, 273, 179, 0, 0.65%, 8, 0, 9, 1448.47
1639471698, 1, 125, 276, 174, 0, 0.65%, 9, 0, 9, 1442.35
1639471704, 1, 145, 277, 170, 0, 0.65%, 10, 0, 9, 1462.02
1639471709, 1, 166, 278, 167, 0, 0.65%, 10, 0, 9, 1475.10
1639471714, 1, 176, 278, 163, 0, 0.65%, 10, 0, 9, 1455.64
1639471719, 1, 189, 279, 163, 0, 0.65%, 11, 0, 9, 1452.90
1639471724, 1, 198, 280, 161, 0, 0.65%, 11, 0, 9, 1435.39
1639471729, 1, 205, 281, 162, 0, 0.65%, 11, 0, 9, 1430.10
1639471734, 1, 214, 281, 162, 0, 0.65%, 11, 0, 9, 1435.92
1639471739, 1, 225, 283, 162, 0, 0.65%, 11, 0, 9, 1449.99
1639471744, 1, 233, 289, 166, 0, 0.65%, 11, 0, 9, 1474.94
1639471749, 1, 249, 290, 163, 0, 0.65%, 12, 0, 9, 1445.83
1639471754, 1, 276, 292, 163, 1, 0.65%, 12, 0, 9, 1397.83
1639471759, 1, 293, 296, 165, 1, 0.65%, 12, 0, 9, 1395.48
1639471764, 1, 293, 302, 171, 1, 0.66%, 13, 0, 9, 1443.29
1639471769, 1, 298, 304, 172, 1, 0.67%, 13, 0, 10, 1392.26
1639471774, 1, 303, 308, 175, 1, 0.70%, 13, 0, 11, 1397.84
1639471779, 1, 305, 313, 178, 3, 0.71%, 13, 0, 12, 1428.39
1639471784, 1, 305, 316, 181, 3, 0.72%, 13, 0, 12, 1414.62
1639471789, 1, 306, 323, 187, 9, 0.73%, 13, 0, 12, 1382.85
1639471794, 1, 307, 326, 189, 10, 0.73%, 13, 0, 12, 1401.17
1639471799, 1, 310, 328, 189, 8, 0.73%, 13, 0, 13, 1405.46
1639471804, 1, 312, 329, 188, 7, 0.73%, 13, 0, 13, 1398.97
1639471809, 1, 312, 330, 189, 7, 0.73%, 13, 0, 13, 1401.57
1639471815, 1, 314, 331, 188, 6, 0.73%, 13, 0, 13, 1372.34
1639471820, 1, 320, 331, 186, 5, 0.73%, 13, 0, 13, 1388.07
1639471825, 1, 324, 333, 187, 3, 0.73%, 14, 0, 13, 1376.17
1639471830, 1, 329, 335, 188, 3, 0.73%, 14, 0, 14, 1404.22
1639471835, 1, 330, 339, 191, 3, 0.73%, 14, 0, 14, 1392.36
1639471840, 1, 336, 340, 190, 2, 0.73%, 14, 0, 14, 1396.71
1639471845, 1, 336, 343, 193, 2, 0.73%, 14, 0, 15, 1367.95
1639471850, 2, 298, 343, 192, 1, 0.73%, 14, 0, 15, 1380.96
1639471855, 2, 310, 344, 192, 0, 0.73%, 14, 0, 15, 1407.66
1639471861, 2, 316, 345, 193, 0, 0.73%, 14, 0, 15, 1387.93
1639471866, 2, 323, 345, 192, 0, 0.73%, 14, 0, 15, 1397.65
1639471871, 2, 327, 347, 193, 0, 0.73%, 14, 0, 15, 1403.74
1639471881, 2, 333, 347, 192, 0, 0.73%, 14, 0, 15, 1392.54
1639471886, 2, 334, 347, 191, 0, 0.73%, 14, 0, 15, 1392.16
1639471891, 3, 19, 348, 188, 0, 0.73%, 14, 0, 15, 1420.29
1639471896, 3, 39, 348, 184, 0, 0.73%, 14, 0, 15, 1414.86
1639471901, 3, 69, 348, 178, 0, 0.73%, 14, 0, 15, 1446.29
1639471907, 3, 94, 349, 174, 0, 0.73%, 14, 0, 15, 1410.79
