# unix_time, cycles_done, cur_path, paths_total, pending_total, pending_favs, map_size, unique_crashes, unique_hangs, max_depth, execs_per_sec
1639511240, 0, 0, 532, 532, 96, 0.90%, 0, 0, 1, 1148.10
1639511245, 0, 46, 532, 524, 89, 0.90%, 4, 0, 1, 1266.30
1639511250, 0, 92, 532, 515, 81, 0.90%, 6, 0, 1, 1287.76
1639511255, 0, 153, 532, 505, 71, 0.90%, 6, 0, 1, 1311.58
1639511260, 0, 196, 532, 494, 60, 0.90%, 6, 0, 1, 1310.44
1639511265, 0, 239, 532, 486, 52, 0.90%, 6, 0, 1, 1225.83
1639511270, 0, 279, 532, 479, 45, 0.90%, 6, 0, 1, 1086.28
1639511275, 0, 302, 532, 473, 39, 0.90%, 7, 0, 1, 1067.11
1639511281, 0, 348, 532, 466, 32, 0.90%, 7, 0, 1, 1080.58
1639511286, 0, 388, 532, 460, 26, 0.90%, 9, 0, 1, 1055.71
1639511291, 0, 432, 532, 452, 18, 0.90%, 9, 0, 1, 1122.87
1639511296, 0, 489, 532, 443, 10, 0.90%, 9, 0, 1, 1136.52
1639511301, 0, 515, 532, 436, 3, 0.90%, 9, 0, 1, 1202.30
1639511306, 1, 14, 532, 430, 0, 0.90%, 10, 0, 1, 1272.80
1639511312, 1, 41, 532, 426, 0, 0.90%, 10, 0, 1, 1349.12
1639511317, 1, 60, 532, 420, 0, 0.90%, 10, 0, 1, 1414.91
1639511322, 1, 89, 532, 415, 0, 0.90%, 10, 0, 1, 1421.78
1639511327, 1, 101, 532, 410, 0, 0.90%, 10, 0, 1, 1441.18
1639511332, 1, 129, 532, 404, 0, 0.90%, 10, 0, 1, 1421.50
1639511337, 1, 148, 532, 399, 0, 0.90%, 10, 0, 1, 1410.64
1639511343, 1, 172, 532, 394, 0, 0.90%, 10, 0, 1, 1399.13
1639511348, 1, 184, 532, 389, 0, 0.90%, 10, 0, 1, 1331.59
1639511353, 1, 201, 535, 388, 0, 0.90%, 10, 0, 2, 1268.88
1639511358, 1, 226, 535, 387, 0, 0.90%, 10, 0, 2, 1259.18
1639511363, 1, 251, 536, 382, 0, 0.90%, 10, 0, 2, 1283.52
1639511368, 1, 279, 536, 377, 0, 0.90%, 10, 0, 2, 1254.41
1639511373, 1, 296, 536, 377, 0, 0.90%, 11, 0, 2, 1232.03
1639511378, 1, 312, 536, 372, 0, 0.90%, 11, 0, 2, 1261.98
1639511383, 1, 343, 536, 366, 0, 0.90%, 11, 0, 2, 1302.66
1639511388, 1, 374, 536, 362, 0, 0.90%, 11, 0, 2, 1322.91
1639511393, 1, 397, 536, 355, 0, 0.90%, 11, 0, 2, 1322.83
1639511399, 1, 416, 536, 351, 0, 0.90%, 11, 0, 2, 1316.90
1639511404, 1, 446, 536, 346, 0, 0.90%, 11, 0, 2, 1303.64
1639511409, 1, 465, 536, 341, 0, 0.90%, 11, 0, 2, 1259.35
1639511414, 1, 487, 536, 337, 0, 0.90%, 11, 0, 2, 1056.98
1639511419, 1, 497, 536, 333, 0, 0.90%, 11, 0, 2, 1063.94
1639511424, 1, 510, 536, 330, 0, 0.90%, 11, 0, 2, 1091.75
1639511429, 1, 517, 536, 327, 0, 0.90%, 11, 0, 2, 1119.50
1639511434, 1, 527, 536, 323, 0, 0.90%, 11, 0, 2, 1127.45
1639511439, 2, 21, 536, 320, 0, 0.90%, 12, 0, 2, 1202.78
1639511444, 2, 48, 536, 315, 0, 0.90%, 12, 0, 2, 1281.83
1639511449, 2, 70, 536, 311, 0, 0.90%, 12, 0, 2, 1302.25
1639511454, 2, 133, 536, 309, 0, 0.90%, 15, 0, 2, 1307.03
1639511459, 2, 157, 536, 307, 0, 0.90%, 15, 0, 2, 1317.55
1639511465, 2, 184, 537, 305, 0, 0.90%, 15, 0, 2, 1333.90
1639511470, 2, 206, 537, 304, 0, 0.90%, 15, 0, 2, 1343.36
1639511475, 2, 230, 537, 299, 0, 0.90%, 17, 0, 2, 1340.67
1639511480, 2, 253, 537, 294, 0, 0.90%, 17, 0, 2, 1361.89
1639511485, 2, 277, 537, 289, 0, 0.90%, 17, 0, 2, 1362.06
1639511490, 2, 296, 537, 286, 0, 0.90%, 17, 0, 2, 1370.22
1639511495, 2, 313, 537, 284, 0, 0.90%, 17, 0, 2, 1386.42
1639511500, 2, 344, 537, 276, 0, 0.90%, 17, 0, 2, 1407.60
1639511505, 2, 376, 537, 271, 0, 0.90%, 17, 0, 2, 1417.09
1639511510, 2, 397, 537, 266, 0, 0.90%, 17, 0, 2, 1414.66
1639511515, 2, 429, 537, 262, 0, 0.90%, 18, 0, 2, 1404.46
1639511520, 2, 451, 537, 259, 0, 0.90%, 18, 0, 2, 1434.26
1639511526, 2, 479, 537, 251, 0, 0.90%, 18, 0, 2, 1409.69
1639511531, 2, 520, 537, 249, 0, 0.90%, 18, 0, 2, 1829.13
1639511536, 2, 533, 537, 246, 0, 0.90%, 18, 0, 2, 1478.10
