# unix_time, cycles_done, cur_path, paths_total, pending_total, pending_favs, map_size, unique_crashes, unique_hangs, max_depth, execs_per_sec
1639603598, 0, 0, 1, 1, 1, 0.12%, 0, 0, 1, 1600.00
1639603603, 0, 0, 72, 72, 1, 0.43%, 4, 0, 2, 1291.28
1639603608, 0, 2, 104, 103, 42, 0.50%, 6, 0, 3, 1203.58
1639603613, 0, 20, 115, 108, 36, 0.50%, 7, 0, 3, 1217.22
1639603618, 0, 42, 137, 116, 28, 0.53%, 7, 0, 3, 1975.78
1639603623, 0, 92, 152, 119, 17, 0.54%, 8, 0, 3, 1729.18
1639603628, 0, 97, 157, 123, 16, 0.55%, 8, 0, 3, 1273.88
1639603633, 0, 104, 161, 124, 15, 0.55%, 8, 0, 4, 1178.59
1639603638, 0, 129, 167, 125, 10, 0.55%, 8, 0, 4, 1221.61
1639603643, 0, 133, 173, 129, 10, 0.55%, 8, 0, 4, 1190.99
1639603648, 0, 147, 186, 139, 8, 0.57%, 8, 0, 4, 1163.65
1639603653, 0, 155, 188, 139, 10, 0.57%, 8, 0, 4, 1207.14
1639603659, 0, 170, 193, 141, 7, 0.57%, 9, 0, 5, 1213.68
1639603664, 0, 171, 195, 142, 7, 0.58%, 9, 0, 5, 1214.91
1639603669, 0, 183, 200, 143, 7, 0.58%, 12, 0, 5, 1244.87
1639603674, 0, 187, 206, 146, 5, 0.59%, 12, 0, 5, 1317.18
1639603679, 0, 193, 207, 146, 6, 0.59%, 12, 0, 6, 1370.75
1639603684, 0, 194, 212, 150, 6, 0.62%, 12, 0, 6, 1377.77
1639603689, 0, 202, 217, 153, 12, 0.65%, 12, 0, 6, 1389.60
1639603694, 0, 206, 222, 155, 10, 0.65%, 12, 0, 6, 1409.44
1639603699, 0, 209, 230, 160, 10, 0.66%, 12, 0, 7, 1427.32
1639603704, 0, 213, 230, 156, 6, 0.66%, 12, 0, 7, 1412.39
1639603710, 0, 224, 234, 157, 5, 0.67%, 12, 0, 7, 1425.15
1639603715, 0, 226, 244, 166, 4, 0.68%, 12, 0, 8, 1426.80
1639603720, 0, 234, 248, 167, 7, 0.71%, 12, 0, 9, 1326.56
1639603725, 0, 235, 249, 167, 6, 0.71%, 12, 0, 9, 1403.98
1639603730, 0, 236, 252, 169, 5, 0.71%, 12, 0, 9, 1409.29
1639603735, 0, 238, 253, 169, 5, 0.71%, 12, 0, 9, 1414.88
1639603740, 0, 242, 257, 171, 3, 0.71%, 12, 0, 9, 1441.39
1639603745, 0, 252, 268, 180, 11, 0.72%, 13, 0, 9, 1436.41
1639603750, 0, 256, 271, 182, 10, 0.72%, 13, 0, 10, 1438.11
1639603755, 0, 259, 275, 184, 10, 0.73%, 13, 0, 10, 1407.33
1639603760, 0, 261, 277, 184, 8, 0.73%, 13, 0, 10, 1393.33
1639603765, 0, 263, 277, 182, 6, 0.73%, 13, 0, 10, 1406.08
1639603770, 0, 266, 280, 183, 5, 0.74%, 13, 0, 10, 1399.52
1639603775, 0, 268, 283, 184, 6, 0.74%, 13, 0, 10, 1414.21
1639603780, 0, 268, 285, 186, 6, 0.74%, 13, 0, 11, 1410.14
1639603785, 0, 273, 287, 187, 6, 0.74%, 13, 0, 11, 1431.45
1639603791, 0, 279, 287, 184, 3, 0.74%, 13, 0, 11, 1438.11
1639603796, 0, 281, 291, 187, 2, 0.74%, 13, 0, 11, 1465.33
1639603801, 1, 24, 292, 185, 0, 0.74%, 14, 0, 12, 1469.22
1639603806, 1, 294, 295, 185, 1, 0.74%, 14, 0, 12, 1464.20
1639603811, 2, 25, 295, 181, 0, 0.74%, 14, 0, 12, 1488.17
1639603816, 3, 24, 296, 176, 0, 0.74%, 14, 0, 12, 1488.37
1639603821, 3, 56, 296, 175, 0, 0.74%, 14, 0, 12, 1469.93
1639603826, 3, 91, 296, 167, 0, 0.74%, 14, 0, 12, 1484.64
1639603831, 3, 121, 296, 161, 0, 0.74%, 14, 0, 12, 1482.76
1639603836, 3, 155, 296, 158, 0, 0.74%, 14, 0, 12, 1490.93
1639603841, 3, 296, 297, 159, 1, 0.74%, 14, 0, 12, 1487.61
1639603846, 4, 31, 297, 157, 0, 0.74%, 14, 0, 12, 1481.87
1639603851, 4, 59, 298, 155, 0, 0.74%, 14, 0, 12, 1478.46
1639603857, 4, 104, 300, 152, 0, 0.74%, 14, 0, 12, 1439.81
1639603862, 4, 136, 300, 148, 0, 0.74%, 14, 0, 12, 1447.17
1639603867, 4, 156, 301, 143, 0, 0.74%, 14, 0, 12, 1428.92
1639603872, 4, 253, 303, 144, 1, 0.74%, 14, 0, 12, 1407.82
1639603877, 4, 301, 304, 144, 1, 0.74%, 14, 0, 12, 1385.18
1639603887, 5, 20, 304, 141, 0, 0.74%, 14, 0, 12, 1321.57
1639603892, 5, 45, 304, 141, 0, 0.74%, 14, 0, 12, 1281.33
1639603897, 5, 77, 304, 138, 0, 0.74%, 14, 0, 12, 1269.71
