# unix_time, cycles_done, cur_path, paths_total, pending_total, pending_favs, map_size, unique_crashes, unique_hangs, max_depth, execs_per_sec
1639595153, 0, 0, 1, 1, 1, 0.12%, 0, 0, 1, 2000.00
1639595158, 0, 0, 71, 71, 1, 0.44%, 4, 0, 2, 1420.86
1639595163, 0, 2, 97, 95, 44, 0.50%, 4, 0, 3, 1326.33
1639595168, 0, 20, 116, 107, 40, 0.52%, 4, 0, 3, 1321.76
1639595173, 0, 37, 129, 113, 32, 0.52%, 4, 0, 3, 1318.07
1639595178, 0, 45, 138, 117, 29, 0.53%, 5, 0, 3, 1319.66
1639595183, 0, 61, 149, 119, 21, 0.54%, 5, 0, 3, 1352.05
1639595188, 0, 65, 155, 123, 20, 0.54%, 5, 0, 3, 1374.32
1639595193, 0, 66, 159, 126, 20, 0.54%, 5, 0, 3, 1377.10
1639595198, 0, 89, 169, 133, 18, 0.54%, 5, 0, 3, 1354.74
1639595203, 0, 107, 172, 129, 12, 0.54%, 5, 0, 4, 1343.47
1639595208, 0, 150, 175, 125, 6, 0.54%, 6, 0, 4, 1368.79
1639595213, 0, 156, 204, 152, 4, 0.60%, 7, 0, 4, 1371.18
1639595218, 0, 173, 209, 154, 13, 0.60%, 7, 0, 5, 1333.31
1639595223, 0, 183, 217, 161, 14, 0.65%, 7, 0, 5, 1307.64
1639595234, 0, 189, 224, 166, 15, 0.65%, 7, 0, 5, 1200.39
1639595239, 0, 191, 229, 170, 15, 0.65%, 7, 0, 5, 1221.73
1639595244, 0, 195, 230, 169, 13, 0.65%, 7, 0, 5, 1238.12
1639595249, 0, 197, 235, 172, 11, 0.65%, 7, 0, 5, 1181.44
1639595254, 0, 198, 237, 173, 10, 0.65%, 7, 0, 5, 1128.53
1639595259, 0, 200, 242, 177, 9, 0.65%, 7, 0, 5, 1116.64
1639595264, 0, 204, 245, 178, 9, 0.66%, 7, 0, 5, 1195.33
1639595269, 0, 211, 248, 179, 7, 0.66%, 10, 0, 6, 1287.19
1639595274, 0, 227, 250, 177, 5, 0.68%, 11, 0, 6, 1282.01
1639595279, 0, 249, 258, 181, 5, 0.69%, 11, 0, 7, 1312.12
1639595284, 0, 255, 265, 186, 3, 0.69%, 11, 0, 8, 1318.45
1639595289, 0, 258, 269, 188, 4, 0.70%, 11, 0, 8, 1337.72
1639595294, 0, 264, 274, 192, 3, 0.70%, 11, 0, 9, 1348.84
1639595299, 0, 267, 279, 196, 3, 0.70%, 11, 0, 9, 1357.87
1639595304, 0, 273, 280, 196, 3, 0.70%, 11, 0, 10, 1356.77
1639595310, 0, 280, 285, 199, 2, 0.70%, 11, 0, 11, 1346.33
1639595315, 0, 280, 286, 200, 2, 0.70%, 11, 0, 11, 1355.88
1639595320, 1, 245, 288, 199, 0, 0.70%, 11, 0, 11, 1309.89
1639595325, 1, 253, 289, 198, 0, 0.70%, 11, 0, 11, 1264.71
1639595330, 1, 260, 291, 199, 0, 0.70%, 11, 0, 11, 1170.00
1639595335, 1, 262, 292, 198, 0, 0.70%, 11, 0, 11, 1077.82
1639595340, 1, 275, 293, 197, 0, 0.70%, 11, 0, 11, 1680.74
1639595345, 1, 279, 293, 196, 0, 0.70%, 11, 0, 11, 1206.96
1639595350, 1, 280, 293, 195, 0, 0.70%, 11, 0, 11, 982.77
1639595355, 1, 287, 295, 196, 0, 0.70%, 11, 0, 12, 916.49
1639595360, 2, 6, 295, 194, 0, 0.70%, 11, 0, 12, 889.47
1639595365, 2, 20, 296, 192, 0, 0.70%, 11, 0, 12, 898.62
1639595370, 2, 37, 296, 189, 0, 0.70%, 11, 0, 12, 882.00
1639595376, 2, 46, 297, 189, 0, 0.70%, 11, 0, 12, 884.51
1639595381, 2, 60, 298, 187, 0, 0.70%, 11, 0, 12, 889.49
1639595386, 2, 71, 298, 184, 0, 0.70%, 11, 0, 12, 926.34
1639595391, 2, 247, 299, 181, 1, 0.71%, 11, 0, 12, 1010.66
1639595396, 3, 20, 301, 179, 0, 0.71%, 11, 0, 12, 1056.29
1639595401, 3, 37, 302, 176, 0, 0.71%, 11, 0, 12, 1128.16
1639595406, 3, 54, 302, 175, 0, 0.71%, 11, 0, 12, 1236.48
1639595411, 3, 303, 304, 175, 1, 0.71%, 11, 0, 12, 1247.35
1639595416, 4, 32, 306, 175, 0, 0.71%, 11, 0, 12, 1281.73
1639595421, 4, 42, 309, 176, 0, 0.71%, 11, 0, 12, 1278.53
1639595427, 4, 67, 309, 176, 0, 0.71%, 11, 0, 12, 1306.68
1639595432, 4, 89, 311, 175, 0, 0.71%, 11, 0, 12, 1310.96
1639595437, 4, 312, 314, 177, 0, 0.71%, 11, 0, 12, 1324.37
1639595442, 5, 17, 314, 175, 0, 0.71%, 11, 0, 12, 1312.13
1639595447, 5, 42, 314, 174, 0, 0.71%, 11, 0, 12, 1310.00
1639595452, 5, 62, 316, 175, 0, 0.71%, 11, 0, 12, 1283.71
