# unix_time, cycles_done, cur_path, paths_total, pending_total, pending_favs, map_size, unique_crashes, unique_hangs, max_depth, execs_per_sec
1639441097, 0, 0, 865, 865, 100, 0.91%, 0, 0, 1, 1228.69
1639441102, 0, 229, 865, 845, 81, 0.91%, 4, 0, 1, 2126.03
1639441107, 0, 263, 865, 838, 75, 0.91%, 5, 0, 1, 1553.59
1639441112, 0, 328, 865, 827, 64, 0.91%, 6, 0, 1, 1465.12
1639441117, 0, 433, 865, 818, 55, 0.91%, 6, 0, 1, 1450.88
1639441122, 0, 464, 865, 812, 50, 0.91%, 7, 0, 1, 1434.67
1639441127, 0, 529, 865, 802, 40, 0.91%, 7, 0, 1, 1416.56
1639441132, 0, 616, 865, 793, 31, 0.91%, 8, 0, 1, 1407.25
1639441138, 0, 656, 865, 784, 22, 0.91%, 9, 0, 1, 1430.09
1639441143, 0, 733, 865, 775, 14, 0.91%, 10, 0, 1, 1442.15
1639441148, 0, 786, 865, 767, 6, 0.91%, 10, 0, 1, 1423.79
1639441153, 1, 3, 865, 755, 0, 0.91%, 10, 0, 1, 1429.50
1639441158, 1, 27, 865, 749, 0, 0.91%, 10, 0, 1, 1412.81
1639441163, 1, 62, 867, 745, 0, 0.91%, 10, 0, 2, 1406.70
1639441168, 1, 90, 867, 737, 0, 0.91%, 10, 0, 2, 1388.09
1639441173, 1, 130, 867, 727, 0, 0.91%, 10, 0, 2, 1421.22
1639441179, 1, 186, 867, 718, 0, 0.91%, 10, 0, 2, 1412.65
1639441184, 1, 212, 867, 711, 0, 0.91%, 10, 0, 2, 1419.54
1639441189, 1, 230, 867, 707, 0, 0.91%, 10, 0, 2, 1401.70
1639441194, 1, 252, 867, 702, 0, 0.91%, 10, 0, 2, 1424.88
1639441199, 1, 277, 867, 696, 0, 0.91%, 11, 0, 2, 1446.53
1639441204, 1, 294, 867, 690, 0, 0.91%, 11, 0, 2, 1437.52
1639441209, 1, 311, 868, 686, 0, 0.91%, 11, 0, 2, 1408.40
1639441214, 1, 336, 868, 680, 0, 0.91%, 11, 0, 2, 1419.18
1639441220, 1, 359, 868, 675, 0, 0.91%, 11, 0, 2, 1403.78
1639441225, 1, 385, 868, 671, 0, 0.91%, 11, 0, 2, 1417.21
1639441230, 1, 435, 868, 661, 0, 0.91%, 11, 0, 2, 1443.13
1639441235, 1, 843, 869, 657, 1, 0.92%, 11, 0, 2, 1396.70
1639441240, 2, 23, 870, 653, 0, 0.92%, 11, 0, 2, 1404.53
1639441245, 2, 59, 871, 648, 0, 0.92%, 11, 0, 2, 1404.29
1639441250, 2, 108, 872, 641, 0, 0.92%, 11, 0, 2, 1411.69
1639441256, 2, 137, 872, 633, 0, 0.92%, 11, 0, 2, 1438.97
1639441261, 2, 181, 872, 625, 0, 0.92%, 11, 0, 2, 1437.73
1639441266, 2, 461, 872, 621, 1, 0.92%, 11, 0, 2, 1424.33
1639441271, 2, 636, 872, 614, 0, 0.92%, 11, 0, 2, 1411.81
1639441276, 2, 653, 872, 608, 0, 0.92%, 11, 0, 2, 1421.83
1639441281, 2, 668, 872, 604, 0, 0.92%, 11, 0, 2, 1424.28
1639441286, 2, 696, 872, 598, 0, 0.92%, 11, 0, 2, 1419.34
1639441291, 2, 711, 872, 590, 0, 0.92%, 11, 0, 2, 1417.41
1639441296, 2, 736, 872, 587, 0, 0.92%, 11, 0, 2, 1421.88
1639441302, 2, 771, 872, 582, 0, 0.92%, 11, 0, 2, 1423.20
1639441307, 2, 783, 872, 577, 0, 0.92%, 11, 0, 2, 1406.84
1639441312, 2, 819, 872, 572, 0, 0.92%, 11, 0, 2, 1424.93
1639441317, 2, 837, 872, 564, 0, 0.92%, 11, 0, 2, 1427.92
1639441322, 2, 864, 872, 557, 0, 0.92%, 11, 0, 2, 1430.02
1639441327, 3, 27, 872, 552, 0, 0.92%, 11, 0, 2, 1429.02
1639441332, 3, 69, 872, 546, 0, 0.92%, 11, 0, 2, 1438.34
1639441337, 3, 120, 872, 540, 0, 0.92%, 11, 0, 2, 1407.22
1639441342, 3, 164, 872, 532, 0, 0.92%, 11, 0, 2, 1405.75
1639441347, 3, 197, 872, 528, 0, 0.92%, 12, 0, 2, 1428.60
1639441353, 3, 232, 872, 525, 0, 0.92%, 12, 0, 2, 1434.14
1639441358, 3, 259, 872, 519, 0, 0.92%, 12, 0, 2, 1436.00
1639441363, 3, 283, 872, 514, 0, 0.92%, 12, 0, 2, 1412.68
1639441368, 3, 319, 872, 509, 0, 0.92%, 12, 0, 2, 1424.78
1639441373, 3, 339, 872, 506, 0, 0.92%, 12, 0, 2, 1435.58
1639441378, 3, 370, 872, 503, 0, 0.92%, 12, 0, 2, 1429.18
1639441383, 3, 413, 872, 494, 0, 0.92%, 12, 0, 2, 1441.49
1639441388, 3, 440, 872, 488, 0, 0.92%, 12, 0, 2, 1364.66
