# unix_time, cycles_done, cur_path, paths_total, pending_total, pending_favs, map_size, unique_crashes, unique_hangs, max_depth, execs_per_sec
1639551856, 0, 0, 756, 756, 98, 0.96%, 0, 0, 1, 1163.75
1639551862, 0, 87, 756, 746, 89, 0.96%, 7, 0, 1, 1305.84
1639551867, 0, 115, 756, 738, 81, 0.96%, 7, 0, 1, 1380.83
1639551872, 0, 178, 756, 728, 71, 0.96%, 7, 0, 1, 1379.81
1639551877, 0, 282, 756, 716, 61, 0.96%, 7, 0, 1, 1403.19
1639551882, 0, 356, 756, 708, 53, 0.96%, 7, 0, 1, 1421.31
1639551887, 0, 451, 756, 700, 45, 0.96%, 7, 0, 1, 1405.68
1639551892, 0, 499, 756, 691, 37, 0.96%, 7, 0, 1, 1386.71
1639551897, 0, 577, 756, 681, 28, 0.96%, 8, 0, 1, 1431.65
1639551902, 0, 624, 756, 671, 18, 0.96%, 8, 0, 1, 1448.51
1639551908, 0, 672, 756, 663, 11, 0.96%, 8, 0, 1, 1439.84
1639551913, 0, 719, 756, 656, 4, 0.96%, 8, 0, 1, 1442.65
1639551918, 1, 7, 756, 649, 0, 0.96%, 8, 0, 1, 1443.14
1639551923, 1, 37, 756, 642, 0, 0.96%, 8, 0, 1, 1433.71
1639551928, 1, 50, 756, 637, 0, 0.96%, 8, 0, 1, 1429.74
1639551933, 1, 87, 756, 629, 0, 0.96%, 8, 0, 1, 1447.18
1639551938, 1, 103, 756, 626, 0, 0.96%, 8, 0, 1, 1420.14
1639551943, 1, 130, 756, 621, 0, 0.96%, 8, 0, 1, 1436.68
1639551948, 1, 152, 756, 613, 0, 0.96%, 8, 0, 1, 1572.19
1639551953, 1, 168, 756, 609, 0, 0.96%, 8, 0, 1, 1450.71
1639551958, 1, 200, 756, 602, 0, 0.96%, 8, 0, 1, 1443.95
1639551963, 1, 224, 756, 595, 0, 0.96%, 8, 0, 1, 1427.21
1639551968, 1, 264, 756, 588, 0, 0.96%, 8, 0, 1, 1432.06
1639551974, 1, 296, 756, 583, 0, 0.96%, 9, 0, 1, 1437.95
1639551979, 1, 313, 756, 579, 0, 0.96%, 9, 0, 1, 1409.67
1639551984, 1, 347, 756, 573, 0, 0.96%, 9, 0, 1, 1397.76
1639551989, 1, 372, 756, 567, 0, 0.96%, 9, 0, 1, 1399.50
1639551994, 1, 411, 756, 560, 0, 0.96%, 9, 0, 1, 1404.12
1639551999, 1, 426, 756, 554, 0, 0.96%, 9, 0, 1, 1428.55
1639552004, 1, 457, 756, 548, 0, 0.96%, 9, 0, 1, 1401.71
1639552009, 1, 476, 756, 543, 0, 0.96%, 9, 0, 1, 1399.93
1639552015, 1, 508, 756, 538, 0, 0.96%, 9, 0, 1, 1423.72
1639552020, 1, 535, 756, 535, 0, 0.96%, 10, 0, 1, 1432.03
1639552025, 1, 548, 756, 529, 0, 0.96%, 10, 0, 1, 1436.83
1639552030, 1, 576, 756, 520, 0, 0.96%, 11, 0, 1, 1417.64
1639552035, 1, 596, 756, 515, 0, 0.96%, 11, 0, 1, 1427.41
1639552040, 1, 620, 756, 510, 0, 0.96%, 11, 0, 1, 1398.31
1639552046, 1, 644, 756, 507, 0, 0.96%, 11, 0, 1, 1418.01
1639552051, 1, 676, 756, 503, 0, 0.96%, 11, 0, 1, 1428.05
1639552056, 1, 704, 756, 498, 0, 0.96%, 11, 0, 1, 1426.72
1639552061, 1, 721, 756, 493, 0, 0.96%, 11, 0, 1, 1426.26
1639552066, 1, 750, 756, 485, 0, 0.96%, 11, 0, 1, 1439.27
1639552071, 2, 704, 757, 481, 1, 0.96%, 12, 0, 2, 1428.11
1639552077, 3, 19, 758, 479, 0, 0.96%, 12, 0, 2, 1423.90
1639552082, 3, 63, 758, 473, 0, 0.96%, 12, 0, 2, 1442.57
1639552087, 3, 101, 758, 469, 0, 0.96%, 12, 0, 2, 1441.18
1639552092, 3, 126, 758, 467, 0, 0.96%, 12, 0, 2, 1421.24
1639552097, 3, 153, 758, 461, 0, 0.96%, 12, 0, 2, 1427.68
1639552102, 3, 181, 758, 458, 0, 0.96%, 12, 0, 2, 1418.70
1639552107, 3, 236, 758, 450, 0, 0.96%, 12, 0, 2, 1428.23
1639552112, 3, 264, 758, 443, 0, 0.96%, 12, 0, 2, 1444.39
1639552117, 3, 284, 758, 440, 0, 0.96%, 12, 0, 2, 1432.47
1639552123, 3, 333, 758, 434, 0, 0.96%, 12, 0, 2, 1445.81
1639552128, 3, 368, 758, 430, 0, 0.96%, 12, 0, 2, 1437.02
1639552133, 3, 398, 758, 424, 0, 0.96%, 12, 0, 2, 1412.71
1639552138, 3, 433, 758, 420, 0, 0.96%, 12, 0, 2, 1411.03
1639552143, 3, 475, 758, 415, 0, 0.96%, 13, 0, 2, 1437.82
1639552148, 3, 509, 758, 411, 0, 0.96%, 13, 0, 2, 1445.45
