# unix_time, cycles_done, cur_path, paths_total, pending_total, pending_favs, map_size, unique_crashes, unique_hangs, max_depth, execs_per_sec
1639512896, 0, 0, 626, 626, 92, 0.89%, 0, 0, 1, 1289.39
1639512901, 0, 67, 626, 618, 84, 0.89%, 5, 0, 1, 1360.46
1639512907, 0, 123, 626, 610, 77, 0.89%, 5, 0, 1, 1407.93
1639512912, 0, 220, 626, 599, 66, 0.89%, 6, 0, 1, 1443.66
1639512917, 0, 297, 626, 587, 54, 0.89%, 7, 0, 1, 1458.17
1639512922, 0, 357, 626, 577, 47, 0.89%, 8, 0, 1, 1459.77
1639512927, 0, 384, 626, 569, 39, 0.89%, 9, 0, 1, 1465.00
1639512932, 0, 430, 626, 561, 32, 0.89%, 11, 0, 1, 1440.86
1639512937, 0, 462, 626, 553, 25, 0.89%, 11, 0, 1, 1454.34
1639512942, 0, 522, 626, 543, 15, 0.89%, 11, 0, 1, 1419.40
1639512947, 0, 575, 626, 536, 8, 0.89%, 11, 0, 1, 1376.89
1639512952, 1, 1, 626, 526, 0, 0.89%, 12, 0, 1, 1340.18
1639512957, 1, 31, 626, 521, 0, 0.89%, 12, 0, 1, 1395.37
1639512962, 1, 65, 626, 514, 0, 0.89%, 12, 0, 1, 1385.14
1639512967, 1, 89, 626, 510, 0, 0.89%, 12, 0, 1, 1407.80
1639512973, 1, 112, 626, 505, 0, 0.89%, 12, 0, 1, 1422.76
1639512978, 1, 134, 626, 497, 0, 0.89%, 13, 0, 1, 1431.00
1639512983, 1, 160, 626, 492, 0, 0.89%, 13, 0, 1, 1423.88
1639512988, 1, 194, 626, 484, 0, 0.89%, 14, 0, 1, 1428.34
1639512993, 1, 216, 626, 477, 0, 0.89%, 14, 0, 1, 1435.62
1639512998, 1, 244, 626, 471, 0, 0.89%, 14, 0, 1, 1425.86
1639513003, 1, 267, 626, 466, 0, 0.89%, 14, 0, 1, 1398.59
1639513008, 1, 290, 627, 462, 0, 0.89%, 14, 0, 2, 1414.48
1639513013, 1, 311, 627, 455, 0, 0.89%, 14, 0, 2, 1443.40
1639513018, 1, 326, 628, 451, 0, 0.89%, 14, 0, 2, 1459.08
1639513023, 1, 350, 628, 446, 0, 0.89%, 14, 0, 2, 1460.44
1639513028, 1, 379, 628, 444, 0, 0.89%, 16, 0, 2, 1460.20
1639513033, 1, 628, 629, 439, 1, 0.89%, 16, 0, 2, 1450.00
1639513039, 2, 39, 629, 432, 0, 0.89%, 16, 0, 2, 1785.30
1639513044, 2, 65, 629, 426, 0, 0.89%, 16, 0, 2, 1529.98
1639513049, 2, 91, 629, 422, 0, 0.89%, 16, 0, 2, 1475.02
1639513054, 2, 123, 629, 417, 0, 0.89%, 16, 0, 2, 1444.56
1639513059, 2, 174, 629, 413, 0, 0.89%, 16, 0, 2, 1463.32
1639513064, 2, 207, 629, 407, 0, 0.89%, 16, 0, 2, 1464.40
1639513069, 2, 247, 629, 403, 0, 0.89%, 18, 0, 2, 1419.23
1639513074, 2, 282, 629, 399, 0, 0.89%, 18, 0, 2, 1424.11
1639513079, 2, 320, 629, 396, 0, 0.89%, 18, 0, 2, 1420.00
1639513084, 2, 350, 629, 392, 0, 0.89%, 18, 0, 2, 1415.42
1639513089, 2, 373, 629, 389, 0, 0.89%, 18, 0, 2, 1441.02
1639513094, 2, 405, 629, 385, 0, 0.89%, 18, 0, 2, 1462.26
1639513099, 2, 427, 629, 380, 0, 0.89%, 18, 0, 2, 1445.76
1639513104, 2, 447, 629, 375, 0, 0.89%, 19, 0, 2, 1460.73
1639513109, 2, 468, 629, 371, 0, 0.89%, 19, 0, 2, 1455.02
1639513115, 2, 507, 629, 366, 0, 0.89%, 19, 0, 2, 1378.34
1639513120, 2, 528, 629, 362, 0, 0.89%, 19, 0, 2, 1429.49
1639513125, 2, 555, 629, 355, 0, 0.89%, 19, 0, 2, 1457.46
1639513130, 2, 575, 629, 350, 0, 0.89%, 19, 0, 2, 1447.63
1639513135, 2, 607, 629, 346, 0, 0.89%, 19, 0, 2, 1462.79
1639513140, 2, 626, 632, 344, 0, 0.89%, 19, 0, 3, 1454.08
1639513145, 2, 631, 634, 344, 0, 0.89%, 19, 0, 3, 1455.09
1639513150, 3, 22, 635, 340, 0, 0.89%, 21, 0, 4, 1460.78
1639513155, 3, 51, 635, 333, 0, 0.89%, 21, 0, 4, 1455.41
1639513160, 3, 88, 636, 332, 0, 0.89%, 21, 0, 4, 1446.57
1639513166, 3, 112, 636, 328, 0, 0.89%, 21, 0, 4, 1447.07
1639513171, 3, 144, 636, 322, 0, 0.89%, 21, 0, 4, 1438.54
1639513176, 3, 173, 636, 317, 0, 0.89%, 22, 0, 4, 1438.67
1639513181, 3, 219, 636, 314, 0, 0.89%, 22, 0, 4, 1446.69
1639513186, 3, 264, 636, 308, 0, 0.89%, 22, 0, 4, 1421.40
1639513191, 3, 286, 636, 304, 0, 0.89%, 22, 0, 4, 1416.56
