# unix_time, cycles_done, cur_path, paths_total, pending_total, pending_favs, map_size, unique_crashes, unique_hangs, max_depth, execs_per_sec
1639479448, 0, 0, 1, 1, 1, 0.12%, 0, 0, 1, 1000.00
1639479454, 0, 0, 75, 75, 1, 0.45%, 4, 0, 2, 1283.31
1639479459, 0, 10, 107, 103, 36, 0.48%, 6, 0, 3, 1358.31
1639479464, 0, 16, 132, 123, 36, 0.50%, 6, 0, 3, 1371.88
1639479469, 0, 40, 145, 126, 29, 0.51%, 7, 0, 3, 1380.84
1639479474, 0, 62, 156, 130, 23, 0.53%, 7, 0, 3, 1387.60
1639479479, 0, 79, 167, 134, 20, 0.54%, 7, 0, 3, 1388.59
1639479484, 0, 133, 174, 133, 13, 0.55%, 7, 0, 4, 1396.17
1639479489, 0, 141, 186, 144, 12, 0.57%, 7, 0, 4, 1389.66
1639479494, 0, 152, 196, 149, 16, 0.60%, 7, 0, 4, 1397.10
1639479500, 0, 176, 204, 153, 15, 0.60%, 8, 0, 5, 1377.20
1639479505, 0, 180, 210, 157, 14, 0.61%, 8, 0, 5, 1346.12
1639479510, 0, 184, 213, 157, 14, 0.61%, 8, 0, 5, 1359.83
1639479515, 0, 189, 221, 164, 13, 0.62%, 8, 0, 5, 1386.79
1639479520, 0, 193, 225, 166, 15, 0.63%, 9, 0, 5, 1384.19
1639479525, 0, 198, 232, 171, 13, 0.63%, 9, 0, 5, 1368.65
1639479530, 0, 201, 235, 172, 14, 0.63%, 9, 0, 5, 1378.76
1639479535, 0, 209, 238, 174, 13, 0.63%, 9, 0, 6, 1386.62
1639479540, 0, 210, 243, 178, 12, 0.66%, 10, 0, 6, 1386.53
1639479545, 0, 214, 245, 177, 10, 0.67%, 11, 0, 6, 1376.58
1639479550, 0, 216, 248, 178, 9, 0.67%, 11, 0, 6, 1373.37
1639479555, 0, 231, 249, 176, 8, 0.67%, 12, 0, 6, 1372.24
1639479560, 0, 239, 253, 178, 7, 0.67%, 12, 0, 7, 1390.13
1639479565, 0, 248, 257, 179, 5, 0.67%, 13, 0, 7, 1393.06
1639479570, 0, 255, 261, 181, 4, 0.67%, 13, 0, 8, 1376.25
1639479576, 0, 261, 264, 182, 5, 0.68%, 13, 0, 9, 1391.14
1639479581, 0, 262, 268, 185, 5, 0.68%, 13, 0, 9, 1369.98
1639479586, 0, 264, 270, 186, 4, 0.68%, 13, 0, 10, 1389.71
1639479591, 0, 268, 271, 186, 4, 0.68%, 13, 0, 11, 1388.81
1639479596, 1, 239, 274, 184, 1, 0.69%, 13, 0, 11, 1377.47
1639479601, 1, 275, 278, 187, 1, 0.69%, 13, 0, 11, 1404.67
1639479606, 1, 276, 279, 187, 0, 0.69%, 13, 0, 11, 1404.32
1639479611, 1, 277, 282, 189, 0, 0.69%, 13, 0, 11, 1385.83
1639479616, 1, 282, 286, 192, 2, 0.72%, 13, 0, 11, 1399.80
1639479622, 1, 282, 290, 196, 2, 0.73%, 13, 0, 11, 1388.04
1639479627, 1, 286, 290, 194, 4, 0.73%, 13, 0, 11, 1404.52
1639479632, 1, 287, 291, 194, 3, 0.73%, 13, 0, 11, 1395.00
1639479637, 1, 288, 292, 194, 2, 0.73%, 13, 0, 11, 1375.85
1639479642, 1, 288, 293, 195, 2, 0.74%, 13, 0, 11, 1391.86
1639479647, 1, 289, 293, 194, 2, 0.74%, 13, 0, 11, 1406.74
1639479652, 1, 292, 302, 202, 2, 0.75%, 13, 0, 11, 1394.38
1639479657, 1, 292, 305, 205, 2, 0.75%, 13, 0, 11, 1394.89
1639479662, 1, 296, 308, 206, 5, 0.76%, 13, 0, 11, 1384.28
1639479667, 1, 296, 313, 211, 5, 0.77%, 13, 0, 11, 1382.07
1639479672, 1, 297, 313, 210, 6, 0.77%, 13, 0, 11, 2030.67
1639479677, 1, 299, 315, 211, 5, 0.77%, 13, 0, 11, 1551.62
1639479682, 1, 299, 317, 213, 5, 0.77%, 13, 0, 11, 1425.02
1639479687, 1, 302, 318, 213, 7, 0.77%, 13, 0, 11, 1403.68
1639479692, 1, 302, 319, 214, 7, 0.77%, 13, 0, 11, 1390.69
1639479697, 1, 307, 322, 216, 7, 0.77%, 13, 0, 11, 1414.62
1639479702, 1, 307, 325, 219, 7, 0.77%, 13, 0, 11, 1398.75
1639479707, 1, 308, 327, 220, 6, 0.78%, 13, 0, 11, 1360.49
1639479712, 1, 308, 328, 221, 6, 0.78%, 13, 0, 11, 1369.96
1639479717, 1, 311, 330, 222, 7, 0.78%, 13, 0, 11, 1381.08
1639479722, 1, 311, 332, 224, 7, 0.78%, 13, 0, 11, 1369.57
1639479727, 1, 314, 334, 225, 6, 0.78%, 13, 0, 11, 1395.73
1639479737, 1, 315, 339, 229, 5, 0.78%, 13, 0, 11, 1381.58
1639479743, 1, 315, 340, 230, 5, 0.78%, 13, 0, 11, 1387.24
1639479748, 1, 316, 340, 229, 5, 0.78%, 13, 0, 11, 1399.80
