# unix_time, cycles_done, cur_path, paths_total, pending_total, pending_favs, map_size, unique_crashes, unique_hangs, max_depth, execs_per_sec
1639545927, 0, 0, 288, 288, 67, 0.67%, 0, 0, 1, 1108.76
1639545932, 0, 60, 290, 279, 56, 0.67%, 1, 0, 2, 1337.08
1639545937, 0, 92, 291, 270, 46, 0.71%, 1, 0, 2, 1409.86
1639545942, 0, 123, 291, 261, 37, 0.71%, 2, 0, 2, 1418.49
1639545947, 0, 166, 291, 250, 26, 0.71%, 3, 0, 2, 1399.96
1639545952, 0, 220, 292, 242, 18, 0.71%, 3, 0, 2, 1432.14
1639545957, 0, 268, 292, 232, 8, 0.71%, 3, 0, 2, 1429.38
1639545962, 1, 6, 292, 224, 0, 0.71%, 4, 0, 2, 1429.96
1639545968, 1, 41, 293, 220, 0, 0.71%, 4, 0, 2, 1451.20
1639545973, 1, 57, 293, 215, 0, 0.71%, 4, 0, 2, 1454.31
1639545978, 1, 81, 293, 211, 0, 0.71%, 4, 0, 2, 1448.42
1639545983, 1, 94, 293, 206, 0, 0.71%, 4, 0, 2, 1445.28
1639545988, 1, 118, 294, 205, 0, 0.71%, 5, 0, 2, 1438.03
1639545993, 1, 140, 294, 200, 0, 0.71%, 5, 0, 2, 1417.82
1639545998, 1, 161, 294, 195, 0, 0.71%, 5, 0, 2, 1451.20
1639546003, 1, 177, 294, 191, 0, 0.71%, 5, 0, 2, 1437.05
1639546008, 1, 199, 294, 186, 0, 0.71%, 5, 0, 2, 1436.34
1639546013, 1, 217, 294, 180, 0, 0.71%, 6, 0, 2, 1428.74
1639546018, 1, 237, 295, 175, 0, 0.71%, 6, 0, 2, 1428.14
1639546024, 1, 251, 295, 172, 0, 0.71%, 6, 0, 2, 1435.80
1639546029, 1, 268, 295, 167, 0, 0.71%, 6, 0, 2, 1439.13
1639546034, 1, 284, 295, 164, 0, 0.71%, 7, 0, 2, 1451.36
1639546039, 1, 293, 295, 160, 0, 0.71%, 7, 0, 2, 1390.54
1639546044, 2, 15, 295, 154, 0, 0.71%, 7, 0, 2, 1394.08
1639546049, 2, 41, 295, 147, 0, 0.71%, 7, 0, 2, 1396.91
1639546054, 2, 75, 295, 143, 0, 0.71%, 7, 0, 2, 1348.76
1639546059, 2, 241, 296, 143, 1, 0.72%, 7, 0, 2, 1401.46
1639546064, 2, 295, 301, 148, 1, 0.76%, 7, 0, 3, 1428.63
1639546070, 2, 298, 305, 149, 6, 0.77%, 7, 0, 4, 1411.15
1639546075, 2, 301, 305, 146, 3, 0.77%, 7, 0, 4, 1435.99
1639546080, 2, 304, 305, 144, 1, 0.77%, 7, 0, 4, 1426.99
1639546085, 3, 27, 305, 140, 0, 0.77%, 7, 0, 4, 1419.76
1639546090, 4, 15, 306, 138, 0, 0.77%, 7, 0, 4, 1442.56
1639546095, 4, 40, 306, 133, 0, 0.77%, 7, 0, 4, 1436.79
1639546100, 4, 67, 306, 131, 0, 0.77%, 7, 0, 4, 1409.89
1639546105, 4, 88, 306, 127, 0, 0.77%, 8, 0, 4, 1427.02
1639546110, 4, 108, 307, 126, 0, 0.77%, 8, 0, 4, 1420.11
1639546115, 4, 140, 307, 122, 0, 0.77%, 8, 0, 4, 1438.12
1639546121, 4, 166, 307, 119, 0, 0.77%, 8, 0, 4, 1434.24
1639546126, 4, 196, 307, 112, 0, 0.77%, 8, 0, 4, 1449.31
1639546131, 4, 241, 307, 109, 0, 0.77%, 8, 0, 4, 1439.83
1639546136, 4, 260, 308, 107, 0, 0.77%, 8, 0, 4, 1449.57
1639546141, 4, 277, 308, 104, 0, 0.77%, 9, 0, 4, 1436.52
1639546146, 4, 297, 308, 101, 0, 0.77%, 10, 0, 4, 1444.77
1639546151, 4, 309, 311, 104, 1, 0.77%, 10, 0, 5, 1438.57
1639546161, 4, 310, 312, 104, 0, 0.77%, 10, 0, 6, 1427.49
1639546166, 4, 311, 312, 103, 0, 0.77%, 10, 0, 6, 1424.92
1639546171, 5, 22, 312, 101, 0, 0.77%, 10, 0, 6, 1391.54
1639546176, 5, 55, 312, 100, 0, 0.77%, 10, 0, 6, 1428.48
1639546181, 5, 312, 315, 101, 1, 0.77%, 10, 0, 6, 1434.58
1639546186, 5, 314, 318, 103, 1, 0.77%, 10, 0, 6, 1428.80
1639546191, 5, 316, 318, 102, 0, 0.77%, 10, 0, 6, 1443.73
1639546196, 6, 7, 319, 102, 0, 0.77%, 10, 0, 6, 1425.87
1639546201, 6, 44, 320, 101, 0, 0.77%, 10, 0, 6, 1411.06
1639546207, 6, 75, 320, 96, 0, 0.77%, 10, 0, 6, 1446.41
1639546212, 6, 95, 321, 95, 0, 0.77%, 10, 0, 6, 1429.37
1639546217, 6, 138, 321, 92, 0, 0.77%, 10, 0, 6, 1863.39
1639546222, 6, 162, 321, 90, 0, 0.77%, 10, 0, 6, 1495.41
