# unix_time, cycles_done, cur_path, paths_total, pending_total, pending_favs, map_size, unique_crashes, unique_hangs, max_depth, execs_per_sec
1639450888, 0, 0, 988, 988, 88, 0.83%, 0, 0, 1, 1173.05
1639450894, 0, 146, 990, 980, 80, 0.84%, 3, 0, 2, 1322.52
1639450899, 0, 208, 993, 976, 73, 0.84%, 5, 0, 2, 1358.76
1639450904, 0, 266, 994, 968, 69, 0.85%, 5, 0, 2, 1348.87
1639450909, 0, 394, 994, 960, 61, 0.85%, 6, 0, 2, 1335.36
1639450914, 0, 514, 994, 949, 51, 0.85%, 7, 0, 2, 1321.19
1639450919, 0, 614, 994, 938, 41, 0.85%, 7, 0, 2, 1345.41
1639450924, 0, 677, 994, 931, 36, 0.85%, 8, 0, 2, 1331.48
1639450929, 0, 747, 995, 924, 29, 0.86%, 8, 0, 2, 1323.30
1639450934, 0, 856, 995, 917, 22, 0.86%, 8, 0, 2, 1340.11
1639450939, 0, 949, 995, 911, 16, 0.86%, 8, 0, 2, 1337.61
1639450945, 0, 988, 995, 902, 7, 0.86%, 8, 0, 2, 1339.62
1639450950, 1, 12, 1001, 899, 0, 0.86%, 8, 0, 3, 1325.63
1639450955, 1, 34, 1001, 893, 0, 0.86%, 8, 0, 3, 1319.20
1639450960, 1, 76, 1001, 884, 0, 0.86%, 8, 0, 3, 1327.37
1639450965, 1, 101, 1001, 876, 0, 0.86%, 8, 0, 3, 1333.61
1639450970, 1, 137, 1001, 872, 0, 0.86%, 8, 0, 3, 1389.76
1639450975, 1, 168, 1001, 866, 0, 0.86%, 8, 0, 3, 1387.53
1639450980, 1, 353, 1001, 859, 0, 0.86%, 8, 0, 3, 1403.85
1639450985, 1, 398, 1001, 856, 0, 0.86%, 8, 0, 3, 1383.56
1639450990, 1, 423, 1002, 852, 0, 0.86%, 8, 0, 3, 1370.74
1639450996, 1, 446, 1002, 846, 0, 0.86%, 8, 0, 3, 1358.90
1639451001, 1, 472, 1002, 841, 0, 0.86%, 8, 0, 3, 1343.23
1639451006, 1, 520, 1002, 832, 0, 0.86%, 8, 0, 3, 1375.92
1639451011, 1, 550, 1002, 826, 0, 0.86%, 9, 0, 3, 1378.85
1639451016, 1, 576, 1002, 818, 0, 0.86%, 9, 0, 3, 1398.79
1639451021, 1, 608, 1002, 810, 0, 0.86%, 9, 0, 3, 1360.08
1639451026, 1, 666, 1002, 803, 0, 0.86%, 11, 0, 3, 1391.08
1639451031, 1, 694, 1002, 796, 0, 0.86%, 11, 0, 3, 1430.20
1639451037, 1, 727, 1002, 791, 0, 0.86%, 11, 0, 3, 1390.08
1639451042, 1, 752, 1002, 786, 0, 0.86%, 11, 0, 3, 1393.15
1639451047, 1, 786, 1002, 779, 0, 0.86%, 11, 0, 3, 1355.62
1639451052, 1, 806, 1002, 771, 0, 0.86%, 11, 0, 3, 1732.88
1639451057, 1, 849, 1002, 764, 0, 0.86%, 11, 0, 3, 1477.54
1639451062, 1, 881, 1002, 758, 0, 0.86%, 11, 0, 3, 1423.83
1639451067, 1, 894, 1002, 755, 0, 0.86%, 11, 0, 3, 1401.27
1639451072, 1, 922, 1002, 748, 0, 0.86%, 11, 0, 3, 1399.29
1639451078, 1, 947, 1003, 744, 0, 0.86%, 11, 0, 3, 1384.90
1639451083, 1, 970, 1003, 742, 0, 0.86%, 11, 0, 3, 1369.89
1639451088, 1, 989, 1003, 738, 0, 0.86%, 11, 0, 3, 1412.78
1639451093, 2, 20, 1003, 733, 0, 0.86%, 11, 0, 3, 1417.22
1639451098, 2, 61, 1003, 726, 0, 0.86%, 11, 0, 3, 1424.92
1639451103, 2, 116, 1003, 720, 0, 0.86%, 11, 0, 3, 1425.51
1639451108, 2, 143, 1003, 714, 0, 0.86%, 11, 0, 3, 1424.18
1639451113, 2, 162, 1003, 710, 0, 0.86%, 11, 0, 3, 1400.09
1639451118, 2, 188, 1003, 705, 0, 0.86%, 11, 0, 3, 1414.87
1639451123, 2, 220, 1003, 699, 0, 0.86%, 11, 0, 3, 1425.41
1639451129, 2, 241, 1003, 694, 0, 0.86%, 11, 0, 3, 1385.68
1639451134, 2, 262, 1003, 688, 0, 0.86%, 11, 0, 3, 1296.02
1639451139, 2, 286, 1003, 681, 0, 0.86%, 11, 0, 3, 1397.12
1639451144, 2, 310, 1003, 673, 0, 0.86%, 11, 0, 3, 1418.54
1639451149, 2, 327, 1003, 666, 0, 0.86%, 11, 0, 3, 1397.97
1639451154, 2, 363, 1003, 660, 0, 0.86%, 11, 0, 3, 1430.89
1639451159, 2, 394, 1003, 653, 0, 0.86%, 11, 0, 3, 1439.13
1639451164, 2, 440, 1003, 648, 0, 0.86%, 11, 0, 3, 1425.81
1639451169, 2, 476, 1003, 643, 0, 0.86%, 11, 0, 3, 1421.49
1639451175, 2, 500, 1003, 637, 0, 0.86%, 11, 0, 3, 1389.86
1639451180, 2, 527, 1003, 630, 0, 0.86%, 11, 0, 3, 1340.00
